        2000           1
      0
      1.
    -0.5000000000000024E+00
    -0.1656452752740734E-12
  0.4539992976248485E-04  0.9079573731118312E-04
  0.4582243352581581E-04  0.9164066775689725E-04
  0.4624886922100135E-04  0.9249346062499841E-04
  0.4667927343964006E-04  0.9335418907173304E-04
  0.4711368311386162E-04  0.9422292693390579E-04
  0.4755213551949590E-04  0.9509974873520829E-04
  0.4799466827927150E-04  0.9598472969260677E-04
  0.4844131936604409E-04  0.9687794572278876E-04
  0.4889212710605480E-04  0.9777947344867008E-04
  0.4934713018221888E-04  0.9868939020596195E-04
  0.4980636763744505E-04  0.9960777404979928E-04
  0.5026987887798566E-04  0.1005347037614306E-03
  0.5073770367681808E-04  0.1014702588549700E-03
  0.5120988217705754E-04  0.1024145195842120E-03
  0.5168645489540171E-04  0.1033675669495093E-03
  0.5216746272560739E-04  0.1043294827047153E-03
  0.5265294694199949E-04  0.1053003493641900E-03
  0.5314294920301274E-04  0.1062802502098720E-03
  0.5363751155476626E-04  0.1072692692984154E-03
  0.5413667643467148E-04  0.1082674914683939E-03
  0.5464048667507366E-04  0.1092750023475705E-03
  0.5514898550692714E-04  0.1102918883602365E-03
  0.5566221656350502E-04  0.1113182367346169E-03
  0.5618022388414314E-04  0.1123541355103457E-03
  0.5670305191801909E-04  0.1133996735460106E-03
  0.5723074552796627E-04  0.1144549405267674E-03
  0.5776334999432346E-04  0.1155200269720249E-03
  0.5830091101882029E-04  0.1165950242432021E-03
  0.5884347472849874E-04  0.1176800245515568E-03
  0.5939108767967129E-04  0.1187751209660867E-03
  0.5994379686191578E-04  0.1198804074215046E-03
  0.6050164970210748E-04  0.1209959787262873E-03
  0.6106469406848874E-04  0.1221219305707991E-03
  0.6163297827477642E-04  0.1232583595354909E-03
  0.6220655108430764E-04  0.1244053630991757E-03
  0.6278546171422403E-04  0.1255630396473805E-03
  0.6336975983969494E-04  0.1267314884807764E-03
  0.6395949559818006E-04  0.1279108098236860E-03
  0.6455471959373150E-04  0.1291011048326711E-03
  0.6515548290133610E-04  0.1303024756051990E-03
  0.6576183707129801E-04  0.1315150251883899E-03
  0.6637383413366219E-04  0.1327388575878455E-03
  0.6699152660267897E-04  0.1339740777765596E-03
  0.6761496748131016E-04  0.1352207917039106E-03
  0.6824421026577719E-04  0.1364791063047393E-03
  0.6887930895015150E-04  0.1377491295085092E-03
  0.6952031803098762E-04  0.1390309702485532E-03
  0.7016729251199947E-04  0.1403247384714047E-03
  0.7082028790878004E-04  0.1416305451462171E-03
  0.7147936025356518E-04  0.1429485022742694E-03
  0.7214456610004154E-04  0.1442787228985607E-03
  0.7281596252819933E-04  0.1456213211134935E-03
  0.7349360714923026E-04  0.1469764120746474E-03
  0.7417755811047108E-04  0.1483441120086424E-03
  0.7486787410039299E-04  0.1497245382230956E-03
  0.7556461435363767E-04  0.1511178091166683E-03
  0.7626783865610006E-04  0.1525240441892081E-03
  0.7697760735005843E-04  0.1539433640519841E-03
  0.7769398133935230E-04  0.1553758904380175E-03
  0.7841702209460842E-04  0.1568217462125079E-03
  0.7914679165851547E-04  0.1582810553833569E-03
  0.7988335265114781E-04  0.1597539431117887E-03
  0.8062676827533878E-04  0.1612405357230700E-03
  0.8137710232210404E-04  0.1627409607173283E-03
  0.8213441917611531E-04  0.1642553467804725E-03
  0.8289878382122511E-04  0.1657838237952124E-03
  0.8367026184604287E-04  0.1673265228521828E-03
  0.8444891944956304E-04  0.1688835762611694E-03
  0.8523482344684536E-04  0.1704551175624394E-03
  0.8602804127474825E-04  0.1720412815381774E-03
  0.8682864099771537E-04  0.1736422042240267E-03
  0.8763669131361612E-04  0.1752580229207389E-03
  0.8845226155964044E-04  0.1768888762059304E-03
  0.8927542171824851E-04  0.1785349039459494E-03
  0.9010624242317583E-04  0.1801962473078509E-03
  0.9094479496549412E-04  0.1818730487714852E-03
  0.9179115129972870E-04  0.1835654521416971E-03
  0.9264538405003272E-04  0.1852736025606388E-03
  0.9350756651641895E-04  0.1869976465201965E-03
  0.9437777268104948E-04  0.1887377318745335E-03
  0.9525607721458395E-04  0.1904940078527483E-03
  0.9614255548258697E-04  0.1922666250716510E-03
  0.9703728355199502E-04  0.1940557355486580E-03
  0.9794033819764360E-04  0.1958614927148063E-03
  0.9885179690885520E-04  0.1976840514278888E-03
  0.9977173789608842E-04  0.1995235679857108E-03
  0.1007002400976491E-03  0.2013802001394702E-03
  0.1016373831864639E-03  0.2032541071072617E-03
  0.1025832475769166E-03  0.2051454495877057E-03
  0.1035379144317489E-03  0.2070543897737043E-03
  0.1045014656690242E-03  0.2089810913663248E-03
  0.1054739839691571E-03  0.2109257195888113E-03
  0.1064555527820080E-03  0.2128884412007272E-03
  0.1074462563340440E-03  0.2148694245122282E-03
  0.1084461796355657E-03  0.2168688393984681E-03
  0.1094554084880022E-03  0.2188868573141379E-03
  0.1104740294912735E-03  0.2209236513081398E-03
  0.1115021300512212E-03  0.2229793960383975E-03
  0.1125397983871090E-03  0.2250542677868036E-03
  0.1135871235391922E-03  0.2271484444743055E-03
  0.1146441953763584E-03  0.2292621056761319E-03
  0.1157111046038389E-03  0.2313954326371593E-03
  0.1167879427709918E-03  0.2335486082874223E-03
  0.1178748022791578E-03  0.2357218172577662E-03
  0.1189717763895889E-03  0.2379152458956467E-03
  0.1200789592314511E-03  0.2401290822810740E-03
  0.1211964458099011E-03  0.2423635162427062E-03
  0.1223243320142391E-03  0.2446187393740911E-03
  0.1234627146261362E-03  0.2468949450500591E-03
  0.1246116913279395E-03  0.2491923284432674E-03
  0.1257713607110537E-03  0.2515110865408985E-03
  0.1269418222844015E-03  0.2538514181615125E-03
  0.1281231764829617E-03  0.2562135239720562E-03
  0.1293155246763877E-03  0.2585976065050297E-03
  0.1305189691777058E-03  0.2610038701758120E-03
  0.1317336132520944E-03  0.2634325213001477E-03
  0.1329595611257448E-03  0.2658837681117941E-03
  0.1341969179948049E-03  0.2683578207803350E-03
  0.1354457900344060E-03  0.2708548914291556E-03
  0.1367062844077731E-03  0.2733751941535874E-03
  0.1379785092754204E-03  0.2759189450392193E-03
  0.1392625738044328E-03  0.2784863621803790E-03
  0.1405585881778328E-03  0.2810776656987852E-03
  0.1418666636040352E-03  0.2836930777623734E-03
  0.1431869123263898E-03  0.2863328226042955E-03
  0.1445194476328129E-03  0.2889971265420953E-03
  0.1458643838655080E-03  0.2916862179970622E-03
  0.1472218364307772E-03  0.2944003275137638E-03
  0.1485919218089246E-03  0.2971396877797594E-03
  0.1499747575642505E-03  0.2999045336454962E-03
  0.1513704623551400E-03  0.3026951021443899E-03
  0.1527791559442442E-03  0.3055116325130909E-03
  0.1542009592087574E-03  0.3083543662119390E-03
  0.1556359941507889E-03  0.3112235469456062E-03
  0.1570843839078321E-03  0.3141194206839319E-03
  0.1585462527633304E-03  0.3170422356829508E-03
  0.1600217261573417E-03  0.3199922425061144E-03
  0.1615109306973025E-03  0.3229696940457108E-03
  0.1630139941688915E-03  0.3259748455444815E-03
  0.1645310455469947E-03  0.3290079546174385E-03
  0.1660622150067727E-03  0.3320692812738840E-03
  0.1676076339348304E-03  0.3351590879396331E-03
  0.1691674349404915E-03  0.3382776394794431E-03
  0.1707417518671768E-03  0.3414252032196499E-03
  0.1723307198038896E-03  0.3446020489710132E-03
  0.1739344750968073E-03  0.3478084490517754E-03
  0.1755531553609808E-03  0.3510446783109307E-03
  0.1771868994921430E-03  0.3543110141517128E-03
  0.1788358476786276E-03  0.3576077365552975E-03
  0.1805001414133976E-03  0.3609351281047260E-03
  0.1821799235061873E-03  0.3642934740090487E-03
  0.1838753380957560E-03  0.3676830621276936E-03
  0.1855865306622565E-03  0.3711041829950582E-03
  0.1873136480397184E-03  0.3745571298453312E-03
  0.1890568384286478E-03  0.3780421986375424E-03
  0.1908162514087437E-03  0.3815596880808440E-03
  0.1925920379517334E-03  0.3851098996600274E-03
  0.1943843504343273E-03  0.3886931376612740E-03
  0.1961933426512935E-03  0.3923097091981463E-03
  0.1980191698286551E-03  0.3959599242378170E-03
  0.1998619886370096E-03  0.3996440956275426E-03
  0.2017219572049725E-03  0.4033625391213815E-03
  0.2035992351327462E-03  0.4071155734071579E-03
  0.2054939835058146E-03  0.4109035201336763E-03
  0.2074063649087661E-03  0.4147267039381874E-03
  0.2093365434392439E-03  0.4185854524741074E-03
  0.2112846847220275E-03  0.4224800964389939E-03
  0.2132509559232446E-03  0.4264109696027806E-03
  0.2152355257647149E-03  0.4303784088362725E-03
  0.2172385645384280E-03  0.4343827541399051E-03
  0.2192602441211560E-03  0.4384243486727685E-03
  0.2213007379892017E-03  0.4425035387819008E-03
  0.2233602212332841E-03  0.4466206740318511E-03
  0.2254388705735630E-03  0.4507761072345171E-03
  0.2275368643748027E-03  0.4549701944792563E-03
  0.2296543826616772E-03  0.4592032951632775E-03
  0.2317916071342178E-03  0.4634757720223123E-03
  0.2339487211834044E-03  0.4677879911615691E-03
  0.2361259099069017E-03  0.4721403220869740E-03
  0.2383233601249426E-03  0.4765331377367006E-03
  0.2405412603963583E-03  0.4809668145129899E-03
  0.2427798010347584E-03  0.4854417323142641E-03
  0.2450391741248615E-03  0.4899582745675388E-03
  0.2473195735389772E-03  0.4945168282611313E-03
  0.2496211949536423E-03  0.4991177839776746E-03
  0.2519442358664111E-03  0.5037615359274330E-03
  0.2542888956128027E-03  0.5084484819819273E-03
  0.2566553753834049E-03  0.5131790237078691E-03
  0.2590438782411387E-03  0.5179535664014095E-03
  0.2614546091386823E-03  0.5227725191227034E-03
  0.2638877749360575E-03  0.5276362947307914E-03
  0.2663435844183808E-03  0.5325453099188066E-03
  0.2688222483137776E-03  0.5374999852495041E-03
  0.2713239793114654E-03  0.5425007451911181E-03
  0.2738489920800040E-03  0.5475480181535516E-03
  0.2763975032857151E-03  0.5526422365248976E-03
  0.2789697316112751E-03  0.5577838367082996E-03
  0.2815658977744788E-03  0.5629732591591507E-03
  0.2841862245471797E-03  0.5682109484226361E-03
  0.2868309367744048E-03  0.5734973531716210E-03
  0.2895002613936483E-03  0.5788329262448901E-03
  0.2921944274543453E-03  0.5842181246857370E-03
  0.2949136661375251E-03  0.5896534097809113E-03
  0.2976582107756492E-03  0.5951392470999240E-03
  0.3004282968726323E-03  0.6006761065347150E-03
  0.3032241621240514E-03  0.6062644623396872E-03
  0.3060460464375411E-03  0.6119047931721083E-03
  0.3088941919533800E-03  0.6175975821328863E-03
  0.3117688430652683E-03  0.6233433168077192E-03
  0.3146702464412987E-03  0.6291424893086252E-03
  0.3175986510451223E-03  0.6349955963158546E-03
  0.3205543081573120E-03  0.6409031391201887E-03
  0.3235374713969241E-03  0.6468656236656275E-03
  0.3265483967432611E-03  0.6528835605924709E-03
  0.3295873425578364E-03  0.6589574652807965E-03
  0.3326545696065444E-03  0.6650878578943387E-03
  0.3357503410820357E-03  0.6712752634247699E-03
  0.3388749226263012E-03  0.6775202117363918E-03
  0.3420285823534670E-03  0.6838232376112357E-03
  0.3452115908727996E-03  0.6901848807945800E-03
  0.3484242213119275E-03  0.6966056860408852E-03
  0.3516667493402768E-03  0.7030862031601530E-03
  0.3549394531927265E-03  0.7096269870647100E-03
  0.3582426136934831E-03  0.7162285978164241E-03
  0.3615765142801771E-03  0.7228916006743543E-03
  0.3649414410281850E-03  0.7296165661428372E-03
  0.3683376826751763E-03  0.7364040700200205E-03
  0.3717655306458898E-03  0.7432546934468366E-03
  0.3752252790771398E-03  0.7501690229564313E-03
  0.3787172248430560E-03  0.7571476505240464E-03
  0.3822416675805571E-03  0.7641911736173569E-03
  0.3857989097150623E-03  0.7713001952472778E-03
  0.3893892564864418E-03  0.7784753240192313E-03
  0.3930130159752089E-03  0.7857171741848892E-03
  0.3966704991289557E-03  0.7930263656943900E-03
  0.4003620197890349E-03  0.8004035242490340E-03
  0.4040878947174897E-03  0.8078492813544657E-03
  0.4078484436242349E-03  0.8153642743743415E-03
  0.4116439891944905E-03  0.8229491465844930E-03
  0.4154748571164704E-03  0.8306045472275859E-03
  0.4193413761093292E-03  0.8383311315682825E-03
  0.4232438779513690E-03  0.8461295609489079E-03
  0.4271826975085087E-03  0.8540005028456314E-03
  0.4311581727630179E-03  0.8619446309251594E-03
  0.4351706448425189E-03  0.8699626251019517E-03
  0.4392204580492576E-03  0.8780551715959617E-03
  0.4433079598896482E-03  0.8862229629909060E-03
  0.4474335011040912E-03  0.8944666982930687E-03
  0.4515974356970701E-03  0.9027870829906470E-03
  0.4558001209675282E-03  0.9111848291136379E-03
  0.4600419175395268E-03  0.9196606552942767E-03
  0.4643231893931906E-03  0.9282152868280297E-03
  0.4686443038959396E-03  0.9368494557351436E-03
  0.4730056318340121E-03  0.9455639008227610E-03
  0.4774075474442813E-03  0.9543593677476063E-03
  0.4818504284463679E-03  0.9632366090792445E-03
  0.4863346560750515E-03  0.9721963843639182E-03
  0.4908606151129831E-03  0.9812394601889734E-03
  0.4954286939237031E-03  0.9903666102478719E-03
  0.5000392844849659E-03  0.9995786154058015E-03
  0.5046927824223746E-03  0.1008876263765885E-02
  0.5093895870433285E-03  0.1018260350735997E-02
  0.5141301013712879E-03  0.1027731679096192E-02
  0.5189147321803557E-03  0.1037291059066750E-02
  0.5237438900301823E-03  0.1046939308376843E-02
  0.5286179893011948E-03  0.1056677252333832E-02
  0.5335374482301545E-03  0.1066505723893199E-02
  0.5385026889460446E-03  0.1076425563729112E-02
  0.5435141375062921E-03  0.1086437620305648E-02
  0.5485722239333276E-03  0.1096542749948652E-02
  0.5536773822514840E-03  0.1106741816918264E-02
  0.5588300505242396E-03  0.1117035693482108E-02
  0.5640306708918073E-03  0.1127425259989143E-02
  0.5692796896090740E-03  0.1137911404944197E-02
  0.5745775570838924E-03  0.1148495025083175E-02
  0.5799247279157305E-03  0.1159177025448963E-02
  0.5853216609346786E-03  0.1169958319468013E-02
  0.5907688192408216E-03  0.1180839829027641E-02
  0.5962666702439764E-03  0.1191822484554016E-02
  0.6018156857037993E-03  0.1202907225090879E-02
  0.6074163417702668E-03  0.1214094998378960E-02
  0.6130691190245331E-03  0.1225386760936137E-02
  0.6187745025201679E-03  0.1236783478138314E-02
  0.6245329818247779E-03  0.1248286124301050E-02
  0.6303450510620152E-03  0.1259895682761915E-02
  0.6362112089539777E-03  0.1271613145963613E-02
  0.6421319588640033E-03  0.1283439515537855E-02
  0.6481078088398618E-03  0.1295375802389996E-02
  0.6541392716573505E-03  0.1307423026784445E-02
  0.6602268648642937E-03  0.1319582218430857E-02
  0.6663711108249531E-03  0.1331854416571103E-02
  0.6725725367648500E-03  0.1344240670067034E-02
  0.6788316748160065E-03  0.1356742037489051E-02
  0.6851490620626057E-03  0.1369359587205470E-02
  0.6915252405870785E-03  0.1382094397472711E-02
  0.6979607575166183E-03  0.1394947556526300E-02
  0.7044561650701289E-03  0.1407920162672702E-02
  0.7110120206056098E-03  0.1421013324381991E-02
  0.7176288866679809E-03  0.1434228160381359E-02
  0.7243073310373546E-03  0.1447565799749479E-02
  0.7310479267777551E-03  0.1461027382011721E-02
  0.7378512522862920E-03  0.1474614057236240E-02
  0.7447178913427917E-03  0.1488326986130930E-02
  0.7516484331598900E-03  0.1502167340141261E-02
  0.7586434724335915E-03  0.1516136301549008E-02
  0.7657036093942994E-03  0.1530235063571876E-02
  0.7728294498583196E-03  0.1544464830464018E-02
  0.7800216052798452E-03  0.1558826817617484E-02
  0.7872806928034236E-03  0.1573322251664576E-02
  0.7946073353169129E-03  0.1587952370581136E-02
  0.8020021615049305E-03  0.1602718423790772E-02
  0.8094658059027991E-03  0.1617621672270027E-02
  0.8169989089509952E-03  0.1632663388654501E-02
  0.8246021170501038E-03  0.1647844857345938E-02
  0.8322760826162848E-03  0.1663167374620278E-02
  0.8400214641372557E-03  0.1678632248736693E-02
  0.8478389262287950E-03  0.1694240800047604E-02
  0.8557291396917716E-03  0.1709994361109701E-02
  0.8636927815697046E-03  0.1725894276795961E-02
  0.8717305352068593E-03  0.1741941904408685E-02
  0.8798430903068840E-03  0.1758138613793553E-02
  0.8880311429919914E-03  0.1774485787454715E-02
  0.8962953958626918E-03  0.1790984820670915E-02
  0.9046365580580817E-03  0.1807637121612675E-02
  0.9130553453166941E-03  0.1824444111460526E-02
  0.9215524800379140E-03  0.1841407224524319E-02
  0.9301286913439662E-03  0.1858527908363601E-02
  0.9387847151424801E-03  0.1875807623909086E-02
  0.9475212941896362E-03  0.1893247845585221E-02
  0.9563391781539005E-03  0.1910850061433856E-02
  0.9652391236803525E-03  0.1928615773239028E-02
  0.9742218944556108E-03  0.1946546496652875E-02
  0.9832882612733638E-03  0.1964643761322681E-02
  0.9924390021005102E-03  0.1982909111019063E-02
  0.1001674902143915E-02  0.2001344103765322E-02
  0.1010996753917784E-02  0.2019950311967949E-02
  0.1020405357311674E-02  0.2038729322548313E-02
  0.1029901519659121E-02  0.2057682737075526E-02
  0.1039486055806924E-02  0.2076812171900515E-02
  0.1049159788185060E-02  0.2096119258291289E-02
  0.1058923546877260E-02  0.2115605642569422E-02
  0.1068778169692229E-02  0.2135272986247777E-02
  0.1078724502235547E-02  0.2155122966169448E-02
  0.1088763397982220E-02  0.2175157274647962E-02
  0.1098895718349918E-02  0.2195377619608738E-02
  0.1109122332772894E-02  0.2215785724731810E-02
  0.1119444118776585E-02  0.2236383329595840E-02
  0.1129861962052912E-02  0.2257172189823412E-02
  0.1140376756536279E-02  0.2278154077227638E-02
  0.1150989404480283E-02  0.2299330779960069E-02
  0.1161700816535127E-02  0.2320704102659942E-02
  0.1172511911825771E-02  0.2342275866604750E-02
  0.1183423618030790E-02  0.2364047909862173E-02
  0.1194436871461986E-02  0.2386022087443358E-02
  0.1205552617144724E-02  0.2408200271457579E-02
  0.1216771808899026E-02  0.2430584351268275E-02
  0.1228095409421414E-02  0.2453176233650481E-02
  0.1239524390367521E-02  0.2475977842949667E-02
  0.1251059732435462E-02  0.2498991121242003E-02
  0.1262702425449992E-02  0.2522218028496044E-02
  0.1274453468447433E-02  0.2545660542735860E-02
  0.1286313869761405E-02  0.2569320660205628E-02
  0.1298284647109349E-02  0.2593200395535685E-02
  0.1310366827679852E-02  0.2617301781910062E-02
  0.1322561448220792E-02  0.2641626871235514E-02
  0.1334869555128293E-02  0.2666177734312051E-02
  0.1347292204536524E-02  0.2690956461004987E-02
  0.1359830462408313E-02  0.2715965160418524E-02
  0.1372485404626623E-02  0.2741205961070880E-02
  0.1385258117086869E-02  0.2766681011070965E-02
  0.1398149695790094E-02  0.2792392478296635E-02
  0.1411161246937018E-02  0.2818342550574527E-02
  0.1424293887022959E-02  0.2844533435861494E-02
  0.1437548742933633E-02  0.2870967362427642E-02
  0.1450926952041856E-02  0.2897646579040996E-02
  0.1464429662305134E-02  0.2924573355153801E-02
  0.1478058032364171E-02  0.2951749981090478E-02
  0.1491813231642286E-02  0.2979178768237236E-02
  0.1505696440445763E-02  0.3006862049233372E-02
  0.1519708850065129E-02  0.3034802178164255E-02
  0.1533851662877374E-02  0.3063001530756024E-02
  0.1548126092449127E-02  0.3091462504572003E-02
  0.1562533363640791E-02  0.3120187519210847E-02
  0.1577074712711642E-02  0.3149179016506453E-02
  0.1591751387425914E-02  0.3178439460729608E-02
  0.1606564647159862E-02  0.3207971338791449E-02
  0.1621515763009835E-02  0.3237777160448686E-02
  0.1636606017901336E-02  0.3267859458510656E-02
  0.1651836706699114E-02  0.3298220789048186E-02
  0.1667209136318274E-02  0.3328863731604299E-02
  0.1682724625836416E-02  0.3359790889406777E-02
  0.1698384506606828E-02  0.3391004889582586E-02
  0.1714190122372721E-02  0.3422508383374192E-02
  0.1730142829382539E-02  0.3454304046357768E-02
  0.1746243996506331E-02  0.3486394578663325E-02
  0.1762495005353214E-02  0.3518782705196770E-02
  0.1778897250389926E-02  0.3551471175863906E-02
  0.1795452139060478E-02  0.3584462765796403E-02
  0.1812161091906932E-02  0.3617760275579739E-02
  0.1829025542691287E-02  0.3651366531483140E-02
  0.1846046938518514E-02  0.3685284385691539E-02
  0.1863226739960722E-02  0.3719516716539536E-02
  0.1880566421182492E-02  0.3754066428747433E-02
  0.1898067470067374E-02  0.3788936453659313E-02
  0.1915731388345552E-02  0.3824129749483187E-02
  0.1933559691722710E-02  0.3859649301533254E-02
  0.1951553910010090E-02  0.3895498122474262E-02
  0.1969715587255764E-02  0.3931679252567988E-02
  0.1988046281877122E-02  0.3968195759921880E-02
  0.2006547566794600E-02  0.4005050740739839E-02
  0.2025221029566647E-02  0.4042247319575201E-02
  0.2044068272525951E-02  0.4079788649585901E-02
  0.2063090912916934E-02  0.4117677912791855E-02
  0.2082290583034520E-02  0.4155918320334575E-02
  0.2101668930364205E-02  0.4194513112739021E-02
  0.2121227617723417E-02  0.4233465560177749E-02
  0.2140968323404206E-02  0.4272778962737304E-02
  0.2160892741317251E-02  0.4312456650686949E-02
  0.2181002581137213E-02  0.4352501984749693E-02
  0.2201299568449437E-02  0.4392918356375676E-02
  0.2221785444898022E-02  0.4433709188017897E-02
  0.2242461968335269E-02  0.4474877933410322E-02
  0.2263330912972516E-02  0.4516428077848394E-02
  0.2284394069532383E-02  0.4558363138471941E-02
  0.2305653245402428E-02  0.4600686664550538E-02
  0.2327110264790236E-02  0.4643402237771296E-02
  0.2348766968879951E-02  0.4686513472529139E-02
  0.2370625215990264E-02  0.4730024016219558E-02
  0.2392686881733871E-02  0.4773937549533887E-02
  0.2414953859178416E-02  0.4818257786757092E-02
  0.2437428059008932E-02  0.4862988476068114E-02
  0.2460111409691794E-02  0.4908133399842782E-02
  0.2483005857640194E-02  0.4953696374959305E-02
  0.2506113367381161E-02  0.4999681253106378E-02
  0.2529435921724130E-02  0.5046091921093906E-02
  0.2552975521931090E-02  0.5092932301166379E-02
  0.2576734187888301E-02  0.5140206351318912E-02
  0.2600713958279619E-02  0.5187918065615972E-02
  0.2624916890761433E-02  0.5236071474512812E-02
  0.2649345062139225E-02  0.5284670645179621E-02
  0.2674000568545780E-02  0.5333719681828446E-02
  0.2698885525621051E-02  0.5383222726042851E-02
  0.2724002068693692E-02  0.5433183957110392E-02
  0.2749352352964295E-02  0.5483607592357880E-02
  0.2774938553690317E-02  0.5534497887489495E-02
  0.2800762866372738E-02  0.5585859136927732E-02
  0.2826827506944449E-02  0.5637695674157226E-02
  0.2853134711960401E-02  0.5690011872071475E-02
  0.2879686738789516E-02  0.5742812143322480E-02
  0.2906485865808391E-02  0.5796100940673302E-02
  0.2933534392596796E-02  0.5849882757353605E-02
  0.2960834640135001E-02  0.5904162127418149E-02
  0.2988388951002932E-02  0.5958943626108314E-02
  0.3016199689581182E-02  0.6014231870216612E-02
  0.3044269242253899E-02  0.6070031518454280E-02
  0.3072600017613552E-02  0.6126347271821903E-02
  0.3101194446667608E-02  0.6183183873983159E-02
  0.3130054983047134E-02  0.6240546111641648E-02
  0.3159184103217338E-02  0.6298438814920863E-02
  0.3188584306690067E-02  0.6356866857747319E-02
  0.3218258116238288E-02  0.6415835158236859E-02
  0.3248208078112561E-02  0.6475348679084150E-02
  0.3278436762259527E-02  0.6535412427955406E-02
  0.3308946762542431E-02  0.6596031457884364E-02
  0.3339740696963695E-02  0.6657210867671505E-02
  0.3370821207889567E-02  0.6718955802286595E-02
  0.3402190962276852E-02  0.6781271453274507E-02
  0.3433852651901763E-02  0.6844163059164399E-02
  0.3465808993590894E-02  0.6907635905882249E-02
  0.3498062729454346E-02  0.6971695327166751E-02
  0.3530616627121022E-02  0.7036346704988644E-02
  0.3563473479976114E-02  0.7101595469973448E-02
  0.3596636107400796E-02  0.7167447101827651E-02
  0.3630107355014146E-02  0.7233907129768379E-02
  0.3663890094917330E-02  0.7300981132956557E-02
  0.3697987225940048E-02  0.7368674740933595E-02
  0.3732401673889272E-02  0.7436993634061600E-02
  0.3767136391800313E-02  0.7505943543967178E-02
  0.3802194360190208E-02  0.7575530253988812E-02
  0.3837578587313475E-02  0.7645759599627855E-02
  0.3873292109420244E-02  0.7716637469003161E-02
  0.3909337991016793E-02  0.7788169803309385E-02
  0.3945719325128506E-02  0.7860362597278941E-02
  0.3982439233565282E-02  0.7933221899647708E-02
  0.4019500867189407E-02  0.8006753813624428E-02
  0.4056907406185925E-02  0.8080964497363875E-02
  0.4094662060335526E-02  0.8155860164443815E-02
  0.4132768069289967E-02  0.8231447084345745E-02
  0.4171228702850064E-02  0.8307731582939475E-02
  0.4210047261246260E-02  0.8384720042971550E-02
  0.4249227075421824E-02  0.8462418904557551E-02
  0.4288771507318655E-02  0.8540834665678280E-02
  0.4328683950165782E-02  0.8619973882679897E-02
  0.4368967828770515E-02  0.8699843170777953E-02
  0.4409626599812332E-02  0.8780449204565435E-02
  0.4450663752139482E-02  0.8861798718524784E-02
  0.4492082807068361E-02  0.8943898507543926E-02
  0.4533887318685668E-02  0.9026755427436335E-02
  0.4576080874153371E-02  0.9110376395465192E-02
  0.4618667094016518E-02  0.9194768390871567E-02
  0.4661649632513909E-02  0.9279938455406797E-02
  0.4705032177891656E-02  0.9365893693868907E-02
  0.4748818452719665E-02  0.9452641274643242E-02
  0.4793012214211065E-02  0.9540188430247279E-02
  0.4837617254544603E-02  0.9628542457879597E-02
  0.4882637401190046E-02  0.9717710719973131E-02
  0.4928076517236608E-02  0.9807700644752625E-02
  0.4973938501724433E-02  0.9898519726796399E-02
  0.5020227289979163E-02  0.9990175527602363E-02
  0.5066946853949627E-02  0.1008267567615840E-01
  0.5114101202548658E-02  0.1017602786951706E-01
  0.5161694381997091E-02  0.1027023987337459E-01
  0.5209730476170966E-02  0.1036531952265446E-01
  0.5258213606951954E-02  0.1046127472209510E-01
  0.5307147934581047E-02  0.1055811344684231E-01
  0.5356537658015542E-02  0.1065584374304592E-01
  0.5406387015289343E-02  0.1075447372846102E-01
  0.5456700283876619E-02  0.1085401159305367E-01
  0.5507481781058848E-02  0.1095446559961114E-01
  0.5558735864295269E-02  0.1105584408435668E-01
  0.5610466931596792E-02  0.1115815545756881E-01
  0.5662679421903381E-02  0.1126140820420528E-01
  0.5715377815464949E-02  0.1136561088453154E-01
  0.5768566634225800E-02  0.1147077213475392E-01
  0.5822250442212653E-02  0.1157690066765737E-01
  0.5876433845926262E-02  0.1168400527324795E-01
  0.5931121494736699E-02  0.1179209481939994E-01
  0.5986318081282304E-02  0.1190117825250767E-01
  0.6042028341872353E-02  0.1201126459814210E-01
  0.6098257056893468E-02  0.1212236296171214E-01
  0.6155009051219814E-02  0.1223448252913068E-01
  0.6212289194627115E-02  0.1234763256748550E-01
  0.6270102402210513E-02  0.1246182242571488E-01
  0.6328453634806328E-02  0.1257706153528812E-01
  0.6387347899417737E-02  0.1269335941089080E-01
  0.6446790249644413E-02  0.1281072565111500E-01
  0.6506785786116164E-02  0.1292916993915431E-01
  0.6567339656930611E-02  0.1304870204350380E-01
  0.6628457058094933E-02  0.1316933181866481E-01
  0.6690143233971728E-02  0.1329106920585475E-01
  0.6752403477729019E-02  0.1341392423372180E-01
  0.6815243131794454E-02  0.1353790701906455E-01
  0.6878667588313724E-02  0.1366302776755663E-01
  0.6942682289613257E-02  0.1378929677447634E-01
  0.7007292728667211E-02  0.1391672442544126E-01
  0.7072504449568815E-02  0.1404532119714785E-01
  0.7138323048006096E-02  0.1417509765811613E-01
  0.7204754171742038E-02  0.1430606446943933E-01
  0.7271803521099200E-02  0.1443823238553871E-01
  0.7339476849448851E-02  0.1457161225492329E-01
  0.7407779963704657E-02  0.1470621502095476E-01
  0.7476718724820961E-02  0.1484205172261747E-01
  0.7546299048295696E-02  0.1497913349529348E-01
  0.7616526904677984E-02  0.1511747157154272E-01
  0.7687408320080461E-02  0.1525707728188834E-01
  0.7758949376696359E-02  0.1539796205560703E-01
  0.7831156213321411E-02  0.1554013742152467E-01
  0.7904035025880610E-02  0.1568361500881695E-01
  0.7977592067959866E-02  0.1582840654781525E-01
  0.8051833651342610E-02  0.1597452387081761E-01
  0.8126766146551407E-02  0.1612197891290486E-01
  0.8202395983394587E-02  0.1627078371276200E-01
  0.8278729651517982E-02  0.1642095041350463E-01
  0.8355773700961784E-02  0.1657249126351061E-01
  0.8433534742722590E-02  0.1672541861725688E-01
  0.8512019449320682E-02  0.1687974493616150E-01
  0.8591234555372588E-02  0.1703548278943081E-01
  0.8671186858168953E-02  0.1719264485491175E-01
  0.8751883218257811E-02  0.1735124391994944E-01
  0.8833330560033272E-02  0.1751129288224987E-01
  0.8915535872329688E-02  0.1767280475074778E-01
  0.8998506209021357E-02  0.1783579264647967E-01
  0.9082248689627795E-02  0.1800026980346206E-01
  0.9166770499924653E-02  0.1816624956957482E-01
  0.9252078892560313E-02  0.1833374540744972E-01
  0.9338181187678218E-02  0.1850277089536404E-01
  0.9425084773545010E-02  0.1867333972813943E-01
  0.9512797107184492E-02  0.1884546571804581E-01
  0.9601325715017504E-02  0.1901916279571038E-01
  0.9690678193507753E-02  0.1919444501103183E-01
  0.9780862209813645E-02  0.1937132653409951E-01
  0.9871885502446194E-02  0.1954982165611777E-01
  0.9963755881933045E-02  0.1972994479033539E-01
  0.1005648123148868E-01  0.1991171047297988E-01
  0.1015006950769086E-01  0.2009513336419706E-01
  0.1024452874116337E-01  0.2028022824899543E-01
  0.1033986703726511E-01  0.2046701003819563E-01
  0.1043609257678557E-01  0.2065549376938489E-01
  0.1053321361664687E-01  0.2084569460787634E-01
  0.1063123849061219E-01  0.2103762784767329E-01
  0.1073017561000096E-01  0.2123130891243844E-01
  0.1083003346441054E-01  0.2142675335646783E-01
  0.1093082062244475E-01  0.2162397686566978E-01
  0.1103254573244910E-01  0.2182299525854851E-01
  0.1113521752325290E-01  0.2202382448719261E-01
  0.1123884480491823E-01  0.2222648063826822E-01
  0.1134343646949596E-01  0.2243097993401687E-01
  0.1144900149178875E-01  0.2263733873325811E-01
  0.1155554893012112E-01  0.2284557353239659E-01
  0.1166308792711679E-01  0.2305570096643391E-01
  0.1177162771048312E-01  0.2326773780998484E-01
  0.1188117759380298E-01  0.2348170097829819E-01
  0.1199174697733391E-01  0.2369760752828204E-01
  0.1210334534881471E-01  0.2391547465953335E-01
  0.1221598228427962E-01  0.2413531971537202E-01
  0.1232966744887997E-01  0.2435716018387919E-01
  0.1244441059771356E-01  0.2458101369893978E-01
  0.1256022157666169E-01  0.2480689804128922E-01
  0.1267711032323405E-01  0.2503483113956433E-01
  0.1279508686742144E-01  0.2526483107135825E-01
  0.1291416133255639E-01  0.2549691606427937E-01
  0.1303434393618184E-01  0.2573110449701425E-01
  0.1315564499092791E-01  0.2596741490039430E-01
  0.1327807490539677E-01  0.2620586595846637E-01
  0.1340164418505579E-01  0.2644647650956701E-01
  0.1352636343313902E-01  0.2668926554740038E-01
  0.1365224335155700E-01  0.2693425222211976E-01
  0.1377929474181508E-01  0.2718145584141251E-01
  0.1390752850594029E-01  0.2743089587158848E-01
  0.1403695564741679E-01  0.2768259193867169E-01
  0.1416758727213010E-01  0.2793656382949530E-01
  0.1429943458932002E-01  0.2819283149279965E-01
  0.1443250891254254E-01  0.2845141504033342E-01
  0.1456682166064057E-01  0.2871233474795763E-01
  0.1470238435872380E-01  0.2897561105675264E-01
  0.1483920863915765E-01  0.2924126457412769E-01
  0.1497730624256139E-01  0.2950931607493323E-01
  0.1511668901881563E-01  0.2977978650257575E-01
  0.1525736892807908E-01  0.3005269697013491E-01
  0.1539935804181487E-01  0.3032806876148306E-01
  0.1554266854382635E-01  0.3060592333240693E-01
  0.1568731273130257E-01  0.3088628231173125E-01
  0.1583330301587349E-01  0.3116916750244447E-01
  0.1598065192467497E-01  0.3145460088282606E-01
  0.1612937210142372E-01  0.3174260460757560E-01
  0.1627947630750221E-01  0.3203320100894332E-01
  0.1643097742305372E-01  0.3232641259786202E-01
  0.1658388844808757E-01  0.3262226206508019E-01
  0.1673822250359458E-01  0.3292077228229622E-01
  0.1689399283267301E-01  0.3322196630329344E-01
  0.1705121280166487E-01  0.3352586736507610E-01
  0.1720989590130291E-01  0.3383249888900571E-01
  0.1737005574786820E-01  0.3414188448193786E-01
  0.1753170608435853E-01  0.3445404793735947E-01
  0.1769486078166765E-01  0.3476901323652576E-01
  0.1785953383977555E-01  0.3508680454959750E-01
  0.1802573938894970E-01  0.3540744623677757E-01
  0.1819349169095762E-01  0.3573096284944736E-01
  0.1836280514029058E-01  0.3605737913130225E-01
  0.1853369426539881E-01  0.3638672001948631E-01
  0.1870617372993815E-01  0.3671901064572580E-01
  0.1888025833402828E-01  0.3705427633746156E-01
  0.1905596301552273E-01  0.3739254261897962E-01
  0.1923330285129066E-01  0.3773383521254021E-01
  0.1941229305851053E-01  0.3807818003950478E-01
  0.1959294899597592E-01  0.3842560322146078E-01
  0.1977528616541340E-01  0.3877613108134393E-01
  0.1995932021281270E-01  0.3912979014455799E-01
  0.2014506692976930E-01  0.3948660714009127E-01
  0.2033254225483941E-01  0.3984660900163025E-01
  0.2052176227490768E-01  0.4020982286866949E-01
  0.2071274322656759E-01  0.4057627608761799E-01
  0.2090550149751462E-01  0.4094599621290133E-01
  0.2110005362795249E-01  0.4131901100805975E-01
  0.2129641631201246E-01  0.4169534844684138E-01
  0.2149460639918576E-01  0.4207503671429091E-01
  0.2169464089576946E-01  0.4245810420783269E-01
  0.2189653696632574E-01  0.4284457953834869E-01
  0.2210031193515473E-01  0.4323449153125040E-01
  0.2230598328778108E-01  0.4362786922754477E-01
  0.2251356867245436E-01  0.4402474188489353E-01
  0.2272308590166344E-01  0.4442513897866580E-01
  0.2293455295366489E-01  0.4482909020298356E-01
  0.2314798797402574E-01  0.4523662547175959E-01
  0.2336340927718044E-01  0.4564777491972746E-01
  0.2358083534800241E-01  0.4606256890346345E-01
  0.2380028484339022E-01  0.4648103800239972E-01
  0.2402177659386846E-01  0.4690321301982854E-01
  0.2424532960520355E-01  0.4732912498389710E-01
  0.2447096306003465E-01  0.4775880514859252E-01
  0.2469869631951959E-01  0.4819228499471673E-01
  0.2492854892499629E-01  0.4862959623085056E-01
  0.2516054059965950E-01  0.4907077079430690E-01
  0.2539469125025329E-01  0.4951584085207234E-01
  0.2563102096877912E-01  0.4996483880173683E-01
  0.2586955003421994E-01  0.5041779727241089E-01
  0.2611029891428029E-01  0.5087474912563007E-01
  0.2635328826714260E-01  0.5133572745624599E-01
  0.2659853894323978E-01  0.5180076559330352E-01
  0.2684607198704441E-01  0.5226989710090362E-01
  0.2709590863887451E-01  0.5274315577905143E-01
  0.2734807033671609E-01  0.5322057566448887E-01
  0.2760257871806277E-01  0.5370219103151148E-01
  0.2785945562177239E-01  0.5418803639276872E-01
  0.2811872308994098E-01  0.5467814650004736E-01
  0.2838040336979416E-01  0.5517255634503726E-01
  0.2864451891559612E-01  0.5567130116007918E-01
  0.2891109239057637E-01  0.5617441641889369E-01
  0.2918014666887443E-01  0.5668193783729097E-01
  0.2945170483750264E-01  0.5719390137386059E-01
  0.2972579019832714E-01  0.5771034323064080E-01
  0.3000242627006747E-01  0.5823129985376668E-01
  0.3028163679031454E-01  0.5875680793409648E-01
  0.3056344571756759E-01  0.5928690440781550E-01
  0.3084787723329000E-01  0.5982162645701686E-01
  0.3113495574398423E-01  0.6036101151025845E-01
  0.3142470588328614E-01  0.6090509724309529E-01
  0.3171715251407870E-01  0.6145392157858690E-01
  0.3201232073062547E-01  0.6200752268777841E-01
  0.3231023586072384E-01  0.6256593899015528E-01
  0.3261092346787842E-01  0.6312920915407040E-01
  0.3291440935349453E-01  0.6369737209714314E-01
  0.3322071955909223E-01  0.6427046698662922E-01
  0.3352988036854083E-01  0.6484853323976107E-01
  0.3384191831031431E-01  0.6543161052405738E-01
  0.3415686015976762E-01  0.6601973875760131E-01
  0.3447473294143428E-01  0.6661295810928665E-01
  0.3479556393134525E-01  0.6721130899903045E-01
  0.3511938065936947E-01  0.6781483209795212E-01
  0.3544621091157611E-01  0.6842356832851740E-01
  0.3577608273261888E-01  0.6903755886464658E-01
  0.3610902442814243E-01  0.6965684513178622E-01
  0.3644506456721126E-01  0.7028146880694298E-01
  0.3678423198476113E-01  0.7091147181867909E-01
  0.3712655578407334E-01  0.7154689634706804E-01
  0.3747206533927204E-01  0.7218778482361005E-01
  0.3782079029784476E-01  0.7283417993110562E-01
  0.3817276058318638E-01  0.7348612460348686E-01
  0.3852800639716682E-01  0.7414366202560484E-01
  0.3888655822272260E-01  0.7480683563297268E-01
  0.3924844682647251E-01  0.7547568911146242E-01
  0.3961370326135764E-01  0.7615026639695556E-01
  0.3998235886930597E-01  0.7683061167494504E-01
  0.4035444528392176E-01  0.7751676938008857E-01
  0.4072999443319995E-01  0.7820878419571162E-01
  0.4110903854226589E-01  0.7890670105325862E-01
  0.4149161013614042E-01  0.7961056513169198E-01
  0.4187774204253088E-01  0.8032042185683701E-01
  0.4226746739464791E-01  0.8103631690067167E-01
  0.4266081963404862E-01  0.8175829618056020E-01
  0.4305783251350606E-01  0.8248640585842887E-01
  0.4345854009990555E-01  0.8322069233988302E-01
  0.4386297677716783E-01  0.8396120227326363E-01
  0.4427117724919954E-01  0.8470798254864231E-01
  0.4468317654287104E-01  0.8546108029675360E-01
  0.4509901001102204E-01  0.8622054288786245E-01
  0.4551871333549510E-01  0.8698641793056625E-01
  0.4594232253019748E-01  0.8775875327052958E-01
  0.4636987394419138E-01  0.8853759698915019E-01
  0.4680140426481300E-01  0.8932299740215494E-01
  0.4723695052082059E-01  0.9011500305812402E-01
  0.4767655008557185E-01  0.9091366273694194E-01
  0.4812024068023082E-01  0.9171902544817392E-01
  0.4856806037700467E-01  0.9253114042936574E-01
  0.4902004760241062E-01  0.9335005714426586E-01
  0.4947624114057324E-01  0.9417582528096786E-01
  0.4993668013655241E-01  0.9500849474997172E-01
  0.5040140409970230E-01  0.9584811568216216E-01
  0.5087045290706161E-01  0.9669473842670244E-01
  0.5134386680677528E-01  0.9754841354884178E-01
  0.5182168642154818E-01  0.9840919182763472E-01
  0.5230395275213080E-01  0.9927712425357060E-01
  0.5279070718083746E-01  0.1001522620261113E+00
  0.5328199147509728E-01  0.1010346565511355E+00
  0.5377784779103810E-01  0.1019243594382877E+00
  0.5427831867710387E-01  0.1028214224982296E+00
  0.5478344707770559E-01  0.1037258977397926E+00
  0.5529327633690635E-01  0.1046378373670288E+00
  0.5580785020214055E-01  0.1055572937761596E+00
  0.5632721282796778E-01  0.1064843195524181E+00
  0.5685140877986167E-01  0.1074189674667851E+00
  0.5738048303803393E-01  0.1083612904726156E+00
  0.5791448100129404E-01  0.1093113417021540E+00
  0.5845344849094480E-01  0.1102691744629359E+00
  0.5899743175471420E-01  0.1112348422340741E+00
  0.5954647747072380E-01  0.1122083986624271E+00
  0.6010063275149416E-01  0.1131898975586472E+00
  0.6065994514798739E-01  0.1141793928931069E+00
  0.6122446265368744E-01  0.1151769387917002E+00
  0.6179423370871834E-01  0.1161825895315175E+00
  0.6236930720400075E-01  0.1171963995363913E+00
  0.6294973248544712E-01  0.1182184233723100E+00
  0.6353555935819610E-01  0.1192487157426985E+00
  0.6412683809088610E-01  0.1202873314835616E+00
  0.6472361941996878E-01  0.1213343255584893E+00
  0.6532595455406266E-01  0.1223897530535206E+00
  0.6593389517834722E-01  0.1234536691718632E+00
  0.6654749345899788E-01  0.1245261292284674E+00
  0.6716680204766236E-01  0.1256071886444505E+00
  0.6779187408597846E-01  0.1266969029413703E+00
  0.6842276321013419E-01  0.1277953277353432E+00
  0.6905952355547011E-01  0.1289025187310074E+00
  0.6970220976112458E-01  0.1300185317153240E+00
  0.7035087697472224E-01  0.1311434225512182E+00
  0.7100558085710613E-01  0.1322772471710536E+00
  0.7166637758711383E-01  0.1334200615699393E+00
  0.7233332386639807E-01  0.1345719217988667E+00
  0.7300647692429212E-01  0.1357328839576713E+00
  0.7368589452272062E-01  0.1369030041878198E+00
  0.7437163496115594E-01  0.1380823386650158E+00
  0.7506375708162079E-01  0.1392709435916247E+00
  0.7576232027373730E-01  0.1404688751889120E+00
  0.7646738447982318E-01  0.1416761896890940E+00
  0.7717901020003518E-01  0.1428929433271962E+00
  0.7789725849756053E-01  0.1441191923327177E+00
  0.7862219100385663E-01  0.1453549929210975E+00
  0.7935386992393959E-01  0.1466004012849799E+00
  0.8009235804172178E-01  0.1478554735852759E+00
  0.8083771872539937E-01  0.1491202659420177E+00
  0.8159001593288966E-01  0.1503948344250013E+00
  0.8234931421731928E-01  0.1516792350442171E+00
  0.8311567873256338E-01  0.1529735237400619E+00
  0.8388917523883628E-01  0.1542777563733310E+00
  0.8466987010833425E-01  0.1555919887149865E+00
  0.8545783033093084E-01  0.1569162764356981E+00
  0.8625312351992502E-01  0.1582506750951534E+00
  0.8705581791784309E-01  0.1595952401311342E+00
  0.8786598240229430E-01  0.1609500268483544E+00
  0.8868368649188123E-01  0.1623150904070581E+00
  0.8950900035216493E-01  0.1636904858113720E+00
  0.9034199480168571E-01  0.1650762678974099E+00
  0.9118274131804004E-01  0.1664724913211254E+00
  0.9203131204401374E-01  0.1678792105459094E+00
  0.9288777979377257E-01  0.1692964798299281E+00
  0.9375221805911009E-01  0.1707243532131986E+00
  0.9462470101575406E-01  0.1721628845043985E+00
  0.9550530352973109E-01  0.1736121272674042E+00
  0.9639410116379092E-01  0.1750721348075567E+00
  0.9729117018389020E-01  0.1765429601576494E+00
  0.9819658756573681E-01  0.1780246560636342E+00
  0.9911043100139487E-01  0.1795172749700427E+00
  0.1000327789059515E+00  0.1810208690051189E+00
  0.1009637104242452E+00  0.1825354899656587E+00
  0.1019033054376576E+00  0.1840611893015527E+00
  0.1028516445709673E+00  0.1855980181000293E+00
  0.1038088091992686E+00  0.1871460270695932E+00
  0.1047748814549539E+00  0.1887052665236550E+00
  0.1057499442347615E+00  0.1902757863638503E+00
  0.1067340812068884E+00  0.1918576360630414E+00
  0.1077273768181704E+00  0.1934508646480003E+00
  0.1087299163013275E+00  0.1950555206817670E+00
  0.1097417856822783E+00  0.1966716522456816E+00
  0.1107630717875211E+00  0.1982993069210827E+00
  0.1117938622515847E+00  0.1999385317706727E+00
  0.1128342455245480E+00  0.2015893733195418E+00
  0.1138843108796298E+00  0.2032518775358502E+00
  0.1149441484208491E+00  0.2049260898111617E+00
  0.1160138490907566E+00  0.2066120549404273E+00
  0.1170935046782386E+00  0.2083098171016133E+00
  0.1181832078263930E+00  0.2100194198349706E+00
  0.1192830520404790E+00  0.2117409060219409E+00
  0.1203931316959403E+00  0.2134743178636969E+00
  0.1215135420465037E+00  0.2152196968593112E+00
  0.1226443792323521E+00  0.2169770837835517E+00
  0.1237857402883747E+00  0.2187465186642981E+00
  0.1249377231524928E+00  0.2205280407595770E+00
  0.1261004266740642E+00  0.2223216885342108E+00
  0.1272739506223646E+00  0.2241274996360780E+00
  0.1284583956951494E+00  0.2259455108719791E+00
  0.1296538635272937E+00  0.2277757581831071E+00
  0.1308604566995137E+00  0.2296182766201166E+00
  0.1320782787471690E+00  0.2314731003177889E+00
  0.1333074341691465E+00  0.2333402624692902E+00
  0.1345480284368276E+00  0.2352197953000179E+00
  0.1358001680031381E+00  0.2371117300410328E+00
  0.1370639603116829E+00  0.2390160969020734E+00
  0.1383395138059658E+00  0.2409329250441490E+00
  0.1396269379386942E+00  0.2428622425517070E+00
  0.1409263431811716E+00  0.2448040764043746E+00
  0.1422378410327767E+00  0.2467584524482673E+00
  0.1435615440305307E+00  0.2487253953668652E+00
  0.1448975657587543E+00  0.2507049286514509E+00
  0.1462460208588139E+00  0.2526970745711079E+00
  0.1476070250389589E+00  0.2547018541422763E+00
  0.1489806950842501E+00  0.2567192870978629E+00
  0.1503671488665811E+00  0.2587493918559027E+00
  0.1517665053547927E+00  0.2607921854877701E+00
  0.1531788846248808E+00  0.2628476836859364E+00
  0.1546044078703007E+00  0.2649159007312713E+00
  0.1560431974123660E+00  0.2669968494598881E+00
  0.1574953767107446E+00  0.2690905412295264E+00
  0.1589610703740530E+00  0.2711969858854754E+00
  0.1604404041705483E+00  0.2733161917260311E+00
  0.1619335050389205E+00  0.2754481654674892E+00
  0.1634405010991843E+00  0.2775929122086705E+00
  0.1649615216636735E+00  0.2797504353949767E+00
  0.1664966972481366E+00  0.2819207367819777E+00
  0.1680461595829362E+00  0.2841038163985263E+00
  0.1696100416243525E+00  0.2862996725094020E+00
  0.1711884775659920E+00  0.2885083015774806E+00
  0.1727816028503024E+00  0.2907296982254309E+00
  0.1743895541801949E+00  0.2929638551969371E+00
  0.1760124695307738E+00  0.2952107633174471E+00
  0.1776504881611767E+00  0.2974704114544463E+00
  0.1793037506265232E+00  0.2997427864772566E+00
  0.1809723987899762E+00  0.3020278732163622E+00
  0.1826565758349147E+00  0.3043256544222615E+00
  0.1843564262772203E+00  0.3066361107238468E+00
  0.1860720959776774E+00  0.3089592205863123E+00
  0.1878037321544896E+00  0.3112949602685914E+00
  0.1895514833959121E+00  0.3136433037803260E+00
  0.1913154996730016E+00  0.3160042228383683E+00
  0.1930959323524852E+00  0.3183776868228178E+00
  0.1948929342097490E+00  0.3207636627325955E+00
  0.1967066594419470E+00  0.3231621151405584E+00
  0.1985372636812329E+00  0.3255730061481571E+00
  0.2003849040081145E+00  0.3279962953396385E+00
  0.2022497389649321E+00  0.3304319397357995E+00
  0.2041319285694632E+00  0.3328798937472929E+00
  0.2060316343286531E+00  0.3353401091274919E+00
  0.2079490192524734E+00  0.3378125349249164E+00
  0.2098842478679096E+00  0.3402971174352261E+00
  0.2118374862330791E+00  0.3427938001527864E+00
  0.2138089019514798E+00  0.3453025237218115E+00
  0.2157986641863723E+00  0.3478232258870921E+00
  0.2178069436752952E+00  0.3503558414443127E+00
  0.2198339127447160E+00  0.3529003021899667E+00
  0.2218797453248176E+00  0.3554565368708742E+00
  0.2239446169644235E+00  0.3580244711333140E+00
  0.2260287048460609E+00  0.3606040274717732E+00
  0.2281321878011645E+00  0.3631951251773266E+00
  0.2302552463254217E+00  0.3657976802856533E+00
  0.2323980625942606E+00  0.3684116055246998E+00
  0.2345608204784818E+00  0.3710368102620001E+00
  0.2367437055600365E+00  0.3736732004516638E+00
  0.2389469051479506E+00  0.3763206785810405E+00
  0.2411706082943974E+00  0.3789791436170760E+00
  0.2434150058109197E+00  0.3816484909523688E+00
  0.2456802902848029E+00  0.3843286123509412E+00
  0.2479666560956009E+00  0.3870193958937375E+00
  0.2502742994318151E+00  0.3897207259238642E+00
  0.2526034183077289E+00  0.3924324829915833E+00
  0.2549542125803993E+00  0.3951545437990788E+00
  0.2573268839668056E+00  0.3978867811450053E+00
  0.2597216360611591E+00  0.4006290638688418E+00
  0.2621386743523724E+00  0.4033812567950609E+00
  0.2645782062416924E+00  0.4061432206771360E+00
  0.2670404410604970E+00  0.4089148121414020E+00
  0.2695255900882573E+00  0.4116958836307872E+00
  0.2720338665706670E+00  0.4144862833484399E+00
  0.2745654857379407E+00  0.4172858552012645E+00
  0.2771206648232822E+00  0.4200944387433933E+00
  0.2796996230815254E+00  0.4229118691196111E+00
  0.2823025818079473E+00  0.4257379770087581E+00
  0.2849297643572575E+00  0.4285725885671323E+00
  0.2875813961627637E+00  0.4314155253719162E+00
  0.2902577047557155E+00  0.4342666043646534E+00
  0.2929589197848286E+00  0.4371256377947975E+00
  0.2956852730359904E+00  0.4399924331633628E+00
  0.2984369984521492E+00  0.4428667931667037E+00
  0.3012143321533883E+00  0.4457485156404480E+00
  0.3040175124571868E+00  0.4486373935036159E+00
  0.3068467798988696E+00  0.4515332147029539E+00
  0.3097023772522469E+00  0.4544357621575118E+00
  0.3125845495504461E+00  0.4573448137034990E+00
  0.3154935441069380E+00  0.4602601420394468E+00
  0.3184296105367578E+00  0.4631815146717153E+00
  0.3213930007779245E+00  0.4661086938603759E+00
  0.3243839691130587E+00  0.4690414365655061E+00
  0.3274027721912027E+00  0.4719794943939316E+00
  0.3304496690498424E+00  0.4749226135464547E+00
  0.3335249211371353E+00  0.4778705347656063E+00
  0.3366287923343448E+00  0.4808229932839591E+00
  0.3397615489784828E+00  0.4837797187730453E+00
  0.3429234598851642E+00  0.4867404352929179E+00
  0.3461147963716732E+00  0.4897048612423979E+00
  0.3493358322802443E+00  0.4926727093100515E+00
  0.3525868440015603E+00  0.4956436864259424E+00
  0.3558681104984691E+00  0.4986174937142008E+00
  0.3591799133299204E+00  0.5015938264464619E+00
  0.3625225366751262E+00  0.5045723739962148E+00
  0.3658962673579454E+00  0.5075528197941149E+00
  0.3693013948714958E+00  0.5105348412843090E+00
  0.3727382114029945E+00  0.5135181098818214E+00
  0.3762070118588304E+00  0.5165022909310556E+00
  0.3797080938898691E+00  0.5194870436654639E+00
  0.3832417579169944E+00  0.5224720211684387E+00
  0.3868083071568857E+00  0.5254568703354808E+00
  0.3904080476480376E+00  0.5284412318377021E+00
  0.3940412882770198E+00  0.5314247400867180E+00
  0.3977083408049820E+00  0.5344070232009915E+00
  0.4014095198944060E+00  0.5373877029736855E+00
  0.4051451431361056E+00  0.5403663948420862E+00
  0.4089155310764790E+00  0.5433427078586590E+00
  0.4127210072450140E+00  0.5463162446638006E+00
  0.4165618981820494E+00  0.5492866014603499E+00
  0.4204385334667948E+00  0.5522533679899251E+00
  0.4243512457456113E+00  0.5552161275111531E+00
  0.4283003707605549E+00  0.5581744567798572E+00
  0.4322862473781861E+00  0.5611279260312736E+00
  0.4363092176186474E+00  0.5640760989643654E+00
  0.4403696266850113E+00  0.5670185327283057E+00
  0.4444678229929012E+00  0.5699547779112000E+00
  0.4486041582003887E+00  0.5728843785311237E+00
  0.4527789872381687E+00  0.5758068720295449E+00
  0.4569926683400146E+00  0.5787217892672112E+00
  0.4612455630735186E+00  0.5816286545225727E+00
  0.4655380363711163E+00  0.5845269854928220E+00
  0.4698704565614014E+00  0.5874162932976245E+00
  0.4742431954007306E+00  0.5902960824856227E+00
  0.4786566281051242E+00  0.5931658510437890E+00
  0.4831111333824615E+00  0.5960250904097115E+00
  0.4876070934649780E+00  0.5988732854868922E+00
  0.4921448941420634E+00  0.6017099146631397E+00
  0.4967249247933656E+00  0.6045344498321397E+00
  0.5013475784222026E+00  0.6073463564182868E+00
  0.5060132516892852E+00  0.6101450934048614E+00
  0.5107223449467539E+00  0.6129301133656372E+00
  0.5154752622725322E+00  0.6157008625000039E+00
  0.5202724115049994E+00  0.6184567806716927E+00
  0.5251142042779869E+00  0.6211973014511892E+00
  0.5300010560560999E+00  0.6239218521619219E+00
  0.5349333861703667E+00  0.6266298539303130E+00
  0.5399116178542210E+00  0.6293207217397806E+00
  0.5449361782798193E+00  0.6319938644887781E+00
  0.5500074985946952E+00  0.6346486850529616E+00
  0.5551260139587550E+00  0.6372845803515694E+00
  0.5602921635816188E+00  0.6399009414181090E+00
  0.5655063907603072E+00  0.6424971534754323E+00
  0.5707691429172803E+00  0.6450725960152928E+00
  0.5760808716388305E+00  0.6476266428824713E+00
  0.5814420327138311E+00  0.6501586623635571E+00
  0.5868530861728478E+00  0.6526680172804745E+00
  0.5923144963276123E+00  0.6551540650888408E+00
  0.5978267318108642E+00  0.6576161579812407E+00
  0.6033902656165633E+00  0.6600536429955095E+00
  0.6090055751404766E+00  0.6624658621281027E+00
  0.6146731422211424E+00  0.6648521524526420E+00
  0.6203934531812160E+00  0.6672118462437218E+00
  0.6261669988691998E+00  0.6695442711060554E+00
  0.6319942747015627E+00  0.6718487501090480E+00
  0.6378757807052501E+00  0.6741246019268711E+00
  0.6438120215605907E+00  0.6763711409841239E+00
  0.6498035066446016E+00  0.6785876776071544E+00
  0.6558507500746977E+00  0.6807735181811209E+00
  0.6619542707528063E+00  0.6829279653128636E+00
  0.6681145924098936E+00  0.6850503179996646E+00
  0.6743322436509045E+00  0.6871398718039629E+00
  0.6806077580001217E+00  0.6891959190340945E+00
  0.6869416739469462E+00  0.6912177489311252E+00
  0.6933345349921034E+00  0.6932046478618386E+00
  0.6997868896942809E+00  0.6951558995179405E+00
  0.7062992917171983E+00  0.6970707851215410E+00
  0.7128722998771164E+00  0.6989485836369674E+00
  0.7195064781907879E+00  0.7007885719889629E+00
  0.7262023959238552E+00  0.7025900252873185E+00
  0.7329606276396967E+00  0.7043522170579878E+00
  0.7397817532487302E+00  0.7060744194807246E+00
  0.7466663580581732E+00  0.7077559036332839E+00
  0.7536150328222671E+00  0.7093959397422210E+00
  0.7606283737929685E+00  0.7109937974403204E+00
  0.7677069827711129E+00  0.7125487460306813E+00
  0.7748514671580534E+00  0.7140600547574811E+00
  0.7820624400077808E+00  0.7155269930834385E+00
  0.7893405200795287E+00  0.7169488309739830E+00
  0.7966863318908679E+00  0.7183248391881455E+00
  0.8041005057712951E+00  0.7196542895761689E+00
  0.8115836779163200E+00  0.7209364553838369E+00
  0.8191364904420563E+00  0.7221706115635141E+00
  0.8267595914403200E+00  0.7233560350918816E+00
  0.8344536350342411E+00  0.7244920052943499E+00
  0.8422192814343928E+00  0.7255778041761217E+00
  0.8500571969954425E+00  0.7266127167598724E+00
  0.8579680542733304E+00  0.7275960314300101E+00
  0.8659525320829807E+00  0.7285270402834665E+00
  0.8740113155565484E+00  0.7294050394869681E+00
  0.8821450962022102E+00  0.7302293296407261E+00
  0.8903545719635004E+00  0.7309992161484768E+00
  0.8986404472792012E+00  0.7317140095937981E+00
  0.9070034331437881E+00  0.7323730261226170E+00
  0.9154442471684394E+00  0.7329755878318182E+00
  0.9239636136426133E+00  0.7335210231638521E+00
  0.9325622635961970E+00  0.7340086673072355E+00
  0.9412409348622356E+00  0.7344378626028263E+00
  0.9500003721402438E+00  0.7348079589557476E+00
  0.9588413270601069E+00  0.7351183142528239E+00
  0.9677645582465773E+00  0.7353682947853872E+00
  0.9767708313843695E+00  0.7355572756772973E+00
  0.9858609192838631E+00  0.7356846413180133E+00
  0.9950356019474156E+00  0.7357497858005412E+00
  0.1004295666636293E+01  0.7357521133640762E+00
  0.1013641907938222E+01  0.7356910388411450E+00
  0.1023075127835575E+01  0.7355659881090405E+00
  0.1032596135774183E+01  0.7353763985453406E+00
  0.1042205748732794E+01  0.7351217194872781E+00
  0.1051904791293178E+01  0.7348014126947300E+00
  0.1061694095710880E+01  0.7344149528165772E+00
  0.1071574501986636E+01  0.7339618278601766E+00
  0.1081546857938450E+01  0.7334415396636732E+00
  0.1091612019274347E+01  0.7328536043708755E+00
  0.1101770849665795E+01  0.7321975529083966E+00
  0.1112024220821819E+01  0.7314729314647601E+00
  0.1122373012563798E+01  0.7306793019711537E+00
  0.1132818112900961E+01  0.7298162425835032E+00
  0.1143360418106588E+01  0.7288833481655278E+00
  0.1154000832794914E+01  0.7278802307724245E+00
  0.1164740269998754E+01  0.7268065201348215E+00
  0.1175579651247847E+01  0.7256618641426233E+00
  0.1186519906647933E+01  0.7244459293283638E+00
  0.1197561974960561E+01  0.7231584013496637E+00
  0.1208706803683644E+01  0.7217989854703937E+00
  0.1219955349132763E+01  0.7203674070401088E+00
  0.1231308576523221E+01  0.7188634119713302E+00
  0.1242767460052875E+01  0.7172867672142269E+00
  0.1254332982985721E+01  0.7156372612282428E+00
  0.1266006137736272E+01  0.7139147044501993E+00
  0.1277787925954713E+01  0.7121189297584012E+00
  0.1289679358612851E+01  0.7102497929322518E+00
  0.1301681456090862E+01  0.7083071731068815E+00
  0.1313795248264853E+01  0.7062909732222791E+00
  0.1326021774595229E+01  0.7042011204664050E+00
  0.1338362084215890E+01  0.7020375667117623E+00
  0.1350817236024252E+01  0.6998002889448777E+00
  0.1363388298772111E+01  0.6974892896881533E+00
  0.1376076351157351E+01  0.6951045974135266E+00
  0.1388882481916504E+01  0.6926462669473771E+00
  0.1401807789918172E+01  0.6901143798661024E+00
  0.1414853384257318E+01  0.6875090448817889E+00
  0.1428020384350438E+01  0.6848303982173821E+00
  0.1441309920031614E+01  0.6820786039707700E+00
  0.1454723131649461E+01  0.6792538544671731E+00
  0.1468261170164983E+01  0.6763563705992388E+00
  0.1481925197250331E+01  0.6733864021542301E+00
  0.1495716385388482E+01  0.6703442281276915E+00
  0.1509635917973852E+01  0.6672301570229764E+00
  0.1523684989413840E+01  0.6640445271360155E+00
  0.1537864805231313E+01  0.6607877068247007E+00
  0.1552176582168056E+01  0.6574600947622621E+00
  0.1566621548289174E+01  0.6540621201740152E+00
  0.1581200943088470E+01  0.6505942430568497E+00
  0.1595916017594806E+01  0.6470569543808401E+00
  0.1610768034479448E+01  0.6434507762723561E+00
  0.1625758268164416E+01  0.6397762621780539E+00
  0.1640888004931840E+01  0.6360339970091348E+00
  0.1656158543034330E+01  0.6322245972652614E+00
  0.1671571192806378E+01  0.6283487111375282E+00
  0.1687127276776797E+01  0.6244070185898911E+00
  0.1702828129782203E+01  0.6204002314184641E+00
  0.1718675099081555E+01  0.6163290932881075E+00
  0.1734669544471760E+01  0.6121943797457370E+00
  0.1750812838404355E+01  0.6079968982097950E+00
  0.1767106366103274E+01  0.6037374879353399E+00
  0.1783551525683713E+01  0.5994170199542227E+00
  0.1800149728272096E+01  0.5950363969898315E+00
  0.1816902398127164E+01  0.5905965533459059E+00
  0.1833810972762188E+01  0.5860984547689394E+00
  0.1850876903068316E+01  0.5815430982837015E+00
  0.1868101653439074E+01  0.5769315120014388E+00
  0.1885486701896022E+01  0.5722647549003307E+00
  0.1903033540215580E+01  0.5675439165777993E+00
  0.1920743674057032E+01  0.5627701169742988E+00
  0.1938618623091730E+01  0.5579445060682283E+00
  0.1956659921133486E+01  0.5530682635416502E+00
  0.1974869116270191E+01  0.5481425984165117E+00
  0.1993247770996652E+01  0.5431687486611048E+00
  0.2011797462348665E+01  0.5381479807665270E+00
  0.2030519782038340E+01  0.5330815892929371E+00
  0.2049416336590680E+01  0.5279708963854350E+00
  0.2068488747481436E+01  0.5228172512594280E+00
  0.2087738651276240E+01  0.5176220296553813E+00
  0.2107167699771038E+01  0.5123866332628877E+00
  0.2126777560133827E+01  0.5071124891140315E+00
  0.2146569915047709E+01  0.5018010489460588E+00
  0.2166546462855282E+01  0.4964537885334070E+00
  0.2186708917704368E+01  0.4910722069891906E+00
  0.2207059009695104E+01  0.4856578260362810E+00
  0.2227598485028396E+01  0.4802121892481622E+00
  0.2248329106155757E+01  0.4747368612597895E+00
  0.2269252651930542E+01  0.4692334269487272E+00
  0.2290370917760586E+01  0.4637034905868813E+00
  0.2311685715762263E+01  0.4581486749631991E+00
  0.2333198874915982E+01  0.4525706204777485E+00
  0.2354912241223130E+01  0.4469709842076467E+00
  0.2376827677864469E+01  0.4413514389453504E+00
  0.2398947065360014E+01  0.4357136722098763E+00
  0.2421272301730401E+01  0.4300593852315682E+00
  0.2443805302659743E+01  0.4243902919110791E+00
  0.2466548001660021E+01  0.4187081177532891E+00
  0.2489502350236988E+01  0.4130145987769310E+00
  0.2512670318057625E+01  0.4073114804007511E+00
  0.2536053893119158E+01  0.4016005163070780E+00
  0.2559655081919640E+01  0.3958834672837315E+00
  0.2583475909630126E+01  0.3901621000452515E+00
  0.2607518420268449E+01  0.3844381860344808E+00
  0.2631784676874613E+01  0.3787135002055848E+00
  0.2656276761687818E+01  0.3729898197896443E+00
  0.2680996776325134E+01  0.3672689230440058E+00
  0.2705946841961834E+01  0.3615525879866258E+00
  0.2731129099513413E+01  0.3558425911166896E+00
  0.2756545709819287E+01  0.3501407061228401E+00
  0.2782198853828222E+01  0.3444487025803883E+00
  0.2808090732785464E+01  0.3387683446389346E+00
  0.2834223568421635E+01  0.3331013897018620E+00
  0.2860599603143367E+01  0.3274495870992134E+00
  0.2887221100225724E+01  0.3218146767555009E+00
  0.2914090344006404E+01  0.3161983878540357E+00
  0.2941209640081760E+01  0.3106024374994029E+00
  0.2968581315504631E+01  0.3050285293797421E+00
  0.2996207718984029E+01  0.2994783524305250E+00
  0.3024091221086672E+01  0.2939535795015519E+00
  0.3052234214440400E+01  0.2884558660289186E+00
  0.3080639113939479E+01  0.2829868487137271E+00
  0.3109308356951823E+01  0.2775481442093377E+00
  0.3138244403528136E+01  0.2721413478189795E+00
  0.3167449736613006E+01  0.2667680322055508E+00
  0.3196926862257957E+01  0.2614297461154570E+00
  0.3226678309836495E+01  0.2561280131183404E+00
  0.3256706632261145E+01  0.2508643303645652E+00
  0.3287014406202511E+01  0.2456401673623218E+00
  0.3317604232310377E+01  0.2404569647762173E+00
  0.3348478735436859E+01  0.2353161332492111E+00
  0.3379640564861646E+01  0.2302190522497491E+00
  0.3411092394519321E+01  0.2251670689459364E+00
  0.3442836923228812E+01  0.2201614971085750E+00
  0.3474876874924971E+01  0.2152036160448705E+00
  0.3507214998892307E+01  0.2102946695645897E+00
  0.3539854070000900E+01  0.2054358649804228E+00
  0.3572796888944504E+01  0.2006283721442717E+00
  0.3606046282480871E+01  0.1958733225211485E+00
  0.3639605103674309E+01  0.1911718083023321E+00
  0.3673476232140497E+01  0.1865248815593797E+00
  0.3707662574293580E+01  0.1819335534405472E+00
  0.3742167063595564E+01  0.1773987934111166E+00
  0.3776992660808026E+01  0.1729215285390714E+00
  0.3812142354246176E+01  0.1685026428275020E+00
  0.3847619160035276E+01  0.1641429765950551E+00
  0.3883426122369447E+01  0.1598433259056742E+00
  0.3919566313772886E+01  0.1556044420488046E+00
  0.3956042835363517E+01  0.1514270310711587E+00
  0.3992858817119084E+01  0.1473117533610590E+00
  0.4030017418145733E+01  0.1432592232862898E+00
  0.4067521826949092E+01  0.1392700088863024E+00
  0.4105375261707859E+01  0.1353446316195294E+00
  0.4143580970549964E+01  0.1314835661664660E+00
  0.4182142231831268E+01  0.1276872402890842E+00
  0.4221062354416881E+01  0.1239560347470424E+00
  0.4260344677965088E+01  0.1202902832710548E+00
  0.4299992573213921E+01  0.1166902725936759E+00
  0.4340009442270389E+01  0.1131562425376546E+00
  0.4380398718902407E+01  0.1096883861619004E+00
  0.4421163868833450E+01  0.1062868499649954E+00
  0.4462308390039926E+01  0.1029517341460760E+00
  0.4503835813051341E+01  0.9968309292279441E-01
  0.4545749701253245E+01  0.9648093490595881E-01
  0.4588053651192991E+01  0.9334522353033668E-01
  0.4630751292888360E+01  0.9027587754099273E-01
  0.4673846290139036E+01  0.8727277153441997E-01
  0.4717342340840991E+01  0.8433573655360893E-01
  0.4761243177303801E+01  0.8146456073608892E-01
  0.4805552566570898E+01  0.7865899001386364E-01
  0.4850274310742820E+01  0.7591872886405408E-01
  0.4895412247303457E+01  0.7324344110895432E-01
  0.4940970249449341E+01  0.7063275076410033E-01
  0.4986952226421997E+01  0.6808624293284782E-01
  0.5033362123843384E+01  0.6560346474585609E-01
  0.5080203924054466E+01  0.6318392634377666E-01
  0.5127481646456923E+01  0.6082710190135220E-01
  0.5175199347858054E+01  0.5853243069104011E-01
  0.5223361122818879E+01  0.5629931818419073E-01
  0.5271971104005488E+01  0.5412713718772658E-01
  0.5321033462543651E+01  0.5201522901419325E-01
  0.5370552408376746E+01  0.4996290468297981E-01
  0.5420532190626991E+01  0.4796944615043934E-01
  0.5470977097960065E+01  0.4603410756657965E-01
  0.5521891458953104E+01  0.4415611655593706E-01
  0.5573279642466126E+01  0.4233467552019717E-01
  0.5625146058016919E+01  0.4056896296008242E-01
  0.5677495156159412E+01  0.3885813481398847E-01
  0.5730331428865563E+01  0.3720132581082067E-01
  0.5783659409910814E+01  0.3559765083445757E-01
  0.5837483675263118E+01  0.3404620629725036E-01
  0.5891808843475599E+01  0.3254607151995681E-01
  0.5946639576082859E+01  0.3109631011550412E-01
  0.6001980578000974E+01  0.2969597137397843E-01
  0.6057836597931215E+01  0.2834409164624880E-01
  0.6114212428767522E+01  0.2703969572365088E-01
  0.6171112908007777E+01  0.2578179821117974E-01
  0.6228542918168898E+01  0.2456940489167225E-01
  0.6286507387205796E+01  0.2340151407849821E-01
  0.6345011288934235E+01  0.2227711795432380E-01
  0.6404059643457627E+01  0.2119520389356289E-01
  0.6463657517597792E+01  0.2015475576618992E-01
  0.6523810025329738E+01  0.1915475522065259E-01
  0.6584522328220475E+01  0.1819418294369342E-01
  0.6645799635871925E+01  0.1727201989496586E-01
  0.6707647206367943E+01  0.1638724851441286E-01
  0.6770070346725504E+01  0.1553885390046398E-01
  0.6833074413350087E+01  0.1472582495719947E-01
  0.6896664812495301E+01  0.1394715550872802E-01
  0.6960847000726777E+01  0.1320184537912644E-01
  0.7025626485390395E+01  0.1248890143639638E-01
  0.7091008825084852E+01  0.1180733859900261E-01
  0.7156999630138634E+01  0.1115618080367117E-01
  0.7223604563091431E+01  0.1053446193324173E-01
  0.7290829339180026E+01  0.9941226703487139E-02
  0.7358679726828707E+01  0.9375531507934432E-02
  0.7427161548144246E+01  0.8836445219843496E-02
  0.7496280679415483E+01  0.8323049950623837E-02
  0.7566043051617553E+01  0.7834441764094029E-02
  0.7636454650920823E+01  0.7369731346113289E-02
  0.7707521519204537E+01  0.6928044629239363E-02
  0.7779249754575274E+01  0.6508523372190767E-02
  0.7851645511890203E+01  0.6110325694014566E-02
  0.7924715003285224E+01  0.5732626562982329E-02
  0.7998464498708016E+01  0.5374618240356500E-02
  0.8072900326456054E+01  0.5035510679286695E-02
  0.8148028873719625E+01  0.4714531879209954E-02
  0.8223856587129893E+01  0.4410928196240302E-02
  0.8300389973312086E+01  0.4123964610140879E-02
  0.8377635599443801E+01  0.3852924948575801E-02
  0.8455600093818537E+01  0.3597112069438639E-02
  0.8534290146414437E+01  0.3355848002149593E-02
  0.8613712509468359E+01  0.3128474048903723E-02
  0.8693873998055260E+01  0.2914350846937809E-02
  0.8774781490672989E+01  0.2712858392963225E-02
  0.8856441929832521E+01  0.2523396030986365E-02
  0.8938862322653668E+01  0.2345382404806706E-02
  0.9022049741466361E+01  0.2178255376544910E-02
  0.9106011324417503E+01  0.2021471912609844E-02
  0.9190754276083478E+01  0.1874507938563496E-02
  0.9276285868088369E+01  0.1736858164386693E-02
  0.9362613439727916E+01  0.1608035881686041E-02
  0.9449744398599288E+01  0.1487572734413763E-02
  0.9537686221236715E+01  0.1375018464696946E-02
  0.9626446453753029E+01  0.1269940635391353E-02
  0.9716032712487195E+01  0.1171924330987257E-02
  0.9806452684657831E+01  0.1080571838501096E-02
  0.9897714129022857E+01  0.9955023099869060E-03
  0.9989824876545246E+01  0.9163514082959960E-03
  0.1008279283106498E+02  0.8427709377020237E-03
  0.1017662596997727E+02  0.7744284609919503E-03
  0.1027133234491709E+02  0.7110069046013887E-03
  0.1036692008245004E+02  0.6522041533459200E-03
  0.1046339738476970E+02  0.5977326362682726E-03
  0.1056077253040144E+02  0.5473189050851120E-03
  0.1065905387491277E+02  0.5007032066769028E-03
  0.1075824985163033E+02  0.4576390510201423E-03
  0.1085836897236353E+02  0.4178927759135750E-03
  0.1095941982813491E+02  0.3812431097991053E-03
  0.1106141108991738E+02  0.3474807339243412E-03
  0.1116435150937818E+02  0.3164078450374006E-03
  0.1126824991962991E+02  0.2878377197460942E-03
  0.1137311523598843E+02  0.2615942816132562E-03
  0.1147895645673791E+02  0.2375116719981067E-03
  0.1158578266390292E+02  0.2154338255905030E-03
  0.1169360302402777E+02  0.1952140515210384E-03
  0.1180242678896303E+02  0.1767146208655587E-03
  0.1191226329665948E+02  0.1598063612980581E-03
  0.1202312197196930E+02  0.1443682595814298E-03
  0.1213501232745488E+02  0.1302870725214555E-03
  0.1224794396420499E+02  0.1174569469460085E-03
  0.1236192657265870E+02  0.1057790492089908E-03
  0.1247696993343688E+02  0.9516120465726429E-04
  0.1259308391818143E+02  0.8551754743901312E-04
  0.1271027849040235E+02  0.7676818097380263E-04
  0.1282856370633274E+02  0.6883884934827482E-04
  0.1294794971579162E+02  0.6166061984712483E-04
  0.1306844676305496E+02  0.5516957677689643E-04
  0.1319006518773464E+02  0.4930652669035469E-04
  0.1331281542566571E+02  0.4401671507186708E-04
  0.1343670800980187E+02  0.3924955449944678E-04
  0.1356175357111927E+02  0.3495836425697022E-04
  0.1368796283952876E+02  0.3110012133063476E-04
  0.1381534664479655E+02  0.2763522268701946E-04
  0.1394391591747353E+02  0.2452725869617542E-04
  0.1407368168983319E+02  0.2174279753201485E-04
  0.1420465509681829E+02  0.1925118035387929E-04
  0.1433684737699630E+02  0.1702432704752608E-04
  0.1447026987352377E+02  0.1503655228083914E-04
  0.1460493403511969E+02  0.1326439160929421E-04
  0.1474085141704784E+02  0.1168643734852486E-04
  0.1487803368210835E+02  0.1028318391616790E-04
  0.1501649260163844E+02  0.9036882332428426E-05
  0.1515624005652254E+02  0.7931403558399743E-05
  0.1529728803821171E+02  0.6952110342997696E-05
  0.1543964864975264E+02  0.6085737243310967E-05
  0.1558333410682616E+02  0.5320278479112630E-05
  0.1572835673879549E+02  0.4644883280101240E-05
  0.1587472898976413E+02  0.4049758384017625E-05
  0.1602246341964373E+02  0.3526077344988710E-05
  0.1617157270523180E+02  0.3065896314153405E-05
  0.1632206964129946E+02  0.2662075958698768E-05
  0.1647396714168938E+02  0.2308209190748744E-05
  0.1662727824042386E+02  0.1998554383975998E-05
  0.1678201609282326E+02  0.1727973763224673E-05
  0.1693819397663483E+02  0.1491876660716795E-05
  0.1709582529317206E+02  0.1286167341449669E-05
  0.1725492356846461E+02  0.1107197110061944E-05
  0.1741550245441894E+02  0.9517204216436611E-06
  0.1757757572998978E+02  0.8168547295865843E-06
  0.1774115730236245E+02  0.7000438145178416E-06
  0.1790626120814622E+02  0.5990243495401732E-06
  0.1807290161457876E+02  0.5117954683302771E-06
  0.1824109282074181E+02  0.4365911140432395E-06
  0.1841084925878814E+02  0.3718549583629045E-06
  0.1858218549517997E+02  0.3162176913586066E-06
  0.1875511623193885E+02  0.2684764939978386E-06
  0.1892965630790725E+02  0.2275765161682839E-06
  0.1910582070002183E+02  0.1925941938336596E-06
  0.1928362452459859E+02  0.1627222494443581E-06
  0.1946308303862997E+02  0.1372562299102726E-06
  0.1964421164109401E+02  0.1155824462892573E-06
  0.1982702587427573E+02  0.9716718882559823E-07
  0.2001154142510076E+02  0.8154710006883220E-07
  0.2019777412648140E+02  0.6832059749914914E-07
  0.2038573995867524E+02  0.5714024537070115E-07
  0.2057545505065638E+02  0.4770598335172509E-07
  0.2076693568149940E+02  0.3975912698745188E-07
  0.2096019828177629E+02  0.3307706203866155E-07
  0.2115525943496626E+02  0.2746856135878545E-07
  0.2135213587887879E+02  0.2276965917166321E-07
  0.2155084450708983E+02  0.1884002340877318E-07
  0.2175140237039142E+02  0.1555977216933603E-07
  0.2195382667825479E+02  0.1282668539121826E-07
  0.2215813480030707E+02  0.1055376747854674E-07
  0.2236434426782173E+02  0.8667120938045682E-08
  0.2257247277522291E+02  0.7104095045890761E-08
  0.2278253818160374E+02  0.5811677216570968E-08
  0.2299455851225882E+02  0.4745098091538730E-08
  0.2320855196023089E+02  0.3866624425248921E-08
  0.2342453688787196E+02  0.3144516636550870E-08
  0.2364253182841897E+02  0.2552130431239131E-08
  0.2386255548758405E+02  0.2067144203604939E-08
  0.2408462674515965E+02  0.1670896007441081E-08
  0.2430876465663854E+02  0.1347815766078452E-08
  0.2453498845484899E+02  0.1084940082088189E-08
  0.2476331755160503E+02  0.8714985250901185E-09
  0.2499377153937218E+02  0.6985616348373095E-09
  0.2522637019294864E+02  0.5587420898777711E-09
  0.2546113347116209E+02  0.4459415723869104E-09
  0.2569808151858236E+02  0.3551368192386602E-09
  0.2593723466724999E+02  0.2821991993123733E-09
  0.2617861343842084E+02  0.2237429079432538E-09
  0.2642223854432705E+02  0.1769975311042775E-09
  0.2666813088995424E+02  0.1397013134214893E-09
  0.2691631157483538E+02  0.1100119738327887E-09
  0.2716680189486125E+02  0.8643235828445015E-10
  0.2741962334410787E+02  0.6774860735064553E-10
  0.2767479761668079E+02  0.5297885447071480E-10
  0.2793234660857665E+02  0.4133076345207694E-10
  0.2819229241956204E+02  0.3216646725700458E-10
  0.2845465735506983E+02  0.2497368863601412E-10
  0.2871946392811314E+02  0.1934201116542889E-10
  0.2898673486121716E+02  0.1494343052213064E-10
  0.2925649308836890E+02  0.1151645380397090E-10
  0.2952876175698514E+02  0.8853132421749571E-11
  0.2980356422989864E+02  0.6788514245189427E-11
  0.3008092408736287E+02  0.5192085664205649E-11
  0.3036086512907537E+02  0.3960846126882889E-11
  0.3064341137621998E+02  0.3013718379208130E-11
  0.3092858707352801E+02  0.2287048670436874E-11
  0.3121641669135868E+02  0.1730994007243936E-11
  0.3150692492779886E+02  0.1306629360748180E-11
  0.3180013671078231E+02  0.9836376108856800E-12
  0.3209607720022878E+02  0.7384698656353352E-12
  0.3239477179020288E+02  0.5528844040498462E-12
  0.3269624611109310E+02  0.4127895358156733E-12
  0.3300052603181113E+02  0.3073297222092793E-12
  0.3330763766201157E+02  0.2281658546148565E-12
  0.3361760735433239E+02  0.1689100539714916E-12
  0.3393046170665620E+02  0.1246830903399978E-12
  0.3424622756439253E+02  0.9176882374815616E-13
  0.3456493202278139E+02  0.6734518572652704E-13
  0.3488660242921828E+02  0.4927536508147716E-13
  0.3521126638560079E+02  0.3594620650446716E-13
  0.3553895175069709E+02  0.2614352227162086E-13
  0.3586968664253639E+02  0.1895617639096433E-13
  0.3620349944082177E+02  0.1370252700899675E-13
  0.3654041878936530E+02  0.9874189001574585E-14
  0.3688047359854595E+02  0.7093172027310789E-14
  0.3722369304779036E+02  0.5079315213235257E-14
  0.3757010658807658E+02  0.3625623164638925E-14
  0.3791974394446133E+02  0.2579645786383562E-14
  0.3827263511863053E+02  0.1829466144020912E-14
  0.3862881039147371E+02  0.1293190224052861E-14
  0.3898830032568245E+02  0.9110892273696659E-15
  0.3935113576837274E+02  0.6397443757112589E-15
  0.3971734785373204E+02  0.4476984453364086E-15
  0.4008696800569082E+02  0.3122371641494189E-15
  0.4046002794061893E+02  0.2170149860452780E-15
  0.4083655967004714E+02  0.1503097242745486E-15
  0.4121659550341406E+02  0.1037439121252225E-15
  0.4160016805083841E+02  0.7135134950480523E-16
  0.4198731022591737E+02  0.4889804501046132E-16
  0.4237805524855074E+02  0.3338997602645993E-16
  0.4277243664779150E+02  0.2271754851324193E-16
  0.4317048826472287E+02  0.1539972161502171E-16
  0.4357224425536216E+02  0.1040053048868146E-16
  0.4397773909359162E+02  0.6998006747870003E-17
  0.4438700757411654E+02  0.4690880351048743E-17
  0.4480008481545099E+02  0.3132421789543507E-17
  0.4521700626293120E+02  0.2083706783621295E-17
  0.4563780769175710E+02  0.1380727348065415E-17
  0.4606252521006207E+02  0.9113359856655585E-18
  0.4649119526201138E+02  0.5991458507343998E-18
  0.4692385463092932E+02  0.3923322983946322E-18
  0.4736054044245552E+02  0.2558744463632326E-18
  0.4780129016773068E+02  0.1662014634992733E-18
  0.4824614162661182E+02  0.1075131091522870E-18
  0.4869513299091756E+02  0.6926120959193535E-19
  0.4914830278770359E+02  0.4443283911055052E-19
  0.4960568990256856E+02  0.2838484395499534E-19
  0.5006733358299080E+02  0.1805595105064468E-19
  0.5053327344169607E+02  0.1143637623852408E-19
  0.5100354946005662E+02  0.7212292737892719E-20
  0.5147820199152195E+02  0.4528533436115901E-20
  0.5195727176508144E+02  0.2830892943037773E-20
  0.5244079988875922E+02  0.1761785760846722E-20
  0.5292882785314158E+02  0.1091511989251839E-20
  0.5342139753493719E+02  0.6731804653186125E-21
  0.5391855120057043E+02  0.4132793680526636E-21
  0.5442033150980826E+02  0.2525495766122657E-21
  0.5492678151942068E+02  0.1536107351442878E-21
  0.5543794468687538E+02  0.9299286369220612E-22
  0.5595386487406680E+02  0.5602885675333742E-22
  0.5647458635107975E+02  0.3359609191907025E-22
  0.5700015379998816E+02  0.2004754600984218E-22
  0.5753061231868919E+02  0.1190445594183043E-22
  0.5806600742477295E+02  0.7034188386222533E-23
  0.5860638505942829E+02  0.4135753057249660E-23
  0.5915179159138493E+02  0.2419419799839778E-23
  0.5970227382089226E+02  0.1408197492695347E-23
  0.6025787898373517E+02  0.8154382849812109E-24
  0.6081865475528730E+02  0.4697568510500098E-24
  0.6138464925460189E+02  0.2692084874195389E-24
  0.6195591104854086E+02  0.1534676651684347E-24
  0.6253248915594219E+02  0.8702344125892365E-25
  0.6311443305182614E+02  0.4908235227117792E-25
  0.6370179267164060E+02  0.2753357155551226E-25
  0.6429461841554597E+02  0.1536122735122156E-25
  0.6489296115273987E+02  0.8523017551532521E-26
  0.6549687222582216E+02  0.4702650000495398E-26
  0.6610640345520048E+02  0.2580187353613799E-26
  0.6672160714353694E+02  0.1407655662306411E-26
  0.6734253608023606E+02  0.7635813417380936E-27
  0.6796924354597451E+02  0.4118174457740002E-27
  0.6860178331727307E+02  0.2208113461571010E-27
  0.6924020967111103E+02  0.1177014140968464E-27
  0.6988457738958365E+02  0.6236800413579829E-28
  0.7053494176460282E+02  0.3285018968614886E-28
  0.7119135860264164E+02  0.1719830171248461E-28
  0.7185388422952300E+02  0.8949122319097167E-29
  0.7252257549525282E+02  0.4628047939598127E-29
  0.7319748977889820E+02  0.2378553227954882E-29
  0.7387868499351104E+02  0.1214787703737961E-29
  0.7456621959109745E+02  0.6165027526452470E-30
  0.7526015256763333E+02  0.3108788460004716E-30
  0.7596054346812682E+02  0.1557553602924951E-30
  0.7666745239172758E+02  0.7752904491496858E-31
  0.7738093999688394E+02  0.3833797309577103E-31
  0.7810106750654775E+02  0.1883261300596231E-31
  0.7882789671342792E+02  0.9189289357305592E-32
  0.7956148998529258E+02  0.4453650439178268E-32
  0.8030191027032090E+02  0.2143807941677534E-32
  0.8104922110250442E+02  0.1024857808355981E-32
  0.8180348660709882E+02  0.4865433385503271E-33
  0.8256477150612642E+02  0.2293673281044101E-33
  0.8333314112392976E+02  0.1073656505935244E-33
  0.8410866139277705E+02  0.4989928872704590E-34
  0.8489139885851961E+02  0.2302447243616936E-34
  0.8568142068630209E+02  0.1054683714156101E-34
  0.8647879466632571E+02  0.4795817242891373E-35
  0.8728358921966532E+02  0.2164617603664774E-35
  0.8809587340414031E+02  0.9697236654244432E-36
  0.8891571692024050E+02  0.4311544233847166E-36
  0.8974319011710686E+02  0.1902414993014314E-36
  0.9057836399856814E+02  0.8329798113674250E-37
  0.9142131022923346E+02  0.3619007232094220E-37
  0.9227210114064177E+02  0.1560051227625316E-37
  0.9313080973746851E+02  0.6671923972253059E-38
  0.9399750970378993E+02  0.2830702557297491E-38
  0.9487227540940577E+02  0.1191341066489853E-38
  0.9575518191622085E+02  0.4973295090062656E-39
  0.9664630498468591E+02  0.2059139666139621E-39
  0.9754572108029853E+02  0.8455275457174215E-40
  0.9845350738016445E+02  0.3442997576452813E-40
  0.9936974177961994E+02  0.1390205464677304E-40
  0.1002945028989159E+03  0.5565710289454659E-41
  0.1012278700899642E+03  0.2209160338722307E-41
  0.1021699234431465E+03  0.8692892548388274E-42
  0.1031207437941867E+03  0.3390758834088068E-42
  0.1040804127310874E+03  0.1310961023190935E-42
  0.1050490126011308E+03  0.5023511478568364E-43
  0.1060266265179447E+03  0.1907716762251783E-43
  0.1070133383686343E+03  0.7179150953771272E-44
  0.1080092328209803E+03  0.2677000548705312E-44
  0.1090143953307043E+03  0.9890157061366728E-45
  0.1100289121488015E+03  0.3619929487230803E-45
  0.1110528703289416E+03  0.1312507336092146E-45
  0.1120863577349387E+03  0.4713790262816703E-46
  0.1131294630482911E+03  0.1676746872198051E-46
  0.1141822757757903E+03  0.5906837187766243E-47
  0.1152448862572018E+03  0.2060600986197402E-47
  0.1163173856730170E+03  0.7117786079178943E-48
  0.1173998660522770E+03  0.2434263286406634E-48
  0.1184924202804693E+03  0.8241624160534718E-49
  0.1195951421074987E+03  0.0000000000000000E+00
  0.1207081261557311E+03  0.0000000000000000E+00
  0.1218314679281135E+03  0.0000000000000000E+00
  0.1229652638163683E+03  0.0000000000000000E+00
  0.1241096111092650E+03  0.0000000000000000E+00
  0.1252646080009680E+03  0.0000000000000000E+00
  0.1264303535994628E+03  0.0000000000000000E+00
  0.1276069479350597E+03  0.0000000000000000E+00
  0.1287944919689778E+03  0.0000000000000000E+00
  0.1299930876020080E+03  0.0000000000000000E+00
  0.1312028376832569E+03  0.0000000000000000E+00
  0.1324238460189721E+03  0.0000000000000000E+00
  0.1336562173814495E+03  0.0000000000000000E+00
  0.1349000575180241E+03  0.0000000000000000E+00
  0.1361554731601431E+03  0.0000000000000000E+00
  0.1374225720325251E+03  0.0000000000000000E+00
  0.1387014628624034E+03  0.0000000000000000E+00
  0.1399922553888557E+03  0.0000000000000000E+00
  0.1412950603722206E+03  0.0000000000000000E+00
  0.1426099896036017E+03  0.0000000000000000E+00
  0.1439371559144601E+03  0.0000000000000000E+00
  0.1452766731862967E+03  0.0000000000000000E+00
  0.1466286563604233E+03  0.0000000000000000E+00
  0.1479932214478265E+03  0.0000000000000000E+00
  0.1493704855391213E+03  0.0000000000000000E+00
  0.1507605668145995E+03  0.0000000000000000E+00
  0.1521635845543694E+03  0.0000000000000000E+00
  0.1535796591485921E+03  0.0000000000000000E+00
  0.1550089121078111E+03  0.0000000000000000E+00
  0.1564514660733793E+03  0.0000000000000000E+00
  0.1579074448279823E+03  0.0000000000000000E+00
  0.1593769733062605E+03  0.0000000000000000E+00
  0.1608601776055287E+03  0.0000000000000000E+00
  0.1623571849965970E+03  0.0000000000000000E+00
  0.1638681239346913E+03  0.0000000000000000E+00
  0.1653931240704757E+03  0.0000000000000000E+00
  0.1669323162611778E+03  0.0000000000000000E+00
  0.1684858325818172E+03  0.0000000000000000E+00
  0.1700538063365385E+03  0.0000000000000000E+00
  0.1716363720700501E+03  0.0000000000000000E+00
  0.1732336655791689E+03  0.0000000000000000E+00
  0.1748458239244732E+03  0.0000000000000000E+00
  0.1764729854420629E+03  0.0000000000000000E+00
  0.1781152897554306E+03  0.0000000000000000E+00
  0.1797728777874421E+03  0.0000000000000000E+00
  0.1814458917724283E+03  0.0000000000000000E+00
  0.1831344752683909E+03  0.0000000000000000E+00
  0.1848387731693201E+03  0.0000000000000000E+00
  0.1865589317176280E+03  0.0000000000000000E+00
  0.1882950985166972E+03  0.0000000000000000E+00
  0.1900474225435466E+03  0.0000000000000000E+00
  0.1918160541616147E+03  0.0000000000000000E+00
  0.1936011451336616E+03  0.0000000000000000E+00
  0.1954028486347923E+03  0.0000000000000000E+00
  0.1972213192655995E+03  0.0000000000000000E+00
  0.1990567130654302E+03  0.0000000000000000E+00
  0.2009091875257746E+03  0.0000000000000000E+00
  0.2027789016037807E+03  0.0000000000000000E+00
  0.2046660157358936E+03  0.0000000000000000E+00
  0.2065706918516223E+03  0.0000000000000000E+00
  0.2084930933874351E+03  0.0000000000000000E+00
  0.2104333853007828E+03  0.0000000000000000E+00
  0.2123917340842543E+03  0.0000000000000000E+00
  0.2143683077798625E+03  0.0000000000000000E+00
  0.2163632759934636E+03  0.0000000000000000E+00
  0.2183768099093110E+03  0.0000000000000000E+00
  0.2204090823047440E+03  0.0000000000000000E+00
  0.2224602675650135E+03  0.0000000000000000E+00
  0.2245305416982457E+03  0.0000000000000000E+00
  0.2266200823505450E+03  0.0000000000000000E+00
  0.2287290688212377E+03  0.0000000000000000E+00
  0.2308576820782567E+03  0.0000000000000000E+00
  0.2330061047736708E+03  0.0000000000000000E+00
  0.2351745212593569E+03  0.0000000000000000E+00
  0.2373631176028195E+03  0.0000000000000000E+00
  0.2395720816031566E+03  0.0000000000000000E+00
  0.2418016028071741E+03  0.0000000000000000E+00
  0.2440518725256508E+03  0.0000000000000000E+00
  0.2463230838497542E+03  0.0000000000000000E+00
  0.2486154316676094E+03  0.0000000000000000E+00
  0.2509291126810217E+03  0.0000000000000000E+00
  0.2532643254223559E+03  0.0000000000000000E+00
  0.2556212702715711E+03  0.0000000000000000E+00
  0.2580001494734157E+03  0.0000000000000000E+00
  0.2604011671547810E+03  0.0000000000000000E+00
  0.2628245293422173E+03  0.0000000000000000E+00
  0.2652704439796125E+03  0.0000000000000000E+00
  0.2677391209460353E+03  0.0000000000000000E+00
  0.2702307720737447E+03  0.0000000000000000E+00
  0.2727456111663666E+03  0.0000000000000000E+00
  0.2752838540172403E+03  0.0000000000000000E+00
  0.2778457184279347E+03  0.0000000000000000E+00
  0.2804314242269379E+03  0.0000000000000000E+00
  0.2830411932885202E+03  0.0000000000000000E+00
  0.2856752495517725E+03  0.0000000000000000E+00
  0.2883338190398220E+03  0.0000000000000000E+00
  0.2910171298792273E+03  0.0000000000000000E+00
  0.2937254123195528E+03  0.0000000000000000E+00
  0.2964588987531264E+03  0.0000000000000000E+00
  0.2992178237349807E+03  0.0000000000000000E+00
  0.3020024240029792E+03  0.0000000000000000E+00
  0.3048129384981308E+03  0.0000000000000000E+00
  0.3076496083850928E+03  0.0000000000000000E+00
  0.3105126770728644E+03  0.0000000000000000E+00
  0.3134023902356734E+03  0.0000000000000000E+00
  0.3163189958340571E+03  0.0000000000000000E+00
  0.3192627441361391E+03  0.0000000000000000E+00
  0.3222338877391046E+03  0.0000000000000000E+00
  0.3252326815908748E+03  0.0000000000000000E+00
  0.3282593830119839E+03  0.0000000000000000E+00
  0.3313142517176589E+03  0.0000000000000000E+00
  0.3343975498401059E+03  0.0000000000000000E+00
  0.3375095419510021E+03  0.0000000000000000E+00
  0.3406504950841992E+03  0.0000000000000000E+00
  0.3438206787586365E+03  0.0000000000000000E+00
  0.3470203650014678E+03  0.0000000000000000E+00
  0.3502498283714036E+03  0.0000000000000000E+00
  0.3535093459822706E+03  0.0000000000000000E+00
  0.3567991975267898E+03  0.0000000000000000E+00
  0.3601196653005770E+03  0.0000000000000000E+00
  0.3634710342263657E+03  0.0000000000000000E+00
  0.3668535918784556E+03  0.0000000000000000E+00
  0.3702676285073890E+03  0.0000000000000000E+00
  0.3737134370648567E+03  0.0000000000000000E+00
  0.3771913132288353E+03  0.0000000000000000E+00
  0.3807015554289591E+03  0.0000000000000000E+00
  0.3842444648721274E+03  0.0000000000000000E+00
  0.3878203455683507E+03  0.0000000000000000E+00
  0.3914295043568372E+03  0.0000000000000000E+00
  0.3950722509323219E+03  0.0000000000000000E+00
  0.3987488978716409E+03  0.0000000000000000E+00
  0.4024597606605533E+03  0.0000000000000000E+00
  0.4062051577208120E+03  0.0000000000000000E+00
  0.4099854104374870E+03  0.0000000000000000E+00
  0.4138008431865430E+03  0.0000000000000000E+00
  0.4176517833626731E+03  0.0000000000000000E+00
  0.4215385614073923E+03  0.0000000000000000E+00
  0.4254615108373915E+03  0.0000000000000000E+00
  0.4294209682731563E+03  0.0000000000000000E+00
  0.4334172734678519E+03  0.0000000000000000E+00
  0.4374507693364761E+03  0.0000000000000000E+00
  0.4415218019852845E+03  0.0000000000000000E+00
  0.4456307207414893E+03  0.0000000000000000E+00
  0.4497778781832338E+03  0.0000000000000000E+00
  0.4539636301698472E+03  0.0000000000000000E+00
  0.4581883358723796E+03  0.0000000000000000E+00
  0.4624523578044223E+03  0.0000000000000000E+00
  0.4667560618532136E+03  0.0000000000000000E+00
  0.4710998173110354E+03  0.0000000000000000E+00
  0.4754839969069015E+03  0.0000000000000000E+00
  0.4799089768385404E+03  0.0000000000000000E+00
  0.4843751368046763E+03  0.0000000000000000E+00
  0.4888828600376103E+03  0.0000000000000000E+00
  0.4934325333361047E+03  0.0000000000000000E+00
  0.4980245470985731E+03  0.0000000000000000E+00
  0.5026592953565807E+03  0.0000000000000000E+00
  0.5073371758086544E+03  0.0000000000000000E+00
  0.5120585898544088E+03  0.0000000000000000E+00
  0.5168239426289896E+03  0.0000000000000000E+00
  0.5216336430378376E+03  0.0000000000000000E+00
  0.5264881037917755E+03  0.0000000000000000E+00
  0.5313877414424227E+03  0.0000000000000000E+00
  0.5363329764179376E+03  0.0000000000000000E+00
  0.5413242330590949E+03  0.0000000000000000E+00
  0.5463619396556963E+03  0.0000000000000000E+00
  0.5514465284833224E+03  0.0000000000000000E+00
  0.5565784358404240E+03  0.0000000000000000E+00
  0.5617581020857616E+03  0.0000000000000000E+00
  0.5669859716761903E+03  0.0000000000000000E+00
  0.5722624932047985E+03  0.0000000000000000E+00
  0.5775881194394007E+03  0.0000000000000000E+00
  0.5829633073613884E+03  0.0000000000000000E+00
  0.5883885182049429E+03  0.0000000000000000E+00
  0.5938642174966132E+03  0.0000000000000000E+00
  0.5993908750952610E+03  0.0000000000000000E+00
  0.6049689652323794E+03  0.0000000000000000E+00
  0.6105989665527851E+03  0.0000000000000000E+00
  0.6162813621556903E+03  0.0000000000000000E+00
  0.6220166396361561E+03  0.0000000000000000E+00
  0.6278052911269326E+03  0.0000000000000000E+00
  0.6336478133406872E+03  0.0000000000000000E+00
  0.6395447076126271E+03  0.0000000000000000E+00
  0.6454964799435178E+03  0.0000000000000000E+00
  0.6515036410431013E+03  0.0000000000000000E+00
  0.6575667063739202E+03  0.0000000000000000E+00
  0.6636861961955476E+03  0.0000000000000000E+00
  0.6698626356092301E+03  0.0000000000000000E+00
  0.6760965546029454E+03  0.0000000000000000E+00
  0.6823884880968797E+03  0.0000000000000000E+00
  0.6887389759893277E+03  0.0000000000000000E+00
  0.6951485632030212E+03  0.0000000000000000E+00
  0.7016177997318865E+03  0.0000000000000000E+00
  0.7081472406882393E+03  0.0000000000000000E+00
  0.7147374463504175E+03  0.0000000000000000E+00
  0.7213889822108572E+03  0.0000000000000000E+00
  0.7281024190246170E+03  0.0000000000000000E+00
  0.7348783328583534E+03  0.0000000000000000E+00
  0.7417173051397510E+03  0.0000000000000000E+00
  0.7486199227074151E+03  0.0000000000000000E+00
  0.7555867778612259E+03  0.0000000000000000E+00
  0.7626184684131632E+03  0.0000000000000000E+00
  0.7697155977386034E+03  0.0000000000000000E+00
  0.7768787748280936E+03  0.0000000000000000E+00
  0.7841086143396085E+03  0.0000000000000000E+00
  0.7914057366512924E+03  0.0000000000000000E+00
  0.7987707679146928E+03  0.0000000000000000E+00
  0.8062043401084892E+03  0.0000000000000000E+00
  0.8137070910927222E+03  0.0000000000000000E+00
  0.8212796646635264E+03  0.0000000000000000E+00
  0.8289227106083741E+03  0.0000000000000000E+00
  0.8366368847618314E+03  0.0000000000000000E+00
  0.8444228490618348E+03  0.0000000000000000E+00
  0.8522812716064900E+03  0.0000000000000000E+00
  0.8602128267114010E+03  0.0000000000000000E+00
  0.8682181949675311E+03  0.0000000000000000E+00
  0.8762980632996031E+03  0.0000000000000000E+00
  0.8844531250250433E+03  0.0000000000000000E+00
  0.8926840799134734E+03  0.0000000000000000E+00
  0.9009916342467566E+03  0.0000000000000000E+00
  0.9093765008796015E+03  0.0000000000000000E+00
  0.9178393993007321E+03  0.0000000000000000E+00
  0.9263810556946244E+03  0.0000000000000000E+00
  0.9350022030038193E+03  0.0000000000000000E+00
  0.9437035809918153E+03  0.0000000000000000E+00
  0.9524859363065458E+03  0.0000000000000000E+00
  0.9613500225444470E+03  0.0000000000000000E+00
  0.9702966003151238E+03  0.0000000000000000E+00
  0.9793264373066148E+03  0.0000000000000000E+00
  0.9884403083512668E+03  0.0000000000000000E+00
  0.9976389954922217E+03  0.0000000000000000E+00
  0.1006923288050522E+04  0.0000000000000000E+00
  0.1016293982692840E+04  0.0000000000000000E+00
  0.1025751883499839E+04  0.0000000000000000E+00
  0.1035297802035172E+04  0.0000000000000000E+00
  0.1044932557415115E+04  0.0000000000000000E+00
  0.1054656976378858E+04  0.0000000000000000E+00
  0.1064471893359447E+04  0.0000000000000000E+00
  0.1074378150555378E+04  0.0000000000000000E+00
  0.1084376598002874E+04  0.0000000000000000E+00
  0.1094468093648817E+04  0.0000000000000000E+00
  0.1104653503424371E+04  0.0000000000000000E+00
  0.1114933701319285E+04  0.0000000000000000E+00
  0.1125309569456886E+04  0.0000000000000000E+00
  0.1135781998169777E+04  0.0000000000000000E+00
  0.1146351886076230E+04  0.0000000000000000E+00
  0.1157020140157296E+04  0.0000000000000000E+00
  0.1167787675834634E+04  0.0000000000000000E+00
  0.1178655417049056E+04  0.0000000000000000E+00
  0.1189624296339816E+04  0.0000000000000000E+00
  0.1200695254924620E+04  0.0000000000000000E+00
  0.1211869242780401E+04  0.0000000000000000E+00
  0.1223147218724823E+04  0.0000000000000000E+00
  0.1234530150498565E+04  0.0000000000000000E+00
  0.1246019014848355E+04  0.0000000000000000E+00
  0.1257614797610785E+04  0.0000000000000000E+00
  0.1269318493796904E+04  0.0000000000000000E+00
  0.1281131107677596E+04  0.0000000000000000E+00
  0.1293053652869756E+04  0.0000000000000000E+00
  0.1305087152423268E+04  0.0000000000000000E+00
  0.1317232638908786E+04  0.0000000000000000E+00
  0.1329491154506341E+04  0.0000000000000000E+00
  0.1341863751094768E+04  0.0000000000000000E+00
  0.1354351490341965E+04  0.0000000000000000E+00
  0.1366955443795990E+04  0.0000000000000000E+00
  0.1379676692977014E+04  0.0000000000000000E+00
  0.1392516329470119E+04  0.0000000000000000E+00
  0.1405475455018967E+04  0.0000000000000000E+00
  0.1418555181620339E+04  0.0000000000000000E+00
  0.1431756631619552E+04  0.0000000000000000E+00
  0.1445080937806765E+04  0.0000000000000000E+00
  0.1458529243514183E+04  0.0000000000000000E+00
  0.1472102702714162E+04  0.0000000000000000E+00
  0.1485802480118231E+04  0.0000000000000000E+00
  0.1499629751277033E+04  0.0000000000000000E+00
  0.1513585702681195E+04  0.0000000000000000E+00
  0.1527671531863142E+04  0.0000000000000000E+00
  0.1541888447499851E+04  0.0000000000000000E+00
  0.1556237669516567E+04  0.0000000000000000E+00
  0.1570720429191483E+04  0.0000000000000000E+00
  0.1585337969261393E+04  0.0000000000000000E+00
  0.1600091544028328E+04  0.0000000000000000E+00
  0.1614982419467185E+04  0.0000000000000000E+00
  0.1630011873334359E+04  0.0000000000000000E+00
  0.1645181195277386E+04  0.0000000000000000E+00
  0.1660491686945600E+04  0.0000000000000000E+00
  0.1675944662101830E+04  0.0000000000000000E+00
  0.1691541446735131E+04  0.0000000000000000E+00
  0.1707283379174561E+04  0.0000000000000000E+00
  0.1723171810204022E+04  0.0000000000000000E+00
  0.1739208103178172E+04  0.0000000000000000E+00
  0.1755393634139405E+04  0.0000000000000000E+00
  0.1771729791935930E+04  0.0000000000000000E+00
  0.1788217978340946E+04  0.0000000000000000E+00
  0.1804859608172925E+04  0.0000000000000000E+00
  0.1821656109417014E+04  0.0000000000000000E+00
  0.1838608923347566E+04  0.0000000000000000E+00
  0.1855719504651815E+04  0.0000000000000000E+00
  0.1872989321554703E+04  0.0000000000000000E+00
  0.1890419855944857E+04  0.0000000000000000E+00
  0.1908012603501754E+04  0.0000000000000000E+00
  0.1925769073824061E+04  0.0000000000000000E+00
  0.1943690790559169E+04  0.0000000000000000E+00
  0.1961779291533934E+04  0.0000000000000000E+00
  0.1980036128886637E+04  0.0000000000000000E+00
  0.1998462869200169E+04  0.0000000000000000E+00
  0.2017061093636454E+04  0.0000000000000000E+00
  0.2035832398072129E+04  0.0000000000000000E+00
  0.2054778393235481E+04  0.0000000000000000E+00
  0.2073900704844661E+04  0.0000000000000000E+00
  0.2093200973747184E+04  0.0000000000000000E+00
  0.2112680856060725E+04  0.0000000000000000E+00
  0.2132342023315228E+04  0.0000000000000000E+00
  0.2152186162596340E+04  0.0000000000000000E+00
  0.2172214976690170E+04  0.0000000000000000E+00
  0.2192430184229408E+04  0.0000000000000000E+00
  0.2212833519840794E+04  0.0000000000000000E+00
  0.2233426734293962E+04  0.0000000000000000E+00
  0.2254211594651675E+04  0.0000000000000000E+00
  0.2275189884421445E+04  0.0000000000000000E+00
  0.2296363403708581E+04  0.0000000000000000E+00
  0.2317733969370647E+04  0.0000000000000000E+00
  0.2339303415173364E+04  0.0000000000000000E+00
  0.2361073591947964E+04  0.0000000000000000E+00
  0.2383046367750002E+04  0.0000000000000000E+00
  0.2405223628019654E+04  0.0000000000000000E+00
  0.2427607275743501E+04  0.0000000000000000E+00
  0.2450199231617821E+04  0.0000000000000000E+00
  0.2473001434213398E+04  0.0000000000000000E+00
  0.2496015840141872E+04  0.0000000000000000E+00
  0.2519244424223626E+04  0.0000000000000000E+00
  0.2542689179657247E+04  0.0000000000000000E+00
  0.2566352118190553E+04  0.0000000000000000E+00
  0.2590235270293222E+04  0.0000000000000000E+00
  0.2614340685331017E+04  0.0000000000000000E+00
  0.2638670431741646E+04  0.0000000000000000E+00
  0.2663226597212241E+04  0.0000000000000000E+00
  0.2688011288858506E+04  0.0000000000000000E+00
  0.2713026633405520E+04  0.0000000000000000E+00
  0.2738274777370231E+04  0.0000000000000000E+00
  0.2763757887245638E+04  0.0000000000000000E+00
  0.2789478149686700E+04  0.0000000000000000E+00
  0.2815437771697966E+04  0.0000000000000000E+00
  0.2841638980822951E+04  0.0000000000000000E+00
  0.2868084025335284E+04  0.0000000000000000E+00
  0.2894775174431617E+04  0.0000000000000000E+00
  0.2921714718426354E+04  0.0000000000000000E+00
  0.2948904968948164E+04  0.0000000000000000E+00
  0.2976348259138351E+04  0.0000000000000000E+00
  0.3004046943851045E+04  0.0000000000000000E+00
  0.3032003399855273E+04  0.0000000000000000E+00
  0.3060220026038903E+04  0.0000000000000000E+00
  0.3088699243614491E+04  0.0000000000000000E+00
  0.3117443496327035E+04  0.0000000000000000E+00
  0.3146455250663672E+04  0.0000000000000000E+00
  0.3175736996065322E+04  0.0000000000000000E+00
  0.3205291245140299E+04  0.0000000000000000E+00
  0.3235120533879918E+04  0.0000000000000000E+00
  0.3265227421876097E+04  0.0000000000000000E+00
  0.3295614492540996E+04  0.0000000000000000E+00
  0.3326284353328693E+04  0.0000000000000000E+00
  0.3357239635958922E+04  0.0000000000000000E+00
  0.3388482996642898E+04  0.0000000000000000E+00
  0.3420017116311242E+04  0.0000000000000000E+00
  0.3451844700844023E+04  0.0000000000000000E+00
  0.3483968481302947E+04  0.0000000000000000E+00
  0.3516391214165703E+04  0.0000000000000000E+00
  0.3549115681562492E+04  0.0000000000000000E+00
  0.3582144691514754E+04  0.0000000000000000E+00
  0.3615481078176118E+04  0.0000000000000000E+00
  0.3649127702075602E+04  0.0000000000000000E+00
  0.3683087450363058E+04  0.0000000000000000E+00
  0.3717363237056924E+04  0.0000000000000000E+00
  0.3751958003294262E+04  0.0000000000000000E+00
  0.3786874717583134E+04  0.0000000000000000E+00
  0.3822116376057324E+04  0.0000000000000000E+00
  0.3857686002733433E+04  0.0000000000000000E+00
  0.3893586649770355E+04  0.0000000000000000E+00
  0.3929821397731188E+04  0.0000000000000000E+00
  0.3966393355847563E+04  0.0000000000000000E+00
  0.4003305662286444E+04  0.0000000000000000E+00
  0.4040561484419407E+04  0.0000000000000000E+00
  0.4078164019094428E+04  0.0000000000000000E+00
  0.4116116492910193E+04  0.0000000000000000E+00
  0.4154422162492974E+04  0.0000000000000000E+00
  0.4193084314776065E+04  0.0000000000000000E+00
  0.4232106267281833E+04  0.0000000000000000E+00
  0.4271491368406388E+04  0.0000000000000000E+00
  0.4311242997706896E+04  0.0000000000000000E+00
  0.4351364566191581E+04  0.0000000000000000E+00
  0.4391859516612410E+04  0.0000000000000000E+00
  0.4432731323760511E+04  0.0000000000000000E+00
  0.4473983494764340E+04  0.0000000000000000E+00
  0.4515619569390617E+04  0.0000000000000000E+00
  0.4557643120348068E+04  0.0000000000000000E+00
  0.4600057753593992E+04  0.0000000000000000E+00
  0.4642867108643683E+04  0.0000000000000000E+00
  0.4686074858882725E+04  0.0000000000000000E+00
  0.4729684711882202E+04  0.0000000000000000E+00
  0.4773700409716836E+04  0.0000000000000000E+00
  0.4818125729286086E+04  0.0000000000000000E+00
  0.4862964482638238E+04  0.0000000000000000E+00
  0.4908220517297508E+04  0.0000000000000000E+00
  0.4953897716594191E+04  0.0000000000000000E+00
  0.4999999999997881E+04  0.0000000000000000E+00
