        2000           1
      0
      2.
    -0.9179555628563217E+00
     0.3823541230167209E+00
  0.2269996488124243E-04  0.1078947488301634E-03
  0.2291121676290791E-04  0.1088987999116152E-03
  0.2312443461050068E-04  0.1099121940978700E-03
  0.2333963671982003E-04  0.1109350183222474E-03
  0.2355684155693081E-04  0.1119673603267908E-03
  0.2377606775974795E-04  0.1130093086697879E-03
  0.2399733413963575E-04  0.1140609527333608E-03
  0.2422065968302205E-04  0.1151223827311276E-03
  0.2444606355302740E-04  0.1161936897159342E-03
  0.2467356509110944E-04  0.1172749655876584E-03
  0.2490318381872252E-04  0.1183663031010865E-03
  0.2513493943899283E-04  0.1194677958738628E-03
  0.2536885183840904E-04  0.1205795383945134E-03
  0.2560494108852877E-04  0.1217016260305445E-03
  0.2584322744770085E-04  0.1228341550366153E-03
  0.2608373136280369E-04  0.1239772225627875E-03
  0.2632647347099975E-04  0.1251309266628515E-03
  0.2657147460150637E-04  0.1262953663027295E-03
  0.2681875577738313E-04  0.1274706413689569E-03
  0.2706833821733574E-04  0.1286568526772424E-03
  0.2732024333753683E-04  0.1298541019811080E-03
  0.2757449275346357E-04  0.1310624919806086E-03
  0.2783110828175251E-04  0.1322821263311332E-03
  0.2809011194207157E-04  0.1335131096522878E-03
  0.2835152595900955E-04  0.1347555475368602E-03
  0.2861537276398314E-04  0.1360095465598690E-03
  0.2888167499716173E-04  0.1372752142876958E-03
  0.2915045550941014E-04  0.1385526592873031E-03
  0.2942173736424937E-04  0.1398419911355369E-03
  0.2969554383983565E-04  0.1411433204285164E-03
  0.2997189843095789E-04  0.1424567587911107E-03
  0.3025082485105374E-04  0.1437824188865036E-03
  0.3053234703424437E-04  0.1451204144258468E-03
  0.3081648913738821E-04  0.1464708601780034E-03
  0.3110327554215382E-04  0.1478338719793819E-03
  0.3139273085711201E-04  0.1492095667438604E-03
  0.3168487991984747E-04  0.1505980624728048E-03
  0.3197974779909003E-04  0.1519994782651783E-03
  0.3227735979686575E-04  0.1534139343277463E-03
  0.3257774145066805E-04  0.1548415519853744E-03
  0.3288091853564901E-04  0.1562824536914242E-03
  0.3318691706683109E-04  0.1577367630382430E-03
  0.3349576330133948E-04  0.1592046047677538E-03
  0.3380748374065508E-04  0.1606861047821409E-03
  0.3412210513288860E-04  0.1621813901546371E-03
  0.3443965447507575E-04  0.1636905891404091E-03
  0.3476015901549381E-04  0.1652138311875454E-03
  0.3508364625599973E-04  0.1667512469481457E-03
  0.3541014395439002E-04  0.1683029682895128E-03
  0.3573968012678259E-04  0.1698691283054495E-03
  0.3607228305002077E-04  0.1714498613276595E-03
  0.3640798126409966E-04  0.1730453029372543E-03
  0.3674680357461513E-04  0.1746555899763674E-03
  0.3708877905523554E-04  0.1762808605598758E-03
  0.3743393705019650E-04  0.1779212540872307E-03
  0.3778230717681884E-04  0.1795769112543977E-03
  0.3813391932805003E-04  0.1812479740659082E-03
  0.3848880367502922E-04  0.1829345858470226E-03
  0.3884699066967615E-04  0.1846368912560060E-03
  0.3920851104730421E-04  0.1863550362965186E-03
  0.3957339582925773E-04  0.1880891683301204E-03
  0.3994167632557390E-04  0.1898394360888925E-03
  0.4031338413766939E-04  0.1916059896881755E-03
  0.4068855116105202E-04  0.1933889806394255E-03
  0.4106720958805766E-04  0.1951885618631906E-03
  0.4144939191061255E-04  0.1970048877022067E-03
  0.4183513092302144E-04  0.1988381139346154E-03
  0.4222445972478152E-04  0.2006883977873050E-03
  0.4261741172342268E-04  0.2025558979493742E-03
  0.4301402063737413E-04  0.2044407745857218E-03
  0.4341432049885769E-04  0.2063431893507620E-03
  0.4381834565680806E-04  0.2082633054022673E-03
  0.4422613077982022E-04  0.2102012874153397E-03
  0.4463771085912426E-04  0.2121573015965111E-03
  0.4505312121158792E-04  0.2141315156979755E-03
  0.4547239748274706E-04  0.2161240990319526E-03
  0.4589557564986435E-04  0.2181352224851849E-03
  0.4632269202501636E-04  0.2201650585335693E-03
  0.4675378325820948E-04  0.2222137812569241E-03
  0.4718888634052474E-04  0.2242815663538940E-03
  0.4762803860729198E-04  0.2263685911569924E-03
  0.4807127774129349E-04  0.2284750346477834E-03
  0.4851864177599751E-04  0.2306010774722054E-03
  0.4897016909882180E-04  0.2327469019560362E-03
  0.4942589845442760E-04  0.2349126921205013E-03
  0.4988586894804421E-04  0.2370986336980281E-03
  0.5035012004882455E-04  0.2393049141481451E-03
  0.5081869159323193E-04  0.2415317226735293E-03
  0.5129162378845832E-04  0.2437792502362021E-03
  0.5176895721587447E-04  0.2460476895738758E-03
  0.5225073283451210E-04  0.2483372352164511E-03
  0.5273699198457854E-04  0.2506480835026683E-03
  0.5322777639100402E-04  0.2529804325969129E-03
  0.5372312816702199E-04  0.2553344825061763E-03
  0.5422308981778283E-04  0.2577104350971746E-03
  0.5472770424400109E-04  0.2601084941136260E-03
  0.5523701474563675E-04  0.2625288651936881E-03
  0.5575106502561061E-04  0.2649717558875575E-03
  0.5626989919355449E-04  0.2674373756752316E-03
  0.5679356176959610E-04  0.2699259359844366E-03
  0.5732209768817921E-04  0.2724376502087202E-03
  0.5785555230191945E-04  0.2749727337257133E-03
  0.5839397138549590E-04  0.2775314039155600E-03
  0.5893740113957889E-04  0.2801138801795194E-03
  0.5948588819479445E-04  0.2827203839587392E-03
  0.6003947961572554E-04  0.2853511387532035E-03
  0.6059822290495057E-04  0.2880063701408568E-03
  0.6116216600711957E-04  0.2906863057969042E-03
  0.6173135731306811E-04  0.2933911755132919E-03
  0.6230584566396974E-04  0.2961212112183668E-03
  0.6288568035552686E-04  0.2988766469967199E-03
  0.6347091114220074E-04  0.3016577191092118E-03
  0.6406158824148083E-04  0.3044646660131859E-03
  0.6465776233819385E-04  0.3072977283828673E-03
  0.6525948458885291E-04  0.3101571491299509E-03
  0.6586680662604719E-04  0.3130431734243822E-03
  0.6647978056287238E-04  0.3159560487153273E-03
  0.6709845899740246E-04  0.3188960247523408E-03
  0.6772289501720302E-04  0.3218633536067273E-03
  0.6835314220388654E-04  0.3248582896931021E-03
  0.6898925463771022E-04  0.3278810897911513E-03
  0.6963128690221642E-04  0.3309320130675933E-03
  0.7027929408891640E-04  0.3340113210983447E-03
  0.7093333180201759E-04  0.3371192778908902E-03
  0.7159345616319492E-04  0.3402561499068607E-03
  0.7225972381640647E-04  0.3434222060848205E-03
  0.7293219193275399E-04  0.3466177178632651E-03
  0.7361091821538862E-04  0.3498429592038325E-03
  0.7429596090446230E-04  0.3530982066147293E-03
  0.7498737878212527E-04  0.3563837391743743E-03
  0.7568523117757000E-04  0.3596998385552592E-03
  0.7638957797212210E-04  0.3630467890480341E-03
  0.7710047960437870E-04  0.3664248775858111E-03
  0.7781799707539447E-04  0.3698343937686970E-03
  0.7854219195391607E-04  0.3732756298885519E-03
  0.7927312638166520E-04  0.3767488809539757E-03
  0.8001086307867086E-04  0.3802544447155282E-03
  0.8075546534865125E-04  0.3837926216911816E-03
  0.8150699708444573E-04  0.3873637151920080E-03
  0.8226552277349736E-04  0.3909680313481060E-03
  0.8303110750338635E-04  0.3946058791347669E-03
  0.8380381696741522E-04  0.3982775703988823E-03
  0.8458371747024574E-04  0.4019834198855979E-03
  0.8537087593358839E-04  0.4057237452652117E-03
  0.8616535990194479E-04  0.4094988671603236E-03
  0.8696723754840365E-04  0.4133091091732342E-03
  0.8777657768049038E-04  0.4171547979135986E-03
  0.8859344974607152E-04  0.4210362630263355E-03
  0.8941792383931379E-04  0.4249538372197947E-03
  0.9025007070669881E-04  0.4289078562941852E-03
  0.9108996175309364E-04  0.4328986591702662E-03
  0.9193766904787798E-04  0.4369265879183039E-03
  0.9279326533112825E-04  0.4409919877872962E-03
  0.9365682401985922E-04  0.4450952072344673E-03
  0.9452841921432391E-04  0.4492365979550357E-03
  0.9540812570437184E-04  0.4534165149122573E-03
  0.9629601897586672E-04  0.4576353163677463E-03
  0.9719217521716365E-04  0.4618933639120768E-03
  0.9809667132564677E-04  0.4661910224956674E-03
  0.9900958491432756E-04  0.4705286604599514E-03
  0.9993099431850480E-04  0.4749066495688347E-03
  0.1008609786024863E-03  0.4793253650404459E-03
  0.1017996175663731E-03  0.4837851855791787E-03
  0.1027469917529073E-03  0.4882864934080311E-03
  0.1037031824543830E-03  0.4928296743012436E-03
  0.1046682717196219E-03  0.4974151176172392E-03
  0.1056423423610138E-03  0.5020432163318678E-03
  0.1066254779616223E-03  0.5067143670719576E-03
  0.1076177628823574E-03  0.5114289701491779E-03
  0.1086192822692140E-03  0.5161874295942126E-03
  0.1096301220605780E-03  0.5209901531912523E-03
  0.1106503689946008E-03  0.5258375525128017E-03
  0.1116801106166420E-03  0.5307300429548134E-03
  0.1127194352867815E-03  0.5356680437721417E-03
  0.1137684321874014E-03  0.5406519781143260E-03
  0.1148271913308386E-03  0.5456822730617058E-03
  0.1158958035671089E-03  0.5507593596618672E-03
  0.1169743605917022E-03  0.5558836729664277E-03
  0.1180629549534509E-03  0.5610556520681601E-03
  0.1191616800624713E-03  0.5662757401384595E-03
  0.1202706301981791E-03  0.5715443844651562E-03
  0.1213899005173792E-03  0.5768620364906784E-03
  0.1225195870624308E-03  0.5822291518505654E-03
  0.1236597867694886E-03  0.5876461904123396E-03
  0.1248105974768211E-03  0.5931136163147344E-03
  0.1259721179332056E-03  0.5986318980072863E-03
  0.1271444478064013E-03  0.6042015082902912E-03
  0.1283276876917025E-03  0.6098229243551301E-03
  0.1295219391205694E-03  0.6154966278249674E-03
  0.1307273045693411E-03  0.6212231047958239E-03
  0.1319438874680288E-03  0.6270028458780299E-03
  0.1331717922091904E-03  0.6328363462380600E-03
  0.1344111241568888E-03  0.6387241056407544E-03
  0.1356619896557327E-03  0.6446666284919294E-03
  0.1369244960400020E-03  0.6506644238813818E-03
  0.1381987516428576E-03  0.6567180056262885E-03
  0.1394848658056375E-03  0.6628278923150088E-03
  0.1407829488872394E-03  0.6689946073512881E-03
  0.1420931122735898E-03  0.6752186789988717E-03
  0.1434154683872024E-03  0.6815006404265274E-03
  0.1447501306968242E-03  0.6878410297534859E-03
  0.1460972137271727E-03  0.6942403900952995E-03
  0.1474568330687626E-03  0.7006992696101216E-03
  0.1488291053878246E-03  0.7072182215454156E-03
  0.1502141484363162E-03  0.7137978042850924E-03
  0.1516120810620257E-03  0.7204385813970842E-03
  0.1530230232187705E-03  0.7271411216813550E-03
  0.1544470959766900E-03  0.7339059992183543E-03
  0.1558844215326342E-03  0.7407337934179175E-03
  0.1573351232206494E-03  0.7476250890686164E-03
  0.1587993255225612E-03  0.7545804763875654E-03
  0.1602771540786560E-03  0.7616005510706844E-03
  0.1617687356984620E-03  0.7686859143434276E-03
  0.1632741983716305E-03  0.7758371730119770E-03
  0.1647936712789182E-03  0.7830549395149082E-03
  0.1663272848032722E-03  0.7903398319753330E-03
  0.1678751705410178E-03  0.7976924742535210E-03
  0.1694374613131506E-03  0.8051134960000053E-03
  0.1710142911767335E-03  0.8126035327091786E-03
  0.1726057954363998E-03  0.8201632257733808E-03
  0.1742121106559637E-03  0.8277932225374871E-03
  0.1758333746701384E-03  0.8354941763539943E-03
  0.1774697265963633E-03  0.8432667466386188E-03
  0.1791213068467415E-03  0.8511115989264026E-03
  0.1807882571400886E-03  0.8590294049283373E-03
  0.1824707205140925E-03  0.8670208425885079E-03
  0.1841688413375882E-03  0.8750865961417638E-03
  0.1858827653229449E-03  0.8832273561719176E-03
  0.1876126395385699E-03  0.8914438196704823E-03
  0.1893586124215280E-03  0.8997366900959460E-03
  0.1911208337902785E-03  0.9081066774335927E-03
  0.1928994548575311E-03  0.9165544982558727E-03
  0.1946946282432209E-03  0.9250808757833289E-03
  0.1965065079876045E-03  0.9336865399460813E-03
  0.1983352495644779E-03  0.9423722274458781E-03
  0.2001810098945175E-03  0.9511386818187164E-03
  0.2020439473587448E-03  0.9599866534980375E-03
  0.2039242218121175E-03  0.9689168998785043E-03
  0.2058219945972453E-03  0.9779301853803629E-03
  0.2077374285582352E-03  0.9870272815143968E-03
  0.2096706880546646E-03  0.9962089669474760E-03
  0.2116219389756845E-03  0.1005476027568710E-02
  0.2135913487542543E-03  0.1014829256556205E-02
  0.2155790863815089E-03  0.1024269454444438E-02
  0.2175853224212594E-03  0.1033797429192245E-02
  0.2196102290246288E-03  0.1043413996251440E-02
  0.2216539799448241E-03  0.1053119978636050E-02
  0.2237167505520456E-03  0.1062916206992202E-02
  0.2257987178485351E-03  0.1072803519668643E-02
  0.2279000604837641E-03  0.1082782762787900E-02
  0.2300209587697634E-03  0.1092854790318108E-02
  0.2321615946965953E-03  0.1103020464145484E-02
  0.2343221519479698E-03  0.1113280654147469E-02
  0.2365028159170060E-03  0.1123636238266543E-02
  0.2387037737221406E-03  0.1134088102584715E-02
  0.2409252142231840E-03  0.1144637141398696E-02
  0.2431673280375257E-03  0.1155284257295758E-02
  0.2454303075564915E-03  0.1166030361230292E-02
  0.2477143469618516E-03  0.1176876372601065E-02
  0.2500196422424830E-03  0.1187823219329187E-02
  0.2523463912111873E-03  0.1198871837936787E-02
  0.2546947935216643E-03  0.1210023173626415E-02
  0.2570650506856439E-03  0.1221278180361169E-02
  0.2594573660901779E-03  0.1232637820945552E-02
  0.2618719450150911E-03  0.1244103067107076E-02
  0.2643089946505974E-03  0.1255674899578604E-02
  0.2667687241150773E-03  0.1267354308181455E-02
  0.2692513444730223E-03  0.1279142291909261E-02
  0.2717570687531460E-03  0.1291039859012594E-02
  0.2742861119666638E-03  0.1303048027084371E-02
  0.2768386911257420E-03  0.1315167823146029E-02
  0.2794150252621198E-03  0.1327400283734503E-02
  0.2820153354459036E-03  0.1339746454989984E-02
  0.2846398448045370E-03  0.1352207392744489E-02
  0.2872887785419462E-03  0.1364784162611237E-02
  0.2899623639578653E-03  0.1377477840074840E-02
  0.2926608304673393E-03  0.1390289510582320E-02
  0.2953844096204108E-03  0.1403220269634956E-02
  0.2981333351219882E-03  0.1416271222880970E-02
  0.3009078428518997E-03  0.1429443486209060E-02
  0.3037081708851334E-03  0.1442738185842783E-02
  0.3065345595122666E-03  0.1456156458435806E-02
  0.3093872512600840E-03  0.1469699451168019E-02
  0.3122664909123889E-03  0.1483368321842527E-02
  0.3151725255310076E-03  0.1497164238983534E-02
  0.3181056044769889E-03  0.1511088381935101E-02
  0.3210659794320016E-03  0.1525141940960829E-02
  0.3240539044199309E-03  0.1539326117344429E-02
  0.3270696358286752E-03  0.1553642123491221E-02
  0.3301134324321468E-03  0.1568091183030553E-02
  0.3331855554124765E-03  0.1582674530919155E-02
  0.3362862683824250E-03  0.1597393413545431E-02
  0.3394158374080033E-03  0.1612249088834709E-02
  0.3425745310313029E-03  0.1627242826355432E-02
  0.3457626202935392E-03  0.1642375907426340E-02
  0.3489803787583091E-03  0.1657649625224606E-02
  0.3522280825350645E-03  0.1673065284894963E-02
  0.3555060103028049E-03  0.1688624203659829E-02
  0.3588144433339904E-03  0.1704327710930428E-02
  0.3621536655186773E-03  0.1720177148418918E-02
  0.3655239633888775E-03  0.1736173870251547E-02
  0.3689256261431460E-03  0.1752319243082833E-02
  0.3723589456713958E-03  0.1768614646210777E-02
  0.3758242165799450E-03  0.1785061471693131E-02
  0.3793217362167958E-03  0.1801661124464716E-02
  0.3828518046971497E-03  0.1818415022455806E-02
  0.3864147249291598E-03  0.1835324596711589E-02
  0.3900108026399226E-03  0.1852391291512709E-02
  0.3936403464017118E-03  0.1869616564496908E-02
  0.3973036676584565E-03  0.1887001886781758E-02
  0.4010010807524653E-03  0.1904548743088522E-02
  0.4047329029513996E-03  0.1922258631867129E-02
  0.4084994544754976E-03  0.1940133065422281E-02
  0.4123010585250519E-03  0.1958173570040709E-02
  0.4161380413081424E-03  0.1976381686119572E-02
  0.4200107320686278E-03  0.1994758968296032E-02
  0.4239194631143975E-03  0.2013306985577991E-02
  0.4278645698458858E-03  0.2032027321476016E-02
  0.4318463907848523E-03  0.2050921574136458E-02
  0.4358652676034297E-03  0.2069991356475775E-02
  0.4399215451534420E-03  0.2089238296316070E-02
  0.4440155714959957E-03  0.2108664036521854E-02
  0.4481476979313459E-03  0.2128270235138045E-02
  0.4523182790290409E-03  0.2148058565529217E-02
  0.4565276726583471E-03  0.2168030716520105E-02
  0.4607762400189570E-03  0.2188188392537374E-02
  0.4650643456719831E-03  0.2208533313752683E-02
  0.4693923575712400E-03  0.2229067216227021E-02
  0.4737606470948181E-03  0.2249791852056360E-02
  0.4781695890769503E-03  0.2270708989518618E-02
  0.4826195618401763E-03  0.2291820413221945E-02
  0.4871109472278054E-03  0.2313127924254347E-02
  0.4916441306366819E-03  0.2334633340334659E-02
  0.4962195010502551E-03  0.2356338495964887E-02
  0.5008374510719573E-03  0.2378245242583899E-02
  0.5054983769588921E-03  0.2400355448722529E-02
  0.5102026786558368E-03  0.2422671000160057E-02
  0.5149507598295604E-03  0.2445193800082102E-02
  0.5197430279034619E-03  0.2467925769239941E-02
  0.5245798940925302E-03  0.2490868846111256E-02
  0.5294617734386298E-03  0.2514024987062323E-02
  0.5343890848461147E-03  0.2537396166511669E-02
  0.5393622511177736E-03  0.2560984377095190E-02
  0.5443816989911098E-03  0.2584791629832752E-02
  0.5494478591749589E-03  0.2608819954296298E-02
  0.5545611663864469E-03  0.2633071398779448E-02
  0.5597220593882923E-03  0.2657548030468638E-02
  0.5649309810264558E-03  0.2682251935615776E-02
  0.5701883782681396E-03  0.2707185219712464E-02
  0.5754947022401413E-03  0.2732350007665766E-02
  0.5808504082675636E-03  0.2757748443975561E-02
  0.5862559559128854E-03  0.2783382692913478E-02
  0.5917118090153952E-03  0.2809254938703434E-02
  0.5972184357309932E-03  0.2835367385703797E-02
  0.6027763085723622E-03  0.2861722258591159E-02
  0.6083859044495129E-03  0.2888321802545774E-02
  0.6140477047107071E-03  0.2915168283438636E-02
  0.6197621951837604E-03  0.2942263988020242E-02
  0.6255298662177312E-03  0.2969611224111029E-02
  0.6313512127249960E-03  0.2997212320793521E-02
  0.6372267342237164E-03  0.3025069628606186E-02
  0.6431569348807027E-03  0.3053185519739022E-02
  0.6491423235546746E-03  0.3081562388230889E-02
  0.6551834138399262E-03  0.3110202650168600E-02
  0.6612807241103959E-03  0.3139108743887782E-02
  0.6674347775641467E-03  0.3168283130175531E-02
  0.6736461022682618E-03  0.3197728292474865E-02
  0.6799152312041563E-03  0.3227446737091006E-02
  0.6862427023133115E-03  0.3257440993399484E-02
  0.6926290585434343E-03  0.3287713614056102E-02
  0.6990748478950468E-03  0.3318267175208757E-02
  0.7055806234685091E-03  0.3349104276711152E-02
  0.7121469435114794E-03  0.3380227542338400E-02
  0.7187743714668167E-03  0.3411639620004539E-02
  0.7254634760209281E-03  0.3443343181981984E-02
  0.7322148311525670E-03  0.3475340925122913E-02
  0.7390290161820853E-03  0.3507635571082629E-02
  0.7459066158211430E-03  0.3540229866544886E-02
  0.7528482202228817E-03  0.3573126583449222E-02
  0.7598544250325645E-03  0.3606328519220292E-02
  0.7669258314386868E-03  0.3639838496999239E-02
  0.7740630462245635E-03  0.3673659365877107E-02
  0.7812666818203955E-03  0.3707794001130311E-02
  0.7885373563558210E-03  0.3742245304458190E-02
  0.7958756937129568E-03  0.3777016204222666E-02
  0.8032823235799312E-03  0.3812109655689994E-02
  0.8107578815049174E-03  0.3847528641274670E-02
  0.8183030089506678E-03  0.3883276170785468E-02
  0.8259183533495571E-03  0.3919355281673650E-02
  0.8336045681591370E-03  0.3955769039283364E-02
  0.8413623129182081E-03  0.3992520537104254E-02
  0.8491922533034139E-03  0.4029612897026254E-02
  0.8570950611863605E-03  0.4067049269596671E-02
  0.8650714146912695E-03  0.4104832834279487E-02
  0.8731219982531656E-03  0.4142966799716954E-02
  0.8812475026766072E-03  0.4181454403993486E-02
  0.8894486251949628E-03  0.4220298914901850E-02
  0.8977260695302392E-03  0.4259503630211704E-02
  0.9060805459534660E-03  0.4299071877940477E-02
  0.9145127713456437E-03  0.4339007016626629E-02
  0.9230234692592568E-03  0.4379312435605285E-02
  0.9316133699803608E-03  0.4419991555286296E-02
  0.9402832105912462E-03  0.4461047827434719E-02
  0.9490337350336871E-03  0.4502484735453736E-02
  0.9578656941727759E-03  0.4544305794670069E-02
  0.9667798458613549E-03  0.4586514552621850E-02
  0.9757769550050451E-03  0.4629114589349025E-02
  0.9848577936278820E-03  0.4672109517686266E-02
  0.9940231409385611E-03  0.4715502983558449E-02
  0.1003273783397300E-02  0.4759298666278688E-02
  0.1012610514783323E-02  0.4803500278848965E-02
  0.1022034136262976E-02  0.4848111568263368E-02
  0.1031545456458467E-02  0.4893136315813959E-02
  0.1041145291517260E-02  0.4938578337399294E-02
  0.1050834465182102E-02  0.4984441483835618E-02
  0.1060613808861708E-02  0.5030729641170760E-02
  0.1070484161702103E-02  0.5077446731000719E-02
  0.1080446370658626E-02  0.5124596710789022E-02
  0.1090501290568607E-02  0.5172183574188815E-02
  0.1100649784224719E-02  0.5220211351367739E-02
  0.1110892722449011E-02  0.5268684109335615E-02
  0.1121230984167635E-02  0.5317605952274951E-02
  0.1131665456486258E-02  0.5366981021874290E-02
  0.1142197034766191E-02  0.5416813497664423E-02
  0.1152826622701214E-02  0.5467107597357515E-02
  0.1163555132395118E-02  0.5517867577189108E-02
  0.1174383484439976E-02  0.5569097732263102E-02
  0.1185312607995132E-02  0.5620802396899655E-02
  0.1196343440866935E-02  0.5672985944986089E-02
  0.1207476929589208E-02  0.5725652790330797E-02
  0.1218714029504466E-02  0.5778807387020165E-02
  0.1230055704845897E-02  0.5832454229778565E-02
  0.1241502928820097E-02  0.5886597854331403E-02
  0.1253056683690580E-02  0.5941242837771276E-02
  0.1264717960862065E-02  0.5996393798927241E-02
  0.1276487760965545E-02  0.6052055398737250E-02
  0.1288367093944151E-02  0.6108232340623725E-02
  0.1300356979139810E-02  0.6164929370872344E-02
  0.1312458445380716E-02  0.6222151279014041E-02
  0.1324672531069612E-02  0.6279902898210250E-02
  0.1337000284272890E-02  0.6338189105641405E-02
  0.1349442762810525E-02  0.6397014822898742E-02
  0.1362001034346846E-02  0.6456385016379402E-02
  0.1374676176482148E-02  0.6516304697684893E-02
  0.1387469276845159E-02  0.6576778924022895E-02
  0.1400381433186369E-02  0.6637812798612471E-02
  0.1413413753472224E-02  0.6699411471092681E-02
  0.1426567355980200E-02  0.6761580137934643E-02
  0.1439843369394758E-02  0.6824324042857054E-02
  0.1453242932904196E-02  0.6887648477245201E-02
  0.1466767196298398E-02  0.6951558780573498E-02
  0.1480417320067501E-02  0.7016060340831551E-02
  0.1494194475501466E-02  0.7081158594953793E-02
  0.1508099844790591E-02  0.7146859029252719E-02
  0.1522134621126950E-02  0.7213167179855737E-02
  0.1536300008806776E-02  0.7280088633145655E-02
  0.1550597223333804E-02  0.7347629026204856E-02
  0.1565027491523567E-02  0.7415794047263151E-02
  0.1579592051608669E-02  0.7484589436149374E-02
  0.1594292153345034E-02  0.7554020984746721E-02
  0.1609129058119144E-02  0.7624094537451852E-02
  0.1624104039056281E-02  0.7694815991637820E-02
  0.1639218381129763E-02  0.7766191298120810E-02
  0.1654473381271215E-02  0.7838226461630753E-02
  0.1669870348481847E-02  0.7910927541285804E-02
  0.1685410603944784E-02  0.7984300651070756E-02
  0.1701095481138426E-02  0.8058351960319361E-02
  0.1716926325950882E-02  0.8133087694200642E-02
  0.1732904496795447E-02  0.8208514134209184E-02
  0.1749031364727173E-02  0.8284637618659454E-02
  0.1765308313560511E-02  0.8361464543184162E-02
  0.1781736739988057E-02  0.8439001361236698E-02
  0.1798318053700398E-02  0.8517254584597662E-02
  0.1815053677507073E-02  0.8596230783885548E-02
  0.1831945047458665E-02  0.8675936589071559E-02
  0.1848993612970024E-02  0.8756378689998630E-02
  0.1866200836944636E-02  0.8837563836904634E-02
  0.1883568195900157E-02  0.8919498840949868E-02
  0.1901097180095104E-02  0.9002190574748778E-02
  0.1918789293656738E-02  0.9085645972905990E-02
  0.1936646054710122E-02  0.9169872032556665E-02
  0.1954668995508396E-02  0.9254875813911208E-02
  0.1972859662564253E-02  0.9340664440804364E-02
  0.1991219616782641E-02  0.9427245101248705E-02
  0.2009750433594703E-02  0.9514625047992574E-02
  0.2028453703092962E-02  0.9602811599082488E-02
  0.2047331030167763E-02  0.9691812138430024E-02
  0.2066384034644984E-02  0.9781634116383234E-02
  0.2085614351425032E-02  0.9872285050302625E-02
  0.2105023630623130E-02  0.9963772525141690E-02
  0.2124613537710912E-02  0.1005610419403206E-01
  0.2144385753659328E-02  0.1014928777887330E-01
  0.2164341975082891E-02  0.1024333107092733E-01
  0.2184483914385258E-02  0.1033824193141761E-01
  0.2204813299906166E-02  0.1043402829213293E-01
  0.2225331876069741E-02  0.1053069815603609E-01
  0.2246041403534181E-02  0.1062825959787724E-01
  0.2266943659342834E-02  0.1072672076481206E-01
  0.2288040437076685E-02  0.1082608987702481E-01
  0.2309333547008259E-02  0.1092637522835616E-01
  0.2330824816256954E-02  0.1102758518693601E-01
  0.2352516088945828E-02  0.1112972819582112E-01
  0.2374409226359832E-02  0.1123281277363777E-01
  0.2396506107105532E-02  0.1133684751522934E-01
  0.2418808627272302E-02  0.1144184109230893E-01
  0.2441318700595023E-02  0.1154780225411692E-01
  0.2464038258618304E-02  0.1165473982808376E-01
  0.2486969250862216E-02  0.1176266272049760E-01
  0.2510113644989582E-02  0.1187157991717728E-01
  0.2533473426974814E-02  0.1198150048415024E-01
  0.2557050601274329E-02  0.1209243356833579E-01
  0.2580847190998545E-02  0.1220438839823336E-01
  0.2604865238085483E-02  0.1231737428461621E-01
  0.2629106803475977E-02  0.1243140062123014E-01
  0.2653573967290524E-02  0.1254647688549768E-01
  0.2678268829007771E-02  0.1266261263922743E-01
  0.2703193507644672E-02  0.1277981752932883E-01
  0.2728350141938310E-02  0.1289810128853220E-01
  0.2753740890529424E-02  0.1301747373611421E-01
  0.2779367932147634E-02  0.1313794477862872E-01
  0.2805233465798396E-02  0.1325952441064311E-01
  0.2831339710951690E-02  0.1338222271547995E-01
  0.2857688907732474E-02  0.1350604986596428E-01
  0.2884283317112900E-02  0.1363101612517629E-01
  0.2911125221106326E-02  0.1375713184720960E-01
  0.2938216922963131E-02  0.1388440747793506E-01
  0.2965560747368349E-02  0.1401285355577012E-01
  0.2993159040641152E-02  0.1414248071245384E-01
  0.3021014170936176E-02  0.1427329967382750E-01
  0.3049128528446734E-02  0.1440532126062083E-01
  0.3077504525609907E-02  0.1453855638924399E-01
  0.3106144597313557E-02  0.1467301607258517E-01
  0.3135051201105256E-02  0.1480871142081395E-01
  0.3164226817403164E-02  0.1494565364219039E-01
  0.3193673949708869E-02  0.1508385404387986E-01
  0.3223395124822206E-02  0.1522332403277369E-01
  0.3253392893058082E-02  0.1536407511631563E-01
  0.3283669828465305E-02  0.1550611890333407E-01
  0.3314228529047467E-02  0.1564946710488017E-01
  0.3345071616985864E-02  0.1579413153507182E-01
  0.3376201738864510E-02  0.1594012411194352E-01
  0.3407621565897227E-02  0.1608745685830215E-01
  0.3439333794156862E-02  0.1623614190258860E-01
  0.3471341144806629E-02  0.1638619147974544E-01
  0.3503646364333605E-02  0.1653761793209051E-01
  0.3536252224784407E-02  0.1669043371019643E-01
  0.3569161524003048E-02  0.1684465137377619E-01
  0.3602377085871019E-02  0.1700028359257470E-01
  0.3635901760549600E-02  0.1715734314726634E-01
  0.3669738424724425E-02  0.1731584293035862E-01
  0.3703889981852329E-02  0.1747579594710182E-01
  0.3738359362410481E-02  0.1763721531640470E-01
  0.3773149524147848E-02  0.1780011427175637E-01
  0.3808263452338992E-02  0.1796450616215414E-01
  0.3843704160040231E-02  0.1813040445303758E-01
  0.3879474688348180E-02  0.1829782272722855E-01
  0.3915578106660706E-02  0.1846677468587755E-01
  0.3952017512940305E-02  0.1863727414941600E-01
  0.3988796033979933E-02  0.1880933505851482E-01
  0.4025916825671305E-02  0.1898297147504908E-01
  0.4063383073275703E-02  0.1915819758306879E-01
  0.4101197991697294E-02  0.1933502768977594E-01
  0.4139364825758991E-02  0.1951347622650762E-01
  0.4177886850480892E-02  0.1969355774972538E-01
  0.4216767371361295E-02  0.1987528694201070E-01
  0.4256009724660341E-02  0.2005867861306669E-01
  0.4295617277686294E-02  0.2024374770072603E-01
  0.4335593429084477E-02  0.2043050927196489E-01
  0.4375941609128906E-02  0.2061897852392327E-01
  0.4416665280016636E-02  0.2080917078493140E-01
  0.4457767936164844E-02  0.2100110151554233E-01
  0.4499253104510679E-02  0.2119478630957069E-01
  0.4541124344813898E-02  0.2139024089513765E-01
  0.4583385249962327E-02  0.2158748113572208E-01
  0.4626039446280156E-02  0.2178652303121776E-01
  0.4669090593839109E-02  0.2198738271899686E-01
  0.4712542386772505E-02  0.2219007647497948E-01
  0.4756398553592246E-02  0.2239462071470939E-01
  0.4800662857508752E-02  0.2260103199443585E-01
  0.4845339096753876E-02  0.2280932701220155E-01
  0.4890431104906823E-02  0.2301952260893666E-01
  0.4935942751223097E-02  0.2323163576955892E-01
  0.4981877940966523E-02  0.2344568362407986E-01
  0.5028240615744340E-02  0.2366168344871700E-01
  0.5075034753845431E-02  0.2387965266701214E-01
  0.5122264370581687E-02  0.2409960885095554E-01
  0.5169933518632554E-02  0.2432156972211626E-01
  0.5218046288392787E-02  0.2454555315277827E-01
  0.5266606808323433E-02  0.2477157716708263E-01
  0.5315619245306095E-02  0.2499965994217549E-01
  0.5365087805000480E-02  0.2522981980936203E-01
  0.5415016732205270E-02  0.2546207525526615E-01
  0.5465410311222376E-02  0.2569644492299608E-01
  0.5516272866224552E-02  0.2593294761331569E-01
  0.5567608761626448E-02  0.2617160228582154E-01
  0.5619422402459113E-02  0.2641242806012568E-01
  0.5671718234747981E-02  0.2665544421704407E-01
  0.5724500745894374E-02  0.2690067019979063E-01
  0.5777774465060562E-02  0.2714812561517683E-01
  0.5831543963558394E-02  0.2739783023481689E-01
  0.5885813855241559E-02  0.2764980399633835E-01
  0.5940588796901490E-02  0.2790406700459813E-01
  0.5995873488666953E-02  0.2816063953290398E-01
  0.6051672674407356E-02  0.2841954202424118E-01
  0.6107991142139810E-02  0.2868079509250458E-01
  0.6164833724439986E-02  0.2894441952373575E-01
  0.6222205298856778E-02  0.2921043627736538E-01
  0.6280110788330843E-02  0.2947886648746060E-01
  0.6338555161617025E-02  0.2974973146397752E-01
  0.6397543433710720E-02  0.3002305269401846E-01
  0.6457080666278194E-02  0.3029885184309421E-01
  0.6517171968090922E-02  0.3057715075639106E-01
  0.6577822495463957E-02  0.3085797146004245E-01
  0.6639037452698385E-02  0.3114133616240534E-01
  0.6700822092527897E-02  0.3142726725534108E-01
  0.6763181716569512E-02  0.3171578731550072E-01
  0.6826121675778501E-02  0.3200691910561475E-01
  0.6889647370907541E-02  0.3230068557578706E-01
  0.6953764252970144E-02  0.3259710986479306E-01
  0.7018477823708395E-02  0.3289621530138193E-01
  0.7083793636065048E-02  0.3319802540558286E-01
  0.7149717294660012E-02  0.3350256389001509E-01
  0.7216254456271272E-02  0.3380985466120169E-01
  0.7283410830320286E-02  0.3411992182088715E-01
  0.7351192179361902E-02  0.3443278966735836E-01
  0.7419604319578823E-02  0.3474848269676896E-01
  0.7488653121280695E-02  0.3506702560446713E-01
  0.7558344509407813E-02  0.3538844328632646E-01
  0.7628684464039539E-02  0.3571276084007983E-01
  0.7699679020907433E-02  0.3604000356665617E-01
  0.7771334271913173E-02  0.3637019697152012E-01
  0.7843656365651286E-02  0.3670336676601408E-01
  0.7916651507936747E-02  0.3703953886870288E-01
  0.7990325962337487E-02  0.3737873940672076E-01
  0.8064686050711860E-02  0.3772099471712038E-01
  0.8139738153751103E-02  0.3806633134822401E-01
  0.8215488711526862E-02  0.3841477606097640E-01
  0.8291944224043784E-02  0.3876635583029938E-01
  0.8369111251797292E-02  0.3912109784644795E-01
  0.8446996416336503E-02  0.3947902951636763E-01
  0.8525606400832435E-02  0.3984017846505308E-01
  0.8604947950651457E-02  0.4020457253690740E-01
  0.8685027873934102E-02  0.4057223979710245E-01
  0.8765853042179266E-02  0.4094320853293953E-01
  0.8847430390833827E-02  0.4131750725521051E-01
  0.8929766919887776E-02  0.4169516469955900E-01
  0.9012869694474852E-02  0.4207620982784152E-01
  0.9096745845478808E-02  0.4246067182948832E-01
  0.9181402570145289E-02  0.4284858012286368E-01
  0.9266847132699405E-02  0.4323996435662549E-01
  0.9353086864969074E-02  0.4363485441108374E-01
  0.9440129167014139E-02  0.4403328039955787E-01
  0.9527981507761367E-02  0.4443527266973257E-01
  0.9616651425645328E-02  0.4484086180501189E-01
  0.9706146529255265E-02  0.4525007862587122E-01
  0.9796474497987959E-02  0.4566295419120717E-01
  0.9887643082706699E-02  0.4607951979968480E-01
  0.9979660106406350E-02  0.4649980699108194E-01
  0.1007253346488465E-01  0.4692384754763057E-01
  0.1016627112741970E-01  0.4735167349535464E-01
  0.1026088113745384E-01  0.4778331710540424E-01
  0.1035637161328379E-01  0.4821881089538573E-01
  0.1045275074875731E-01  0.4865818763068753E-01
  0.1055002681397625E-01  0.4910148032580119E-01
  0.1064820815600623E-01  0.4954872224563758E-01
  0.1074730319959288E-01  0.4999994690683762E-01
  0.1084732044788473E-01  0.5045518807907739E-01
  0.1094826848316287E-01  0.5091447978636717E-01
  0.1105015596757736E-01  0.5137785630834414E-01
  0.1115299164389054E-01  0.5184535218155821E-01
  0.1125678433622718E-01  0.5231700220075074E-01
  0.1136154295083172E-01  0.5279284142012582E-01
  0.1146727647683245E-01  0.5327290515461341E-01
  0.1157399398701287E-01  0.5375722898112431E-01
  0.1168170463859022E-01  0.5424584873979629E-01
  0.1179041767400121E-01  0.5473880053523109E-01
  0.1190014242169511E-01  0.5523612073772174E-01
  0.1201088829693423E-01  0.5573784598446994E-01
  0.1212266480260178E-01  0.5624401318079270E-01
  0.1223548153001732E-01  0.5675465950131839E-01
  0.1234934815975980E-01  0.5726982239117098E-01
  0.1246427446249814E-01  0.5778953956714257E-01
  0.1258027029982975E-01  0.5831384901885341E-01
  0.1269734562512665E-01  0.5884278900989914E-01
  0.1281551048438956E-01  0.5937639807898450E-01
  0.1293477501710997E-01  0.5991471504104295E-01
  0.1305514945714015E-01  0.6045777898834225E-01
  0.1317664413357130E-01  0.6100562929157446E-01
  0.1329926947161989E-01  0.6155830560093085E-01
  0.1342303599352221E-01  0.6211584784716027E-01
  0.1354795431943725E-01  0.6267829624261108E-01
  0.1367403516835805E-01  0.6324569128225557E-01
  0.1380128935903139E-01  0.6381807374469661E-01
  0.1392972781088619E-01  0.6439548469315555E-01
  0.1405936154497049E-01  0.6497796547644125E-01
  0.1419020168489708E-01  0.6556555772989897E-01
  0.1432225945779806E-01  0.6615830337633909E-01
  0.1445554619528818E-01  0.6675624462694456E-01
  0.1459007333443722E-01  0.6735942398215658E-01
  0.1472585241875132E-01  0.6796788423253770E-01
  0.1486289509916357E-01  0.6858166845961192E-01
  0.1500121313503374E-01  0.6920082003668068E-01
  0.1514081839515727E-01  0.6982538262961423E-01
  0.1528172285878380E-01  0.7045540019761772E-01
  0.1542393861664500E-01  0.7109091699397094E-01
  0.1556747787199212E-01  0.7173197756674132E-01
  0.1571235294164307E-01  0.7237862675946903E-01
  0.1585857625703935E-01  0.7303090971182365E-01
  0.1600616036531273E-01  0.7368887186023136E-01
  0.1615511793036192E-01  0.7435255893847212E-01
  0.1630546173393921E-01  0.7502201697824566E-01
  0.1645720467674727E-01  0.7569729230970552E-01
  0.1661035977954612E-01  0.7637843156196049E-01
  0.1676494018427042E-01  0.7706548166354206E-01
  0.1692095915515716E-01  0.7775848984283749E-01
  0.1707843007988381E-01  0.7845750362848727E-01
  0.1723736647071714E-01  0.7916257084974591E-01
  0.1739778196567262E-01  0.7987373963680550E-01
  0.1755969032968473E-01  0.8059105842108065E-01
  0.1772310545578806E-01  0.8131457593545395E-01
  0.1788804136630944E-01  0.8204434121448113E-01
  0.1805451221407121E-01  0.8278040359455435E-01
  0.1822253228360563E-01  0.8352281271402330E-01
  0.1839211599238056E-01  0.8427161851327229E-01
  0.1856327789203667E-01  0.8502687123475282E-01
  0.1873603266963602E-01  0.8578862142297010E-01
  0.1891039514892238E-01  0.8655691992442277E-01
  0.1908638029159319E-01  0.8733181788749413E-01
  0.1926400319858341E-01  0.8811336676229432E-01
  0.1944327911136130E-01  0.8890161830045186E-01
  0.1962422341323625E-01  0.8969662455485342E-01
  0.1980685163067882E-01  0.9049843787933060E-01
  0.1999117943465299E-01  0.9130711092829241E-01
  0.2017722264196088E-01  0.9212269665630238E-01
  0.2036499721659998E-01  0.9294524831759873E-01
  0.2055451927113294E-01  0.9377481946555635E-01
  0.2074580506807021E-01  0.9461146395208946E-01
  0.2093887102126544E-01  0.9545523592699315E-01
  0.2113373369732396E-01  0.9630618983722299E-01
  0.2133040981702431E-01  0.9716438042611066E-01
  0.2152891625675303E-01  0.9802986273251485E-01
  0.2172927004995277E-01  0.9890269208990521E-01
  0.2193148838858391E-01  0.9978292412537851E-01
  0.2213558862459977E-01  0.1006706147586054E+00
  0.2234158827143552E-01  0.1015658202007058E+00
  0.2254950500551102E-01  0.1024685969530518E+00
  0.2275935666774755E-01  0.1033790018059962E+00
  0.2297116126509874E-01  0.1042970918375261E+00
  0.2318493697209569E-01  0.1052229244118374E+00
  0.2340070213240650E-01  0.1061565571778323E+00
  0.2361847526041030E-01  0.1070980480675341E+00
  0.2383827504278593E-01  0.1080474552944210E+00
  0.2406012034011541E-01  0.1090048373516748E+00
  0.2428403018850233E-01  0.1099702530103439E+00
  0.2451002380120531E-01  0.1109437613174194E+00
  0.2473812057028662E-01  0.1119254215938201E+00
  0.2496834006827620E-01  0.1129152934322872E+00
  0.2520070204985115E-01  0.1139134366951859E+00
  0.2543522645353080E-01  0.1149199115122111E+00
  0.2567193340338764E-01  0.1159347782779968E+00
  0.2591084321077409E-01  0.1169580976496258E+00
  0.2615197637606540E-01  0.1179899305440393E+00
  0.2639535359041873E-01  0.1190303381353429E+00
  0.2664099573754864E-01  0.1200793818520074E+00
  0.2688892389551905E-01  0.1211371233739636E+00
  0.2713915933855193E-01  0.1222036246295867E+00
  0.2739172353885280E-01  0.1232789477925705E+00
  0.2764663816845318E-01  0.1243631552786873E+00
  0.2790392510107027E-01  0.1254563097424329E+00
  0.2816360641398389E-01  0.1265584740735536E+00
  0.2842570438993083E-01  0.1276697113934530E+00
  0.2869024151901697E-01  0.1287900850514767E+00
  0.2895724050064702E-01  0.1299196586210724E+00
  0.2922672424547240E-01  0.1310584958958229E+00
  0.2949871587735710E-01  0.1322066608853505E+00
  0.2977323873536190E-01  0.1333642178110885E+00
  0.3005031637574708E-01  0.1345312311019201E+00
  0.3032997257399369E-01  0.1357077653896796E+00
  0.3061223132684372E-01  0.1368938855045153E+00
  0.3089711685435917E-01  0.1380896564701108E+00
  0.3118465360200037E-01  0.1392951434987616E+00
  0.3147486624272356E-01  0.1405104119863065E+00
  0.3176777967909805E-01  0.1417355275069080E+00
  0.3206341904544305E-01  0.1429705558076823E+00
  0.3236180970998439E-01  0.1442155628031744E+00
  0.3266297727703133E-01  0.1454706145696751E+00
  0.3296694758917361E-01  0.1467357773393796E+00
  0.3327374672949894E-01  0.1480111174943822E+00
  0.3358340102383118E-01  0.1492967015605059E+00
  0.3389593704298923E-01  0.1505925962009636E+00
  0.3421138160506709E-01  0.1518988682098488E+00
  0.3452976177773506E-01  0.1532155845054509E+00
  0.3485110488056229E-01  0.1545428121233951E+00
  0.3517543848736112E-01  0.1558806182096009E+00
  0.3550279042855307E-01  0.1572290700130590E+00
  0.3583318879355692E-01  0.1585882348784214E+00
  0.3616666193319903E-01  0.1599581802384035E+00
  0.3650323846214606E-01  0.1613389736059926E+00
  0.3684294726136031E-01  0.1627306825664635E+00
  0.3718581748057797E-01  0.1641333747691938E+00
  0.3753187854081039E-01  0.1655471179192793E+00
  0.3788116013686865E-01  0.1669719797689440E+00
  0.3823369223991159E-01  0.1684080281087427E+00
  0.3858950510001759E-01  0.1698553307585526E+00
  0.3894862924878027E-01  0.1713139555583500E+00
  0.3931109550192832E-01  0.1727839703587702E+00
  0.3967693496196979E-01  0.1742654430114463E+00
  0.4004617902086089E-01  0.1757584413591227E+00
  0.4041885936269968E-01  0.1772630332255430E+00
  0.4079500796644483E-01  0.1787792864051043E+00
  0.4117465710865964E-01  0.1803072686522789E+00
  0.4155783936628169E-01  0.1818470476707975E+00
  0.4194458761941814E-01  0.1833986911025900E+00
  0.4233493505416713E-01  0.1849622665164826E+00
  0.4272891516546542E-01  0.1865378413966459E+00
  0.4312656175996251E-01  0.1881254831307906E+00
  0.4352790895892154E-01  0.1897252589981076E+00
  0.4393299120114715E-01  0.1913372361569494E+00
  0.4434184324594061E-01  0.1929614816322480E+00
  0.4475450017608246E-01  0.1945980623026665E+00
  0.4517099740084286E-01  0.1962470448874803E+00
  0.4559137065902002E-01  0.1979084959331846E+00
  0.4601565602200687E-01  0.1995824817998244E+00
  0.4644388989688628E-01  0.2012690686470429E+00
  0.4687610902955505E-01  0.2029683224198450E+00
  0.4731235050787703E-01  0.2046803088340721E+00
  0.4775265176486555E-01  0.2064050933615841E+00
  0.4819705058189546E-01  0.2081427412151454E+00
  0.4864558509194510E-01  0.2098933173330104E+00
  0.4909829378286840E-01  0.2116568863632059E+00
  0.4955521550069743E-01  0.2134335126475040E+00
  0.5001638945297573E-01  0.2152232602050862E+00
  0.5048185521212262E-01  0.2170261927158893E+00
  0.5095165271882881E-01  0.2188423735036344E+00
  0.5142582228548367E-01  0.2206718655185317E+00
  0.5190440459963432E-01  0.2225147313196584E+00
  0.5238744072747697E-01  0.2243710330570071E+00
  0.5287497211738074E-01  0.2262408324531983E+00
  0.5336704060344422E-01  0.2281241907848559E+00
  0.5386368840908520E-01  0.2300211688636397E+00
  0.5436495815066376E-01  0.2319318270169321E+00
  0.5487089284113914E-01  0.2338562250681761E+00
  0.5538153589376053E-01  0.2357944223168583E+00
  0.5589693112579234E-01  0.2377464775181355E+00
  0.5641712276227401E-01  0.2397124488621004E+00
  0.5694215543981492E-01  0.2416923939526820E+00
  0.5747207421042455E-01  0.2436863697861781E+00
  0.5800692454537830E-01  0.2456944327294149E+00
  0.5854675233911930E-01  0.2477166384975315E+00
  0.5909160391319651E-01  0.2497530421313844E+00
  0.5964152602023950E-01  0.2518036979745690E+00
  0.6019656584797016E-01  0.2538686596500540E+00
  0.6075677102325184E-01  0.2559479800364265E+00
  0.6132218961617605E-01  0.2580417112437426E+00
  0.6189287014418735E-01  0.2601499045889801E+00
  0.6246886157624642E-01  0.2622726105710924E+00
  0.6305021333703209E-01  0.2644098788456561E+00
  0.6363697531118231E-01  0.2665617581991129E+00
  0.6422919784757471E-01  0.2687282965225999E+00
  0.6482693176364684E-01  0.2709095407853667E+00
  0.6543022834975686E-01  0.2731055370077737E+00
  0.6603913937358451E-01  0.2753163302338728E+00
  0.6665371708457327E-01  0.2775419645035629E+00
  0.6727401421841379E-01  0.2797824828243201E+00
  0.6790008400156904E-01  0.2820379271424977E+00
  0.6853198015584146E-01  0.2843083383141963E+00
  0.6916975690298290E-01  0.2865937560756974E+00
  0.6981346896934711E-01  0.2888942190134604E+00
  0.7046317159058582E-01  0.2912097645336802E+00
  0.7111892051638834E-01  0.2935404288314014E+00
  0.7178077201526534E-01  0.2958862468591891E+00
  0.7244878287937713E-01  0.2982472522953521E+00
  0.7312301042940696E-01  0.3006234775117172E+00
  0.7380351251947943E-01  0.3030149535409516E+00
  0.7449034754212505E-01  0.3054217100434342E+00
  0.7518357443329057E-01  0.3078437752736697E+00
  0.7588325267739633E-01  0.3102811760462483E+00
  0.7658944231244040E-01  0.3127339377013457E+00
  0.7730220393515036E-01  0.3152020840697650E+00
  0.7802159870618298E-01  0.3176856374375172E+00
  0.7874768835537230E-01  0.3201846185099395E+00
  0.7948053518702650E-01  0.3226990463753519E+00
  0.8022020208527415E-01  0.3252289384682496E+00
  0.8096675251946023E-01  0.3277743105320315E+00
  0.8172025054959216E-01  0.3303351765812637E+00
  0.8248076083183677E-01  0.3329115488634780E+00
  0.8324834862406832E-01  0.3355034378205065E+00
  0.8402307979146811E-01  0.3381108520493505E+00
  0.8480502081217624E-01  0.3407337982625837E+00
  0.8559423878299598E-01  0.3433722812482937E+00
  0.8639080142515120E-01  0.3460263038295578E+00
  0.8719477709009743E-01  0.3486958668234587E+00
  0.8800623476538691E-01  0.3513809689996357E+00
  0.8882524408058834E-01  0.3540816070383793E+00
  0.8965187531326159E-01  0.3567977754882653E+00
  0.9048619939498809E-01  0.3595294667233327E+00
  0.9132828791745737E-01  0.3622766708998082E+00
  0.9217821313861016E-01  0.3650393759123778E+00
  0.9303604798883872E-01  0.3678175673500094E+00
  0.9390186607724482E-01  0.3706112284513287E+00
  0.9477574169795605E-01  0.3734203400595525E+00
  0.9565774983650079E-01  0.3762448805769814E+00
  0.9654796617624262E-01  0.3790848259190573E+00
  0.9744646710487449E-01  0.3819401494679881E+00
  0.9835332972097349E-01  0.3848108220259464E+00
  0.9926863184061646E-01  0.3876968117678440E+00
  0.1001924520040572E+00  0.3905980841936894E+00
  0.1011248694824660E+00  0.3935146020805331E+00
  0.1020659642847316E+00  0.3964463254340063E+00
  0.1030158171643265E+00  0.3993932114394586E+00
  0.1039745096262367E+00  0.4023552144127032E+00
  0.1049421239339548E+00  0.4053322857503734E+00
  0.1059187431165395E+00  0.4083243738799006E+00
  0.1069044509757399E+00  0.4113314242091183E+00
  0.1078993320931861E+00  0.4143533790755045E+00
  0.1089034718376476E+00  0.4173901776950661E+00
  0.1099169563723580E+00  0.4204417561108768E+00
  0.1109398726624088E+00  0.4235080471412788E+00
  0.1119723084822117E+00  0.4265889803277542E+00
  0.1130143524230305E+00  0.4296844818824814E+00
  0.1140660939005823E+00  0.4327944746355819E+00
  0.1151276231627109E+00  0.4359188779820729E+00
  0.1161990312971303E+00  0.4390576078285344E+00
  0.1172804102392409E+00  0.4422105765395043E+00
  0.1183718527800183E+00  0.4453776928836142E+00
  0.1194734525739753E+00  0.4485588619794771E+00
  0.1205853041471987E+00  0.4517539852413430E+00
  0.1217075029054598E+00  0.4549629603245353E+00
  0.1228401451424014E+00  0.4581856810706820E+00
  0.1239833280478004E+00  0.4614220374527582E+00
  0.1251371497159076E+00  0.4646719155199549E+00
  0.1263017091538645E+00  0.4679351973423903E+00
  0.1274771062901996E+00  0.4712117609556803E+00
  0.1286634419834028E+00  0.4745014803053866E+00
  0.1298608180305795E+00  0.4778042251913592E+00
  0.1310693371761862E+00  0.4811198612119930E+00
  0.1322891031208462E+00  0.4844482497084155E+00
  0.1335202205302485E+00  0.4877892477086299E+00
  0.1347627950441287E+00  0.4911427078716284E+00
  0.1360169332853335E+00  0.4945084784315011E+00
  0.1372827428689703E+00  0.4978864031415608E+00
  0.1385603324116411E+00  0.5012763212185046E+00
  0.1398498115407627E+00  0.5046780672866384E+00
  0.1411512909039737E+00  0.5080914713221855E+00
  0.1424648821786288E+00  0.5115163585977031E+00
  0.1437906980813819E+00  0.5149525496266366E+00
  0.1451288523778577E+00  0.5183998601080295E+00
  0.1464794598924143E+00  0.5218581008714230E+00
  0.1478426365179952E+00  0.5253270778219676E+00
  0.1492184992260746E+00  0.5288065918857762E+00
  0.1506071660766941E+00  0.5322964389555467E+00
  0.1520087562285934E+00  0.5357964098364851E+00
  0.1534233899494348E+00  0.5393062901925564E+00
  0.1548511886261234E+00  0.5428258604930944E+00
  0.1562922747752231E+00  0.5463548959598052E+00
  0.1577467720534690E+00  0.5498931665141921E+00
  0.1592148052683789E+00  0.5534404367254360E+00
  0.1606965003889622E+00  0.5569964657587687E+00
  0.1621919845565294E+00  0.5605610073243676E+00
  0.1637013860956013E+00  0.5641338096268111E+00
  0.1652248345249212E+00  0.5677146153151287E+00
  0.1667624605685677E+00  0.5713031614334835E+00
  0.1683143961671724E+00  0.5748991793725247E+00
  0.1698807744892414E+00  0.5785023948214451E+00
  0.1714617299425821E+00  0.5821125277207888E+00
  0.1730573981858366E+00  0.5857292922160411E+00
  0.1746679161401221E+00  0.5893523966120479E+00
  0.1762934220007802E+00  0.5929815433283007E+00
  0.1779340552492345E+00  0.5966164288551326E+00
  0.1795899566649602E+00  0.6002567437108655E+00
  0.1812612683375631E+00  0.6039021723999535E+00
  0.1829481336789727E+00  0.6075523933721659E+00
  0.1846506974357479E+00  0.6112070789828543E+00
  0.1863691057014973E+00  0.6148658954543512E+00
  0.1881035059294152E+00  0.6185285028385435E+00
  0.1898540469449346E+00  0.6221945549806704E+00
  0.1916208789584972E+00  0.6258636994843924E+00
  0.1934041535784428E+00  0.6295355776781798E+00
  0.1952040238240188E+00  0.6332098245830704E+00
  0.1970206441385099E+00  0.6368860688818442E+00
  0.1988541704024910E+00  0.6405639328896688E+00
  0.2007047599472030E+00  0.6442430325262631E+00
  0.2025725715680528E+00  0.6479229772896342E+00
  0.2044577655382395E+00  0.6516033702314357E+00
  0.2063605036225070E+00  0.6552838079340052E+00
  0.2082809490910247E+00  0.6589638804891311E+00
  0.2102192667333974E+00  0.6626431714786034E+00
  0.2121756228728056E+00  0.6663212579566030E+00
  0.2141501853802774E+00  0.6699977104339858E+00
  0.2161431236890931E+00  0.6736720928645150E+00
  0.2181546088093237E+00  0.6773439626331007E+00
  0.2201848133425056E+00  0.6810128705460993E+00
  0.2222339114964506E+00  0.6846783608237339E+00
  0.2243020791001944E+00  0.6883399710946904E+00
  0.2263894936190843E+00  0.6919972323929460E+00
  0.2284963341700073E+00  0.6956496691568932E+00
  0.2306227815367593E+00  0.6992967992308107E+00
  0.2327690181855582E+00  0.7029381338687455E+00
  0.2349352282807007E+00  0.7065731777408629E+00
  0.2371215977003653E+00  0.7102014289423234E+00
  0.2393283140525621E+00  0.7138223790047450E+00
  0.2415555666912307E+00  0.7174355129103137E+00
  0.2438035467324890E+00  0.7210403091085973E+00
  0.2460724470710317E+00  0.7246362395361257E+00
  0.2483624623966828E+00  0.7282227696387961E+00
  0.2506737892111013E+00  0.7317993583971599E+00
  0.2530066258446426E+00  0.7353654583546587E+00
  0.2553611724733770E+00  0.7389205156488586E+00
  0.2577376311362661E+00  0.7424639700457505E+00
  0.2601362057524997E+00  0.7459952549771711E+00
  0.2625571021389935E+00  0.7495137975814058E+00
  0.2650005280280500E+00  0.7530190187470296E+00
  0.2674666930851833E+00  0.7565103331600476E+00
  0.2699558089271105E+00  0.7599871493543894E+00
  0.2724680891399097E+00  0.7634488697658184E+00
  0.2750037492973476E+00  0.7668948907893099E+00
  0.2775630069793775E+00  0.7703246028399552E+00
  0.2801460817908094E+00  0.7737373904174506E+00
  0.2827531953801536E+00  0.7771326321742200E+00
  0.2853845714586402E+00  0.7805097009872320E+00
  0.2880404358194152E+00  0.7838679640335616E+00
  0.2907210163569156E+00  0.7872067828697493E+00
  0.2934265430864239E+00  0.7905255135150108E+00
  0.2961572481638062E+00  0.7938235065383465E+00
  0.2989133659054321E+00  0.7971001071496023E+00
  0.3016951328082816E+00  0.8003546552945295E+00
  0.3045027875702383E+00  0.8035864857538915E+00
  0.3073365711105712E+00  0.8067949282466622E+00
  0.3101967265906080E+00  0.8099793075373647E+00
  0.3130834994345999E+00  0.8131389435475892E+00
  0.3159971373507813E+00  0.8162731514717362E+00
  0.3189378903526250E+00  0.8193812418970241E+00
  0.3219060107802953E+00  0.8224625209277983E+00
  0.3249017533223008E+00  0.8255162903141837E+00
  0.3279253750373489E+00  0.8285418475851120E+00
  0.3309771353764032E+00  0.8315384861857594E+00
  0.3340572962049468E+00  0.8345054956194284E+00
  0.3371661218254522E+00  0.8374421615938985E+00
  0.3403038790000609E+00  0.8403477661722810E+00
  0.3434708369734731E+00  0.8432215879283973E+00
  0.3466672674960517E+00  0.8460629021067095E+00
  0.3498934448471405E+00  0.8488709807868204E+00
  0.3531496458585991E+00  0.8516450930525655E+00
  0.3564361499385582E+00  0.8543845051657133E+00
  0.3597532390953940E+00  0.8570884807442856E+00
  0.3631011979619276E+00  0.8597562809455135E+00
  0.3664803138198484E+00  0.8623871646534348E+00
  0.3698908766243651E+00  0.8649803886711420E+00
  0.3733331790290866E+00  0.8675352079176833E+00
  0.3768075164111335E+00  0.8700508756296186E+00
  0.3803141868964843E+00  0.8725266435672264E+00
  0.3838534913855565E+00  0.8749617622253590E+00
  0.3874257335790267E+00  0.8773554810489387E+00
  0.3910312200038904E+00  0.8797070486530807E+00
  0.3946702600397644E+00  0.8820157130478312E+00
  0.3983431659454340E+00  0.8842807218675034E+00
  0.4020502528856476E+00  0.8865013226045898E+00
  0.4057918389581600E+00  0.8886767628482274E+00
  0.4095682452210281E+00  0.8908062905271860E+00
  0.4133797957201600E+00  0.8928891541573549E+00
  0.4172268175171205E+00  0.8949246030936864E+00
  0.4211096407171964E+00  0.8969118877865619E+00
  0.4250285984977212E+00  0.8988502600425414E+00
  0.4289840271366652E+00  0.9007389732894434E+00
  0.4329762660414904E+00  0.9025772828457163E+00
  0.4370056577782742E+00  0.9043644461940396E+00
  0.4410725481011051E+00  0.9060997232591055E+00
  0.4451772859817502E+00  0.9077823766895131E+00
  0.4493202236396006E+00  0.9094116721437195E+00
  0.4535017165718940E+00  0.9109868785799723E+00
  0.4577221235842197E+00  0.9125072685501542E+00
  0.4619818068213066E+00  0.9139721184974645E+00
  0.4662811317980985E+00  0.9153807090578557E+00
  0.4706204674311178E+00  0.9167323253651398E+00
  0.4750001860701219E+00  0.9180262573596798E+00
  0.4794206635300535E+00  0.9192618001005703E+00
  0.4838822791232886E+00  0.9204382540812113E+00
  0.4883854156921847E+00  0.9215549255481756E+00
  0.4929304596419316E+00  0.9226111268232647E+00
  0.4975178009737078E+00  0.9236061766286427E+00
  0.5021478333181464E+00  0.9245394004149372E+00
  0.5068209539691111E+00  0.9254101306921865E+00
  0.5115375639177875E+00  0.9262177073635159E+00
  0.5162980678870913E+00  0.9269614780614163E+00
  0.5211028743663970E+00  0.9276407984864894E+00
  0.5259523956465890E+00  0.9282550327485349E+00
  0.5308470478554400E+00  0.9288035537098351E+00
  0.5357872509933179E+00  0.9292857433304978E+00
  0.5407734289692251E+00  0.9297009930157067E+00
  0.5458060096371735E+00  0.9300487039647372E+00
  0.5508854248328976E+00  0.9303282875215738E+00
  0.5560121104109095E+00  0.9305391655269778E+00
  0.5611865062818988E+00  0.9306807706718391E+00
  0.5664090564504806E+00  0.9307525468516474E+00
  0.5716802090532942E+00  0.9307539495219115E+00
  0.5770004163974572E+00  0.9306844460543535E+00
  0.5823701349993771E+00  0.9305435160936996E+00
  0.5877898256239235E+00  0.9303306519148870E+00
  0.5932599533239663E+00  0.9300453587804988E+00
  0.5987809874802803E+00  0.9296871552982393E+00
  0.6043534018418221E+00  0.9292555737782607E+00
  0.6099776745663813E+00  0.9287501605901382E+00
  0.6156542882616107E+00  0.9281704765192971E+00
  0.6213837300264375E+00  0.9275160971226937E+00
  0.6271664914928606E+00  0.9267866130835331E+00
  0.6330030688681362E+00  0.9259816305648234E+00
  0.6388939629773567E+00  0.9251007715615515E+00
  0.6448396793064253E+00  0.9241436742512580E+00
  0.6508407280454309E+00  0.9231099933428031E+00
  0.6568976241324266E+00  0.9219994004230919E+00
  0.6630108872976147E+00  0.9208115843015383E+00
  0.6691810421079449E+00  0.9195462513520418E+00
  0.6754086180121258E+00  0.9182031258522415E+00
  0.6816941493860554E+00  0.9167819503198174E+00
  0.6880381755786755E+00  0.9152824858456048E+00
  0.6944412409582520E+00  0.9137045124232794E+00
  0.7009038949590858E+00  0.9120478292753758E+00
  0.7074266921286589E+00  0.9103122551753958E+00
  0.7140101921752190E+00  0.9084976287657621E+00
  0.7206549600158069E+00  0.9066038088713682E+00
  0.7273615658247307E+00  0.9046306748084779E+00
  0.7341305850824917E+00  0.9025781266887229E+00
  0.7409625986251653E+00  0.9004460857179418E+00
  0.7478581926942408E+00  0.8982344944896149E+00
  0.7548179589869261E+00  0.8959433172726287E+00
  0.7618424947069198E+00  0.8935725402931188E+00
  0.7689324026156565E+00  0.8911221720101307E+00
  0.7760882910840282E+00  0.8885922433848364E+00
  0.7833107741445871E+00  0.8859828081430485E+00
  0.7906004715442351E+00  0.8832939430307676E+00
  0.7979580087974029E+00  0.8805257480624982E+00
  0.8053840172397240E+00  0.8776783467620712E+00
  0.8128791340822082E+00  0.8747518863957068E+00
  0.8204440024659201E+00  0.8717465381970515E+00
  0.8280792715171648E+00  0.8686624975839240E+00
  0.8357855964031888E+00  0.8654999843665027E+00
  0.8435636383883984E+00  0.8622592429466879E+00
  0.8514140648911016E+00  0.8589405425083733E+00
  0.8593375495407776E+00  0.8555441771983548E+00
  0.8673347722358801E+00  0.8520704662976185E+00
  0.8754064192021775E+00  0.8485197543827289E+00
  0.8835531830516371E+00  0.8448924114770650E+00
  0.8917757628418564E+00  0.8411888331916255E+00
  0.9000748641360479E+00  0.8374094408551477E+00
  0.9084511990635821E+00  0.8335546816332682E+00
  0.9169054863810939E+00  0.8296250286364689E+00
  0.9254384515341579E+00  0.8256209810165392E+00
  0.9340508267195370E+00  0.8215430640513001E+00
  0.9427433509480110E+00  0.8173918292173228E+00
  0.9515167701077898E+00  0.8131678542503936E+00
  0.9603718370285161E+00  0.8088717431934580E+00
  0.9693093115458650E+00  0.8045041264317995E+00
  0.9783299605667430E+00  0.8000656607151944E+00
  0.9874345581350956E+00  0.7955570291667966E+00
  0.9966238854983260E+00  0.7909789412785031E+00
  0.1005898731174333E+01  0.7863321328925585E+00
  0.1015259891019170E+01  0.7816173661691539E+00
  0.1024708168295340E+01  0.7768354295397867E+00
  0.1034244373740718E+01  0.7719871376461416E+00
  0.1043869325638120E+01  0.7670733312642676E+00
  0.1053583849885519E+01  0.7620948772138207E+00
  0.1063388780066914E+01  0.7570526682521518E+00
  0.1073284957523855E+01  0.7519476229530210E+00
  0.1083273231427641E+01  0.7467806855697287E+00
  0.1093354458852184E+01  0.7415528258824514E+00
  0.1103529504847552E+01  0.7362650390295860E+00
  0.1113799242514198E+01  0.7309183453229012E+00
  0.1124164553077878E+01  0.7255137900463111E+00
  0.1134626325965271E+01  0.7200524432380854E+00
  0.1145185458880293E+01  0.7145353994563226E+00
  0.1155842857881131E+01  0.7089637775275146E+00
  0.1166599437457991E+01  0.7033387202780471E+00
  0.1177456120611565E+01  0.6976613942484788E+00
  0.1188413838932234E+01  0.6919329893904583E+00
  0.1199473532680007E+01  0.6861547187461444E+00
  0.1210636150865200E+01  0.6803278181100066E+00
  0.1221902651329872E+01  0.6744535456728892E+00
  0.1233274000830011E+01  0.6685331816482341E+00
  0.1244751175118494E+01  0.6625680278803743E+00
  0.1256335159028813E+01  0.6565594074348144E+00
  0.1268026946559579E+01  0.6505086641704299E+00
  0.1279827540959820E+01  0.6444171622935275E+00
  0.1291737954815063E+01  0.6382862858937304E+00
  0.1303759210134225E+01  0.6321174384616508E+00
  0.1315892338437306E+01  0.6259120423883457E+00
  0.1328138380843909E+01  0.6196715384465485E+00
  0.1340498388162567E+01  0.6133973852536990E+00
  0.1352973420980917E+01  0.6070910587168034E+00
  0.1365564549756706E+01  0.6007540514591740E+00
  0.1378272854909644E+01  0.5943878722291186E+00
  0.1391099426914111E+01  0.5879940452906612E+00
  0.1404045366392732E+01  0.5815741097964070E+00
  0.1417111784210817E+01  0.5751296191426667E+00
  0.1430299801571683E+01  0.5686621403069918E+00
  0.1443610550112862E+01  0.5621732531682859E+00
  0.1457045172003202E+01  0.5556645498096728E+00
  0.1470604820040880E+01  0.5491376338043393E+00
  0.1484290657752316E+01  0.5425941194845756E+00
  0.1498103859492015E+01  0.5360356311942748E+00
  0.1512045610543336E+01  0.5294638025251656E+00
  0.1526117107220200E+01  0.5228802755370839E+00
  0.1540319556969739E+01  0.5162866999626083E+00
  0.1554654178475912E+01  0.5096847323964170E+00
  0.1569122201764068E+01  0.5030760354697402E+00
  0.1583724868306503E+01  0.4964622770103195E+00
  0.1598463431128978E+01  0.4898451291883003E+00
  0.1613339154918247E+01  0.4832262676485243E+00
  0.1628353316130573E+01  0.4766073706297048E+00
  0.1643507203101256E+01  0.4699901180710003E+00
  0.1658802116155188E+01  0.4633761907065365E+00
  0.1674239367718430E+01  0.4567672691484400E+00
  0.1689820282430823E+01  0.4501650329589948E+00
  0.1705546197259660E+01  0.4435711597125448E+00
  0.1721418461614406E+01  0.4369873240478062E+00
  0.1737438437462486E+01  0.4304151967112773E+00
  0.1753607499446154E+01  0.4238564435924626E+00
  0.1769927035000450E+01  0.4173127247516602E+00
  0.1786398444472252E+01  0.4107856934410879E+00
  0.1803023141240435E+01  0.4042769951201515E+00
  0.1819802551837154E+01  0.3977882664656901E+00
  0.1836738116070248E+01  0.3913211343780586E+00
  0.1853831287146790E+01  0.3848772149839377E+00
  0.1871083531797782E+01  0.3784581126367865E+00
  0.1888496330404013E+01  0.3720654189158802E+00
  0.1906071177123088E+01  0.3657007116249046E+00
  0.1923809580017638E+01  0.3593655537910975E+00
  0.1941713061184723E+01  0.3530614926659572E+00
  0.1959783156886443E+01  0.3467900587285609E+00
  0.1978021417681758E+01  0.3405527646925564E+00
  0.1996429408559542E+01  0.3343511045179105E+00
  0.2015008709072867E+01  0.3281865524285237E+00
  0.2033760913474546E+01  0.3220605619368328E+00
  0.2052687630853930E+01  0.3159745648765432E+00
  0.2071790485274982E+01  0.3099299704446505E+00
  0.2091071115915634E+01  0.3039281642539223E+00
  0.2110531177208440E+01  0.2979705073970242E+00
  0.2130172338982544E+01  0.2920583355234891E+00
  0.2149996286606961E+01  0.2861929579307302E+00
  0.2170004721135194E+01  0.2803756566703137E+00
  0.2190199359451204E+01  0.2746076856707060E+00
  0.2210581934416725E+01  0.2688902698777179E+00
  0.2231154195019963E+01  0.2632246044138647E+00
  0.2251917906525671E+01  0.2576118537578652E+00
  0.2272874850626622E+01  0.2520531509454920E+00
  0.2294026825596496E+01  0.2465495967929867E+00
  0.2315375646444180E+01  0.2411022591442409E+00
  0.2336923145069518E+01  0.2357121721429320E+00
  0.2358671170420496E+01  0.2303803355307924E+00
  0.2380621588651901E+01  0.2251077139731730E+00
  0.2402776283285449E+01  0.2198952364130411E+00
  0.2425137155371410E+01  0.2147437954545355E+00
  0.2447706123651729E+01  0.2096542467771720E+00
  0.2470485124724671E+01  0.2046274085817701E+00
  0.2493476113210999E+01  0.1996640610691388E+00
  0.2516681061921692E+01  0.1947649459525275E+00
  0.2540101962027233E+01  0.1899307660048141E+00
  0.2563740823228462E+01  0.1851621846413604E+00
  0.2587599673929027E+01  0.1804598255394292E+00
  0.2611680561409440E+01  0.1758242722950086E+00
  0.2635985552002744E+01  0.1712560681178459E+00
  0.2660516731271826E+01  0.1667557155654432E+00
  0.2685276204188373E+01  0.1623236763167157E+00
  0.2710266095313496E+01  0.1579603709859577E+00
  0.2735488548980033E+01  0.1536661789777081E+00
  0.2760945729476552E+01  0.1494414383830436E+00
  0.2786639821233063E+01  0.1452864459177705E+00
  0.2812573029008460E+01  0.1412014569029195E+00
  0.2838747578079706E+01  0.1371866852878845E+00
  0.2865165714432782E+01  0.1332423037164750E+00
  0.2891829704955407E+01  0.1293684436360885E+00
  0.2918741837631559E+01  0.1255651954501299E+00
  0.2945904421737799E+01  0.1218326087137394E+00
  0.2973319788041429E+01  0.1181706923728126E+00
  0.3000990289000487E+01  0.1145794150462191E+00
  0.3028918298965607E+01  0.1110587053510555E+00
  0.3057106214383761E+01  0.1076084522706839E+00
  0.3085556454003889E+01  0.1042285055652345E+00
  0.3114271459084449E+01  0.1009186762241690E+00
  0.3143253693602898E+01  0.9767873696042287E-01
  0.3172505644467118E+01  0.9450842274556705E-01
  0.3202029821728813E+01  0.9140743138534829E-01
  0.3231828758798896E+01  0.8837542413488952E-01
  0.3261905012664869E+01  0.8541202635275374E-01
  0.3292261164110237E+01  0.8251682819299640E-01
  0.3322899817935963E+01  0.7968938533425518E-01
  0.3353823603183971E+01  0.7692921974485056E-01
  0.3385035173362752E+01  0.7423582048279620E-01
  0.3416537206675044E+01  0.7160864452954613E-01
  0.3448332406247650E+01  0.6904711765623511E-01
  0.3480423500363389E+01  0.6655063532109948E-01
  0.3512813242695198E+01  0.6411856359670057E-01
  0.3545504412542426E+01  0.6175024012550827E-01
  0.3578499815069317E+01  0.5944497510234188E-01
  0.3611802281545716E+01  0.5720205228210738E-01
  0.3645414669590013E+01  0.5502073001121475E-01
  0.3679339863414353E+01  0.5290024228100892E-01
  0.3713580774072123E+01  0.5083979980149829E-01
  0.3748140339707741E+01  0.4883859109362190E-01
  0.3783021525808777E+01  0.4689578359825520E-01
  0.3818227325460411E+01  0.4501052480011853E-01
  0.3853760759602268E+01  0.4318194336471994E-01
  0.3889624877287637E+01  0.4140915028643691E-01
  0.3925822755945101E+01  0.3969124004581748E-01
  0.3962357501642612E+01  0.3802729177416329E-01
  0.3999232249354008E+01  0.3641637042344275E-01
  0.4036450163228027E+01  0.3485752793957335E-01
  0.4074014436859812E+01  0.3334980443710811E-01
  0.4111928293564946E+01  0.3189222937336102E-01
  0.4150194986656043E+01  0.3048382272001275E-01
  0.4188817799721900E+01  0.2912359613024744E-01
  0.4227800046909269E+01  0.2781055409948749E-01
  0.4267145073207218E+01  0.2654369511781313E-01
  0.4306856254734179E+01  0.2532201281217933E-01
  0.4346936999027630E+01  0.2414449707657235E-01
  0.4387390745336495E+01  0.2301013518828350E-01
  0.4428220964916260E+01  0.2191791290851726E-01
  0.4469431161326834E+01  0.2086681556559543E-01
  0.4511024870733181E+01  0.1985582911906765E-01
  0.4553005662208752E+01  0.1888394120309205E-01
  0.4595377138041739E+01  0.1795014214750721E-01
  0.4638142934044184E+01  0.1705342597507821E-01
  0.4681306719863958E+01  0.1619279137346493E-01
  0.4724872199299644E+01  0.1536724264052991E-01
  0.4768843110618358E+01  0.1457579060167560E-01
  0.4813223226876515E+01  0.1381745349797681E-01
  0.4858016356243597E+01  0.1309125784395281E-01
  0.4903226342328916E+01  0.1239623925390513E-01
  0.4948857064511428E+01  0.1173144323583124E-01
  0.4994912438272623E+01  0.1109592595201046E-01
  0.5041396415532490E+01  0.1048875494544665E-01
  0.5088312984988637E+01  0.9909009831441792E-02
  0.5135666172458544E+01  0.9355782953666309E-02
  0.5183460041225018E+01  0.8828180004183162E-02
  0.5231698692384849E+01  0.8325320606976517E-02
  0.5280386265200719E+01  0.7846338864628375E-02
  0.5329526937456385E+01  0.7390383867880226E-02
  0.5379124925815165E+01  0.6956620167909668E-02
  0.5429184486181763E+01  0.6544228211244603E-02
  0.5479709914067456E+01  0.6152404737329184E-02
  0.5530705544958689E+01  0.5780363138846269E-02
  0.5582175754689090E+01  0.5427333784990106E-02
  0.5634124959814953E+01  0.5092564307970264E-02
  0.5686557617994214E+01  0.4775319853113013E-02
  0.5739478228368954E+01  0.4474883293009215E-02
  0.5792891331951460E+01  0.4190555406238084E-02
  0.5846801512013883E+01  0.3921655021273510E-02
  0.5901213394481516E+01  0.3667519126253989E-02
  0.5956131648329739E+01  0.3427502945368149E-02
  0.6011560985984651E+01  0.3200979982675249E-02
  0.6067506163727438E+01  0.2987342034243744E-02
  0.6123971982102493E+01  0.2785999169550700E-02
  0.6180963286329352E+01  0.2596379683140542E-02
  0.6238484966718442E+01  0.2417930017593004E-02
  0.6296541959090714E+01  0.2250114658897239E-02
  0.6355139245201177E+01  0.2092416005371653E-02
  0.6414281853166369E+01  0.1944334211307056E-02
  0.6473974857895812E+01  0.1805387006544206E-02
  0.6534223381527481E+01  0.1675109493225605E-02
  0.6595032593867318E+01  0.1553053920985504E-02
  0.6656407712832853E+01  0.1438789441861560E-02
  0.6718354004900934E+01  0.1331901846226320E-02
  0.6780876785559637E+01  0.1231993281046917E-02
  0.6843981419764380E+01  0.1138681951786922E-02
  0.6907673322398273E+01  0.1051601809265449E-02
  0.6971957958736763E+01  0.9704022227853170E-03
  0.7036840844916594E+01  0.8947476408345477E-03
  0.7102327548409144E+01  0.8243172406538021E-03
  0.7168423688498148E+01  0.7588045679466700E-03
  0.7235134936761886E+01  0.6979171679902535E-03
  0.7302467017559847E+01  0.6413762093803302E-03
  0.7370425708523921E+01  0.5889161016187757E-03
  0.7439016841054174E+01  0.5402841077210734E-03
  0.7508246300819222E+01  0.4952399529888313E-03
  0.7578120028261271E+01  0.4535554310565145E-03
  0.7648644019105856E+01  0.4150140082832867E-03
  0.7719824324876319E+01  0.3794104275201924E-03
  0.7791667053413081E+01  0.3465503122401489E-03
  0.7864178369397744E+01  0.3162497719735732E-03
  0.7937364494882067E+01  0.2883350099462241E-03
  0.8011231709821867E+01  0.2626419337682180E-03
  0.8085786352615902E+01  0.2390157699744410E-03
  0.8161034820649732E+01  0.2173106831669666E-03
  0.8236983570844691E+01  0.1973894004598492E-03
  0.8313639120211931E+01  0.1791228418760297E-03
  0.8391008046411629E+01  0.1623897572952952E-03
  0.8469096988317416E+01  0.1470763705015124E-03
  0.8547912646586031E+01  0.1330760308269116E-03
  0.8627461784232306E+01  0.1202888728412472E-03
  0.8707751227209471E+01  0.1086214844844091E-03
  0.8788787864994891E+01  0.9798658399267778E-04
  0.8870578651181225E+01  0.8830270592149629E-04
  0.8953130604073110E+01  0.7949389652153421E-04
  0.9036450807289381E+01  0.7148941868008532E-04
  0.9120546410370906E+01  0.6422346659662576E-04
  0.9205424629394072E+01  0.5763489031977306E-04
  0.9291092747589985E+01  0.5166693023304861E-04
  0.9377558115969425E+01  0.4626696153884928E-04
  0.9464828153953626E+01  0.4138624875396390E-04
  0.9552910350010917E+01  0.3697971019589290E-04
  0.9641812262299297E+01  0.3300569240720242E-04
  0.9731541519314986E+01  0.2942575443520818E-04
  0.9822105820547007E+01  0.2620446185646643E-04
  0.9913512937137867E+01  0.2330919040986713E-04
  0.1000577071255038E+02  0.2070993907857837E-04
  0.1009888706324070E+02  0.1837915243967436E-04
  0.1019286997933762E+02  0.1629155208096992E-04
  0.1028772752532819E+02  0.1442397686735256E-04
  0.1038346784074970E+02  0.1275523182370833E-04
  0.1048009914088815E+02  0.1126594538832828E-04
  0.1057762971748313E+02  0.9938434779402270E-05
  0.1067606793943940E+02  0.8756579207788325E-05
  0.1077542225354491E+02  0.7705700661617098E-05
  0.1087570118519571E+02  0.6772451982373448E-05
  0.1097691333912740E+02  0.5944711947806514E-05
  0.1107906740015354E+02  0.5211487074268692E-05
  0.1118217213391087E+02  0.4562819849780604E-05
  0.1128623638761145E+02  0.3989703109169658E-05
  0.1139126909080187E+02  0.3484000263938246E-05
  0.1149727925612941E+02  0.3038371101986881E-05
  0.1160427598011544E+02  0.2646202875850197E-05
  0.1171226844393598E+02  0.2301546402602882E-05
  0.1182126591420949E+02  0.1999056903961644E-05
  0.1193127774379203E+02  0.1733939321254097E-05
  0.1204231337257982E+02  0.1501897846753029E-05
  0.1215438232831927E+02  0.1299089420295227E-05
  0.1226749422742449E+02  0.1122080948030701E-05
  0.1238165877580252E+02  0.9678100084975033E-06
  0.1249688576968609E+02  0.8335488199094315E-06
  0.1261318509647432E+02  0.7168712515032861E-06
  0.1273056673558104E+02  0.6156226709474966E-06
  0.1284904075929118E+02  0.5278924290980770E-06
  0.1296861733362499E+02  0.4519887927387575E-06
  0.1308930671921042E+02  0.3864161453022513E-06
  0.1321111927216353E+02  0.3298542848862421E-06
  0.1333406544497712E+02  0.2811396581028381E-06
  0.1345815578741769E+02  0.2392483773907472E-06
  0.1358340094743063E+02  0.2032808783367034E-06
  0.1370981167205394E+02  0.1724480822627745E-06
  0.1383739880834039E+02  0.1460589378095357E-06
  0.1396617330428833E+02  0.1235092234564379E-06
  0.1409614620978102E+02  0.1042715008488425E-06
  0.1422732867753492E+02  0.8788611642883826E-07
  0.1435973196405657E+02  0.7395315618045882E-07
  0.1449336743060858E+02  0.6212526528908811E-07
  0.1462824654418445E+02  0.5210125117266224E-07
  0.1476438087849257E+02  0.4362039466469416E-07
  0.1490178211494932E+02  0.3645740011479741E-07
  0.1504046204368144E+02  0.3041792082235021E-07
  0.1518043256453769E+02  0.2533460153649724E-07
  0.1532170568810999E+02  0.2106358474606507E-07
  0.1546429353676401E+02  0.1748143215310611E-07
  0.1560820834567934E+02  0.1448241708210768E-07
  0.1575346246389943E+02  0.1197614763308565E-07
  0.1590006835539115E+02  0.9885484151555125E-08
  0.1604803860011439E+02  0.8144718073308737E-08
  0.1619738589510144E+02  0.6697982419278497E-08
  0.1634812305554655E+02  0.5497867178238132E-08
  0.1650026301590556E+02  0.4504215535782790E-08
  0.1665381883100578E+02  0.3683079400149644E-08
  0.1680880367716620E+02  0.3005814952321377E-08
  0.1696523085332810E+02  0.2448301022728292E-08
  0.1712311378219627E+02  0.1990264982813862E-08
  0.1728246601139070E+02  0.1614702549578965E-08
  0.1744330121460914E+02  0.1307379447467298E-08
  0.1760563319280039E+02  0.1056404266698289E-08
  0.1776947587534854E+02  0.8518631120449088E-09
  0.1793484332126820E+02  0.6855077622514162E-09
  0.1810174972041089E+02  0.5504900684247984E-09
  0.1827020939468265E+02  0.4411362199005098E-09
  0.1844023679927298E+02  0.3527553078015395E-09
  0.1861184652389518E+02  0.2814773287324662E-09
  0.1878505329403829E+02  0.2241164021571849E-09
  0.1895987197223067E+02  0.1780555328129954E-09
  0.1913631755931526E+02  0.1411497412691422E-09
  0.1931440519573686E+02  0.1116448181549211E-09
  0.1949415016284122E+02  0.8810933684453794E-10
  0.1967556788418637E+02  0.6937789117000516E-10
  0.1985867392686602E+02  0.5450381423261469E-10
  0.2004348400284541E+02  0.4271988633156307E-10
  0.2023001397030946E+02  0.3340575872477731E-10
  0.2041827983502357E+02  0.2606100927385579E-10
  0.2060829775170703E+02  0.2028290951318980E-10
  0.2080008402541921E+02  0.1574812347919185E-10
  0.2099365511295868E+02  0.1219767956737154E-10
  0.2118902762427537E+02  0.9424660278537234E-11
  0.2138621832389575E+02  0.7264143218864843E-11
  0.2158524413236144E+02  0.5585002126545026E-11
  0.2178612212768108E+02  0.4283240773997528E-11
  0.2198886954679581E+02  0.3276586893884576E-11
  0.2219350378705827E+02  0.2500119165246966E-11
  0.2240004240772549E+02  0.1902738969185207E-11
  0.2260850313146560E+02  0.1444331125766060E-11
  0.2281890384587855E+02  0.1093485063786363E-11
  0.2303126260503103E+02  0.8256706406636443E-12
  0.2324559763100569E+02  0.6217818022976310E-12
  0.2346192731546466E+02  0.4669770393367057E-12
  0.2368027022122776E+02  0.3497586611880535E-12
  0.2390064508386534E+02  0.2612437041293927E-12
  0.2412307081330591E+02  0.1945881835471635E-12
  0.2434756649545878E+02  0.1445337061629016E-12
  0.2457415139385179E+02  0.1070514419770408E-12
  0.2480284495128428E+02  0.7906334227213544E-13
  0.2503366679149540E+02  0.5822446869491044E-13
  0.2526663672084803E+02  0.4275352815841704E-13
  0.2550177473002831E+02  0.3130132213765450E-13
  0.2573910099576097E+02  0.2284892788465878E-13
  0.2597863588254072E+02  0.1662912546776947E-13
  0.2622039994437961E+02  0.1206594484306730E-13
  0.2646441392657079E+02  0.8728294581609046E-14
  0.2671069876746860E+02  0.6294500423020486E-14
  0.2695927560028522E+02  0.4525270184913841E-14
  0.2721016575490413E+02  0.3243146629254014E-14
  0.2746339075971034E+02  0.2316940113556019E-14
  0.2771897234343769E+02  0.1649971336792835E-14
  0.2797693243703340E+02  0.1171219924229260E-14
  0.2823729317553988E+02  0.8286820632844959E-15
  0.2850007689999408E+02  0.5844020264524620E-15
  0.2876530615934460E+02  0.4107679075606116E-15
  0.2903300371238647E+02  0.2877590050487157E-15
  0.2930319252971415E+02  0.2009071754528084E-15
  0.2957589579569246E+02  0.1397920380538007E-15
  0.2985113691044613E+02  0.9693399650675747E-16
  0.3012893949186759E+02  0.6698269171990070E-16
  0.3040932737764365E+02  0.4612409310472751E-16
  0.3069232462730094E+02  0.3164883245980392E-16
  0.3097795552427043E+02  0.2163903380525795E-16
  0.3126624457797109E+02  0.1474191603618076E-16
  0.3155721652591307E+02  0.1000671060071322E-16
  0.3185089633582030E+02  0.6767611078425981E-17
  0.3214730920777298E+02  0.4560067404586864E-17
  0.3244648057636994E+02  0.3061145561373725E-17
  0.3274843611291108E+02  0.2047191376735025E-17
  0.3305320172760024E+02  0.1363890177751381E-17
  0.3336080357176847E+02  0.9051727416974195E-18
  0.3367126804011803E+02  0.5984103656138412E-18
  0.3398462177298725E+02  0.3940638961549170E-18
  0.3430089165863654E+02  0.2584748324462229E-18
  0.3462010483555552E+02  0.1688643547228789E-18
  0.3494228869479183E+02  0.1098777343628398E-18
  0.3526747088230141E+02  0.7120608816425603E-19
  0.3559567930132082E+02  0.4595617356021026E-19
  0.3592694211476150E+02  0.2953747204918201E-19
  0.3626128774762641E+02  0.1890552707392366E-19
  0.3659874488944910E+02  0.1204962072911848E-19
  0.3693934249675552E+02  0.7647333813431203E-20
  0.3728310979554873E+02  0.4832608398962793E-20
  0.3763007628381666E+02  0.3040679803358295E-20
  0.3798027173406341E+02  0.1904845625558789E-20
  0.3833372619586379E+02  0.1188040399935506E-20
  0.3869046999844197E+02  0.7376784848461064E-21
  0.3905053375327387E+02  0.4559838870076951E-21
  0.3941394835671396E+02  0.2805822337906780E-21
  0.3978074499264629E+02  0.1718623655440381E-21
  0.4015095513516045E+02  0.1047834824980464E-21
  0.4052461055125221E+02  0.6358835745490880E-22
  0.4090174330354941E+02  0.3840751927039207E-22
  0.4128238575306321E+02  0.2308818211946636E-22
  0.4166657056196488E+02  0.1381270821670520E-22
  0.4205433069638853E+02  0.8223641270274589E-23
  0.4244569942925980E+02  0.4872211401297840E-23
  0.4284071034315104E+02  0.2872400413467997E-23
  0.4323939733316286E+02  0.1685003426946818E-23
  0.4364179460983266E+02  0.9834978687326257E-24
  0.4404793670207015E+02  0.5711399954887203E-24
  0.4445785846012025E+02  0.3299800937395747E-24
  0.4487159505855343E+02  0.1896654553528076E-24
  0.4528918199928407E+02  0.1084484085779236E-24
  0.4571065511461673E+02  0.6168385462626342E-25
  0.4613605057032088E+02  0.3489891587057945E-25
  0.4656540486873426E+02  0.1963916474302756E-25
  0.4699875485189497E+02  0.1099216089935511E-25
  0.4743613770470289E+02  0.6118856492724721E-26
  0.4787759095811042E+02  0.3387369141471185E-26
  0.4832315249234296E+02  0.1864822901309815E-26
  0.4877286054014927E+02  0.1020876029209233E-26
  0.4922675369008223E+02  0.5557072952942647E-27
  0.4968487088980997E+02  0.3007696422733212E-27
  0.5014725144945797E+02  0.1618503470711793E-27
  0.5061393504498211E+02  0.8658880104323412E-28
  0.5108496172157324E+02  0.4605266730460337E-28
  0.5156037189709333E+02  0.2434832756387751E-28
  0.5204020636554369E+02  0.1279619579456892E-28
  0.5252450630056541E+02  0.6684453723613290E-29
  0.5301331325897237E+02  0.3470563390943576E-29
  0.5350666918431715E+02  0.1790847383839721E-29
  0.5400461641049016E+02  0.9183686277996989E-30
  0.5450719766535217E+02  0.4680050310338069E-30
  0.5501445607440076E+02  0.2369921749727136E-30
  0.5552643516447079E+02  0.1192455884164085E-30
  0.5604317886746936E+02  0.5961425924743517E-31
  0.5656473152414554E+02  0.2960956787058742E-31
  0.5709113788789514E+02  0.1461041503599387E-31
  0.5762244312860092E+02  0.7161698428152346E-32
  0.5815869283650852E+02  0.3487120184024017E-32
  0.5869993302613848E+02  0.1686512944419971E-32
  0.5924621014023465E+02  0.8101378244376936E-33
  0.5979757105374933E+02  0.3864999261374450E-33
  0.6035406307786555E+02  0.1831202373267725E-33
  0.6091573396405673E+02  0.8615794434994412E-34
  0.6148263190818415E+02  0.4025341196959530E-34
  0.6205480555463250E+02  0.1867392944002840E-34
  0.6263230400048402E+02  0.8601474287023738E-35
  0.6321517679973139E+02  0.3933638378394503E-35
  0.6380347396752984E+02  0.1786005148979034E-35
  0.6439724598448890E+02  0.8050502069174964E-36
  0.6499654380100399E+02  0.3602501642694508E-36
  0.6560141884162844E+02  0.1600369191507913E-36
  0.6621192300948603E+02  0.7057827024661144E-37
  0.6682810869072476E+02  0.3090044904930383E-37
  0.6745002875901203E+02  0.1343136060176122E-37
  0.6807773658007154E+02  0.5796534857779642E-38
  0.6871128601626255E+02  0.2484041889124392E-38
  0.6935073143120171E+02  0.1057211454896620E-38
  0.6999612769442787E+02  0.4469667252261768E-39
  0.7064753018611030E+02  0.1877722195532572E-39
  0.7130499480180083E+02  0.7841618780376015E-40
  0.7196857795723007E+02  0.3257066591126738E-40
  0.7263833659314834E+02  0.1346437553905750E-40
  0.7331432818021167E+02  0.5544365712447513E-41
  0.7399661072391325E+02  0.2276547961063439E-41
  0.7468524276956067E+02  0.9332703416506762E-42
  0.7538028340729973E+02  0.3825468688836706E-42
  0.7608179227718472E+02  0.1570486525696924E-42
  0.7678982957429606E+02  0.6469086353013481E-43
  0.7750445605390556E+02  0.2678653343125447E-43
  0.7822573303668965E+02  0.1116913310416867E-43
  0.7895372241399117E+02  0.4696808691108974E-44
  0.7968848665313024E+02  0.1994027112702181E-44
  0.8043008880276435E+02  0.8551124183754129E-45
  0.8117859249829851E+02  0.3703603710792349E-45
  0.8193406196734564E+02  0.1618880211398374E-45
  0.8269656203523783E+02  0.7132663139090163E-46
  0.8346615813058888E+02  0.3162555877116257E-46
  0.8424291629090858E+02  0.1408624770253517E-46
  0.8502690316826924E+02  0.6291104967067254E-47
  0.8581818603502504E+02  0.2812241791833142E-47
  0.8661683278958446E+02  0.1255793708126818E-47
  0.8742291196223658E+02  0.5311298794024106E-48
  0.8823649272103145E+02  0.2341389881138690E-48
  0.8905764487771532E+02  0.1032049938768895E-48
  0.8988643889372104E+02  0.4571201914484874E-49
  0.9072294588621416E+02  0.1984586838118021E-49
  0.9156723763419546E+02  0.8654796879915143E-50
  0.9241938658466006E+02  0.0000000000000000E+00
  0.9327946585881399E+02  0.0000000000000000E+00
  0.9414754925834862E+02  0.0000000000000000E+00
  0.9502371127177332E+02  0.0000000000000000E+00
  0.9590802708080733E+02  0.0000000000000000E+00
  0.9680057256683081E+02  0.0000000000000000E+00
  0.9770142431739615E+02  0.0000000000000000E+00
  0.9861065963279975E+02  0.0000000000000000E+00
  0.9952835653271509E+02  0.0000000000000000E+00
  0.1004545937628873E+03  0.0000000000000000E+00
  0.1013894508018904E+03  0.0000000000000000E+00
  0.1023330078679468E+03  0.0000000000000000E+00
  0.1032853459258112E+03  0.0000000000000000E+00
  0.1042465466937175E+03  0.0000000000000000E+00
  0.1052166926503914E+03  0.0000000000000000E+00
  0.1061958670421272E+03  0.0000000000000000E+00
  0.1071841538899312E+03  0.0000000000000000E+00
  0.1081816379967318E+03  0.0000000000000000E+00
  0.1091884049546555E+03  0.0000000000000000E+00
  0.1102045411523720E+03  0.0000000000000000E+00
  0.1112301337825067E+03  0.0000000000000000E+00
  0.1122652708491228E+03  0.0000000000000000E+00
  0.1133100411752725E+03  0.0000000000000000E+00
  0.1143645344106188E+03  0.0000000000000000E+00
  0.1154288410391284E+03  0.0000000000000000E+00
  0.1165030523868354E+03  0.0000000000000000E+00
  0.1175872606296784E+03  0.0000000000000000E+00
  0.1186815588014098E+03  0.0000000000000000E+00
  0.1197860408015783E+03  0.0000000000000000E+00
  0.1209008014035871E+03  0.0000000000000000E+00
  0.1220259362628254E+03  0.0000000000000000E+00
  0.1231615419248771E+03  0.0000000000000000E+00
  0.1243077158338047E+03  0.0000000000000000E+00
  0.1254645563405109E+03  0.0000000000000000E+00
  0.1266321627111779E+03  0.0000000000000000E+00
  0.1278106351357856E+03  0.0000000000000000E+00
  0.1290000747367079E+03  0.0000000000000000E+00
  0.1302005835773905E+03  0.0000000000000000E+00
  0.1314122646711086E+03  0.0000000000000000E+00
  0.1326352219898062E+03  0.0000000000000000E+00
  0.1338695604730177E+03  0.0000000000000000E+00
  0.1351153860368724E+03  0.0000000000000000E+00
  0.1363728055831833E+03  0.0000000000000000E+00
  0.1376419270086201E+03  0.0000000000000000E+00
  0.1389228592139673E+03  0.0000000000000000E+00
  0.1402157121134690E+03  0.0000000000000000E+00
  0.1415205966442601E+03  0.0000000000000000E+00
  0.1428376247758862E+03  0.0000000000000000E+00
  0.1441669095199110E+03  0.0000000000000000E+00
  0.1455085649396136E+03  0.0000000000000000E+00
  0.1468627061597764E+03  0.0000000000000000E+00
  0.1482294493765632E+03  0.0000000000000000E+00
  0.1496089118674903E+03  0.0000000000000000E+00
  0.1510012120014896E+03  0.0000000000000000E+00
  0.1524064692490654E+03  0.0000000000000000E+00
  0.1538248041925464E+03  0.0000000000000000E+00
  0.1552563385364322E+03  0.0000000000000000E+00
  0.1567011951178367E+03  0.0000000000000000E+00
  0.1581594979170285E+03  0.0000000000000000E+00
  0.1596313720680696E+03  0.0000000000000000E+00
  0.1611169438695523E+03  0.0000000000000000E+00
  0.1626163407954374E+03  0.0000000000000000E+00
  0.1641296915059919E+03  0.0000000000000000E+00
  0.1656571258588295E+03  0.0000000000000000E+00
  0.1671987749200529E+03  0.0000000000000000E+00
  0.1687547709755011E+03  0.0000000000000000E+00
  0.1703252475420996E+03  0.0000000000000000E+00
  0.1719103393793183E+03  0.0000000000000000E+00
  0.1735101825007339E+03  0.0000000000000000E+00
  0.1751249141857018E+03  0.0000000000000000E+00
  0.1767546729911353E+03  0.0000000000000000E+00
  0.1783995987633949E+03  0.0000000000000000E+00
  0.1800598326502885E+03  0.0000000000000000E+00
  0.1817355171131829E+03  0.0000000000000000E+00
  0.1834267959392278E+03  0.0000000000000000E+00
  0.1851338142536945E+03  0.0000000000000000E+00
  0.1868567185324283E+03  0.0000000000000000E+00
  0.1885956566144177E+03  0.0000000000000000E+00
  0.1903507777144795E+03  0.0000000000000000E+00
  0.1921222324360637E+03  0.0000000000000000E+00
  0.1939101727841754E+03  0.0000000000000000E+00
  0.1957147521784186E+03  0.0000000000000000E+00
  0.1975361254661609E+03  0.0000000000000000E+00
  0.1993744489358205E+03  0.0000000000000000E+00
  0.2012298803302766E+03  0.0000000000000000E+00
  0.2031025788604060E+03  0.0000000000000000E+00
  0.2049927052187435E+03  0.0000000000000000E+00
  0.2069004215932715E+03  0.0000000000000000E+00
  0.2088258916813366E+03  0.0000000000000000E+00
  0.2107692807036961E+03  0.0000000000000000E+00
  0.2127307554186957E+03  0.0000000000000000E+00
  0.2147104841365782E+03  0.0000000000000000E+00
  0.2167086367339260E+03  0.0000000000000000E+00
  0.2187253846682381E+03  0.0000000000000000E+00
  0.2207609009926423E+03  0.0000000000000000E+00
  0.2228153603707446E+03  0.0000000000000000E+00
  0.2248889390916169E+03  0.0000000000000000E+00
  0.2269818150849236E+03  0.0000000000000000E+00
  0.2290941679361898E+03  0.0000000000000000E+00
  0.2312261789022112E+03  0.0000000000000000E+00
  0.2333780309266068E+03  0.0000000000000000E+00
  0.2355499086555177E+03  0.0000000000000000E+00
  0.2377419984534507E+03  0.0000000000000000E+00
  0.2399544884192702E+03  0.0000000000000000E+00
  0.2421875684023382E+03  0.0000000000000000E+00
  0.2444414300188052E+03  0.0000000000000000E+00
  0.2467162666680523E+03  0.0000000000000000E+00
  0.2490122735492866E+03  0.0000000000000000E+00
  0.2513296476782904E+03  0.0000000000000000E+00
  0.2536685879043272E+03  0.0000000000000000E+00
  0.2560292949272044E+03  0.0000000000000000E+00
  0.2584119713144948E+03  0.0000000000000000E+00
  0.2608168215189188E+03  0.0000000000000000E+00
  0.2632440518958878E+03  0.0000000000000000E+00
  0.2656938707212113E+03  0.0000000000000000E+00
  0.2681664882089688E+03  0.0000000000000000E+00
  0.2706621165295475E+03  0.0000000000000000E+00
  0.2731809698278482E+03  0.0000000000000000E+00
  0.2757232642416612E+03  0.0000000000000000E+00
  0.2782892179202120E+03  0.0000000000000000E+00
  0.2808790510428808E+03  0.0000000000000000E+00
  0.2834929858380951E+03  0.0000000000000000E+00
  0.2861312466023992E+03  0.0000000000000000E+00
  0.2887940597197003E+03  0.0000000000000000E+00
  0.2914816536806942E+03  0.0000000000000000E+00
  0.2941942591024714E+03  0.0000000000000000E+00
  0.2969321087483066E+03  0.0000000000000000E+00
  0.2996954375476305E+03  0.0000000000000000E+00
  0.3024844826161897E+03  0.0000000000000000E+00
  0.3052994832763926E+03  0.0000000000000000E+00
  0.3081406810778452E+03  0.0000000000000000E+00
  0.3110083198180781E+03  0.0000000000000000E+00
  0.3139026455634663E+03  0.0000000000000000E+00
  0.3168239066703436E+03  0.0000000000000000E+00
  0.3197723538063136E+03  0.0000000000000000E+00
  0.3227482399717589E+03  0.0000000000000000E+00
  0.3257518205215507E+03  0.0000000000000000E+00
  0.3287833531869601E+03  0.0000000000000000E+00
  0.3318430980977738E+03  0.0000000000000000E+00
  0.3349313178046150E+03  0.0000000000000000E+00
  0.3380482773014727E+03  0.0000000000000000E+00
  0.3411942440484398E+03  0.0000000000000000E+00
  0.3443694879946639E+03  0.0000000000000000E+00
  0.3475742816015106E+03  0.0000000000000000E+00
  0.3508088998659433E+03  0.0000000000000000E+00
  0.3540736203441197E+03  0.0000000000000000E+00
  0.3573687231752087E+03  0.0000000000000000E+00
  0.3606944911054286E+03  0.0000000000000000E+00
  0.3640512095123085E+03  0.0000000000000000E+00
  0.3674391664291767E+03  0.0000000000000000E+00
  0.3708586525698755E+03  0.0000000000000000E+00
  0.3743099613537075E+03  0.0000000000000000E+00
  0.3777933889306129E+03  0.0000000000000000E+00
  0.3813092342065816E+03  0.0000000000000000E+00
  0.3848577988693017E+03  0.0000000000000000E+00
  0.3884393874140468E+03  0.0000000000000000E+00
  0.3920543071698042E+03  0.0000000000000000E+00
  0.3957028683256462E+03  0.0000000000000000E+00
  0.3993853839573464E+03  0.0000000000000000E+00
  0.4031021700542446E+03  0.0000000000000000E+00
  0.4068535455463611E+03  0.0000000000000000E+00
  0.4106398323317632E+03  0.0000000000000000E+00
  0.4144613553041871E+03  0.0000000000000000E+00
  0.4183184423809157E+03  0.0000000000000000E+00
  0.4222114245309174E+03  0.0000000000000000E+00
  0.4261406358032450E+03  0.0000000000000000E+00
  0.4301064133557005E+03  0.0000000000000000E+00
  0.4341090974837655E+03  0.0000000000000000E+00
  0.4381490316498015E+03  0.0000000000000000E+00
  0.4422265625125216E+03  0.0000000000000000E+00
  0.4463420399567367E+03  0.0000000000000000E+00
  0.4504958171233783E+03  0.0000000000000000E+00
  0.4546882504398008E+03  0.0000000000000000E+00
  0.4589196996503661E+03  0.0000000000000000E+00
  0.4631905278473122E+03  0.0000000000000000E+00
  0.4675011015019097E+03  0.0000000000000000E+00
  0.4718517904959077E+03  0.0000000000000000E+00
  0.4762429681532729E+03  0.0000000000000000E+00
  0.4806750112722235E+03  0.0000000000000000E+00
  0.4851483001575619E+03  0.0000000000000000E+00
  0.4896632186533074E+03  0.0000000000000000E+00
  0.4942201541756334E+03  0.0000000000000000E+00
  0.4988194977461109E+03  0.0000000000000000E+00
  0.5034616440252609E+03  0.0000000000000000E+00
  0.5081469913464198E+03  0.0000000000000000E+00
  0.5128759417499197E+03  0.0000000000000000E+00
  0.5176489010175860E+03  0.0000000000000000E+00
  0.5224662787075574E+03  0.0000000000000000E+00
  0.5273284881894292E+03  0.0000000000000000E+00
  0.5322359466797233E+03  0.0000000000000000E+00
  0.5371890752776890E+03  0.0000000000000000E+00
  0.5421882990014369E+03  0.0000000000000000E+00
  0.5472340468244084E+03  0.0000000000000000E+00
  0.5523267517121856E+03  0.0000000000000000E+00
  0.5574668506596424E+03  0.0000000000000000E+00
  0.5626547847284431E+03  0.0000000000000000E+00
  0.5678909990848886E+03  0.0000000000000000E+00
  0.5731759430381150E+03  0.0000000000000000E+00
  0.5785100700786480E+03  0.0000000000000000E+00
  0.5838938379173168E+03  0.0000000000000000E+00
  0.5893277085245281E+03  0.0000000000000000E+00
  0.5948121481699078E+03  0.0000000000000000E+00
  0.6003476274623102E+03  0.0000000000000000E+00
  0.6059346213902003E+03  0.0000000000000000E+00
  0.6115736093624114E+03  0.0000000000000000E+00
  0.6172650752492823E+03  0.0000000000000000E+00
  0.6230095074241773E+03  0.0000000000000000E+00
  0.6288073988053924E+03  0.0000000000000000E+00
  0.6346592468984518E+03  0.0000000000000000E+00
  0.6405655538387979E+03  0.0000000000000000E+00
  0.6465268264348782E+03  0.0000000000000000E+00
  0.6525435762116340E+03  0.0000000000000000E+00
  0.6586163194543930E+03  0.0000000000000000E+00
  0.6647455772531706E+03  0.0000000000000000E+00
  0.6709318755473842E+03  0.0000000000000000E+00
  0.6771757451709823E+03  0.0000000000000000E+00
  0.6834777218979949E+03  0.0000000000000000E+00
  0.6898383464885068E+03  0.0000000000000000E+00
  0.6962581647350593E+03  0.0000000000000000E+00
  0.7027377275094835E+03  0.0000000000000000E+00
  0.7092775908101696E+03  0.0000000000000000E+00
  0.7158783158097762E+03  0.0000000000000000E+00
  0.7225404689033827E+03  0.0000000000000000E+00
  0.7292646217570916E+03  0.0000000000000000E+00
  0.7360513513570811E+03  0.0000000000000000E+00
  0.7429012400591157E+03  0.0000000000000000E+00
  0.7498148756385165E+03  0.0000000000000000E+00
  0.7567928513405976E+03  0.0000000000000000E+00
  0.7638357659315710E+03  0.0000000000000000E+00
  0.7709442237499253E+03  0.0000000000000000E+00
  0.7781188347582835E+03  0.0000000000000000E+00
  0.7853602145957417E+03  0.0000000000000000E+00
  0.7926689846306967E+03  0.0000000000000000E+00
  0.8000457720141640E+03  0.0000000000000000E+00
  0.8074912097335924E+03  0.0000000000000000E+00
  0.8150059366671796E+03  0.0000000000000000E+00
  0.8225905976386929E+03  0.0000000000000000E+00
  0.8302458434727998E+03  0.0000000000000000E+00
  0.8379723310509150E+03  0.0000000000000000E+00
  0.8457707233675654E+03  0.0000000000000000E+00
  0.8536416895872803E+03  0.0000000000000000E+00
  0.8615859051020112E+03  0.0000000000000000E+00
  0.8696040515890860E+03  0.0000000000000000E+00
  0.8776968170697023E+03  0.0000000000000000E+00
  0.8858648959679648E+03  0.0000000000000000E+00
  0.8941089891704731E+03  0.0000000000000000E+00
  0.9024298040864627E+03  0.0000000000000000E+00
  0.9108280547085069E+03  0.0000000000000000E+00
  0.9193044616737828E+03  0.0000000000000000E+00
  0.9278597523259077E+03  0.0000000000000000E+00
  0.9364946607773514E+03  0.0000000000000000E+00
  0.9452099279724283E+03  0.0000000000000000E+00
  0.9540063017508771E+03  0.0000000000000000E+00
  0.9628845369120307E+03  0.0000000000000000E+00
  0.9718453952795846E+03  0.0000000000000000E+00
  0.9808896457669672E+03  0.0000000000000000E+00
  0.9900180644433187E+03  0.0000000000000000E+00
  0.9992314346000844E+03  0.0000000000000000E+00
  0.1008530546818227E+04  0.0000000000000000E+00
  0.1017916199036064E+04  0.0000000000000000E+00
  0.1027389196617740E+04  0.0000000000000000E+00
  0.1036950352422331E+04  0.0000000000000000E+00
  0.1046600486873592E+04  0.0000000000000000E+00
  0.1056340428030362E+04  0.0000000000000000E+00
  0.1066171011657614E+04  0.0000000000000000E+00
  0.1076093081298170E+04  0.0000000000000000E+00
  0.1086107488345085E+04  0.0000000000000000E+00
  0.1096215092114704E+04  0.0000000000000000E+00
  0.1106416759920397E+04  0.0000000000000000E+00
  0.1116713367146981E+04  0.0000000000000000E+00
  0.1127105797325837E+04  0.0000000000000000E+00
  0.1137594942210722E+04  0.0000000000000000E+00
  0.1148181701854290E+04  0.0000000000000000E+00
  0.1158866984685323E+04  0.0000000000000000E+00
  0.1169651707586682E+04  0.0000000000000000E+00
  0.1180536795973982E+04  0.0000000000000000E+00
  0.1191523183875001E+04  0.0000000000000000E+00
  0.1202611814009827E+04  0.0000000000000000E+00
  0.1213803637871751E+04  0.0000000000000000E+00
  0.1225099615808910E+04  0.0000000000000000E+00
  0.1236500717106699E+04  0.0000000000000000E+00
  0.1248007920070936E+04  0.0000000000000000E+00
  0.1259622212111813E+04  0.0000000000000000E+00
  0.1271344589828623E+04  0.0000000000000000E+00
  0.1283176059095277E+04  0.0000000000000000E+00
  0.1295117635146611E+04  0.0000000000000000E+00
  0.1307170342665509E+04  0.0000000000000000E+00
  0.1319335215870823E+04  0.0000000000000000E+00
  0.1331613298606120E+04  0.0000000000000000E+00
  0.1344005644429253E+04  0.0000000000000000E+00
  0.1356513316702760E+04  0.0000000000000000E+00
  0.1369137388685115E+04  0.0000000000000000E+00
  0.1381878943622819E+04  0.0000000000000000E+00
  0.1394739074843350E+04  0.0000000000000000E+00
  0.1407718885848983E+04  0.0000000000000000E+00
  0.1420819490411476E+04  0.0000000000000000E+00
  0.1434042012667642E+04  0.0000000000000000E+00
  0.1447387587215809E+04  0.0000000000000000E+00
  0.1460857359213177E+04  0.0000000000000000E+00
  0.1474452484474082E+04  0.0000000000000000E+00
  0.1488174129569176E+04  0.0000000000000000E+00
  0.1502023471925522E+04  0.0000000000000000E+00
  0.1516001699927636E+04  0.0000000000000000E+00
  0.1530110013019452E+04  0.0000000000000000E+00
  0.1544349621807246E+04  0.0000000000000000E+00
  0.1558721748163518E+04  0.0000000000000000E+00
  0.1573227625331836E+04  0.0000000000000000E+00
  0.1587868498032661E+04  0.0000000000000000E+00
  0.1602645622570150E+04  0.0000000000000000E+00
  0.1617560266939959E+04  0.0000000000000000E+00
  0.1632613710938048E+04  0.0000000000000000E+00
  0.1647807246270498E+04  0.0000000000000000E+00
  0.1663142176664347E+04  0.0000000000000000E+00
  0.1678619817979461E+04  0.0000000000000000E+00
  0.1694241498321449E+04  0.0000000000000000E+00
  0.1710008558155621E+04  0.0000000000000000E+00
  0.1725922350422012E+04  0.0000000000000000E+00
  0.1741984240651474E+04  0.0000000000000000E+00
  0.1758195607082852E+04  0.0000000000000000E+00
  0.1774557840781246E+04  0.0000000000000000E+00
  0.1791072345757377E+04  0.0000000000000000E+00
  0.1807740539088059E+04  0.0000000000000000E+00
  0.1824563851037801E+04  0.0000000000000000E+00
  0.1841543725181529E+04  0.0000000000000000E+00
  0.1858681618528462E+04  0.0000000000000000E+00
  0.1875979001647131E+04  0.0000000000000000E+00
  0.1893437358791567E+04  0.0000000000000000E+00
  0.1911058188028662E+04  0.0000000000000000E+00
  0.1928843001366716E+04  0.0000000000000000E+00
  0.1946793324885178E+04  0.0000000000000000E+00
  0.1964910698865594E+04  0.0000000000000000E+00
  0.1983196677923782E+04  0.0000000000000000E+00
  0.2001652831143222E+04  0.0000000000000000E+00
  0.2020280742209704E+04  0.0000000000000000E+00
  0.2039082009547214E+04  0.0000000000000000E+00
  0.2058058246455097E+04  0.0000000000000000E+00
  0.2077211081246487E+04  0.0000000000000000E+00
  0.2096542157388033E+04  0.0000000000000000E+00
  0.2116053133640917E+04  0.0000000000000000E+00
  0.2135745684203194E+04  0.0000000000000000E+00
  0.2155621498853448E+04  0.0000000000000000E+00
  0.2175682283095790E+04  0.0000000000000000E+00
  0.2195929758306205E+04  0.0000000000000000E+00
  0.2216365661880256E+04  0.0000000000000000E+00
  0.2236991747382170E+04  0.0000000000000000E+00
  0.2257809784695308E+04  0.0000000000000000E+00
  0.2278821560174034E+04  0.0000000000000000E+00
  0.2300028876796996E+04  0.0000000000000000E+00
  0.2321433554321841E+04  0.0000000000000000E+00
  0.2343037429441362E+04  0.0000000000000000E+00
  0.2364842355941101E+04  0.0000000000000000E+00
  0.2386850204858418E+04  0.0000000000000000E+00
  0.2409062864643043E+04  0.0000000000000000E+00
  0.2431482241319119E+04  0.0000000000000000E+00
  0.2454110258648754E+04  0.0000000000000000E+00
  0.2476948858297096E+04  0.0000000000000000E+00
  0.2499999999998940E+04  0.0000000000000000E+00
