376 5
 0 0 0 1 1
 2 2 2 6 1
 -5.508056e+01 -3.877979e+00 -2.513400e-01 -2.507294e+00 -7.177563e-02
0.000000e+00 -9.035419e+01  2.342155e+01 -6.118141e+00  1.274685e-09 -2.422338e-10
3.278564e-09 -9.035419e+01  2.342155e+01 -6.118141e+00 -2.229018e-07  4.336479e-08
1.046582e-07 -9.035407e+01  2.342152e+01 -6.118133e+00 -7.154877e-06  1.391779e-06
7.915214e-07 -9.035326e+01  2.342131e+01 -6.118078e+00 -5.411985e-05  1.052745e-05
3.316517e-06 -9.035030e+01  2.342054e+01 -6.117877e+00 -2.267654e-04  4.411063e-05
1.004733e-05 -9.034239e+01  2.341849e+01 -6.117342e+00 -6.869546e-04  1.336271e-04
2.477810e-05 -9.032509e+01  2.341401e+01 -6.116171e+00 -1.693964e-03  3.295115e-04
5.299135e-05 -9.029197e+01  2.340542e+01 -6.113928e+00 -3.622110e-03  7.045763e-04
1.020609e-04 -9.023439e+01  2.339049e+01 -6.110028e+00 -6.973930e-03  1.356576e-03
1.813877e-04 -9.014139e+01  2.336638e+01 -6.103728e+00 -1.238803e-02  2.409731e-03
3.024627e-04 -8.999963e+01  2.332960e+01 -6.094122e+00 -2.064070e-02  4.015049e-03
4.788527e-04 -8.979350e+01  2.327612e+01 -6.080150e+00 -3.264051e-02  6.349262e-03
7.261078e-04 -8.950538e+01  2.320131e+01 -6.060607e+00 -4.941496e-02  9.612242e-03
1.061591e-03 -8.911594e+01  2.310013e+01 -6.034171e+00 -7.208886e-02  1.402279e-02
1.504231e-03 -8.860475e+01  2.296717e+01 -5.999432e+00 -1.018538e-01  1.981269e-02
2.074209e-03 -8.795088e+01  2.279688e+01 -5.954934e+00 -1.399295e-01  2.721915e-02
2.792580e-03 -8.713377e+01  2.258371e+01 -5.899226e+00 -1.875162e-01  3.647570e-02
3.680838e-03 -8.613409e+01  2.232237e+01 -5.830919e+00 -2.457424e-01  4.780173e-02
4.760448e-03 -8.493477e+01  2.200804e+01 -5.748745e+00 -3.156062e-01  6.139133e-02
6.052333e-03 -8.352196e+01  2.163661e+01 -5.651624e+00 -3.979167e-01  7.740174e-02
7.576358e-03 -8.188605e+01  2.120495e+01 -5.538727e+00 -4.932368e-01  9.594217e-02
9.350803e-03 -8.002247e+01  2.071113e+01 -5.409532e+00 -6.018320e-01  1.170639e-01
1.139185e-02 -7.793238e+01  2.015456e+01 -5.263873e+00 -7.236298e-01  1.407521e-01
1.371307e-02 -7.562308e+01  1.953617e+01 -5.101974e+00 -8.581924e-01  1.669208e-01
1.632504e-02 -7.310811e+01  1.885847e+01 -4.924470e+00 -1.004707e+00  1.954106e-01
1.923484e-02 -7.040702e+01  1.812551e+01 -4.732404e+00 -1.161996e+00  2.259907e-01
2.244580e-02 -6.754485e+01  1.734285e+01 -4.527208e+00 -1.328545e+00  2.583643e-01
2.595722e-02 -6.455119e+01  1.651734e+01 -4.310660e+00 -1.502550e+00  2.921778e-01
2.976415e-02 -6.145912e+01  1.565694e+01 -4.084829e+00 -1.681984e+00  3.270338e-01
3.385735e-02 -5.830386e+01  1.477042e+01 -3.852001e+00 -1.864671e+00  3.625050e-01
3.822326e-02 -5.512141e+01  1.386705e+01 -3.614599e+00 -2.048370e+00  3.981513e-01
4.284407e-02 -5.194718e+01  1.295627e+01 -3.375095e+00 -2.230856e+00  4.335356e-01
4.769797e-02 -4.881473e+01  1.204737e+01 -3.135932e+00 -2.410005e+00  4.682401e-01
5.275935e-02 -4.575471e+01  1.114919e+01 -2.899438e+00 -2.583862e+00  5.018802e-01
5.799924e-02 -4.279403e+01  1.026988e+01 -2.667769e+00 -2.750700e+00  5.341160e-01
6.338567e-02 -3.995531e+01  9.416692e+00 -2.442848e+00 -2.909064e+00  5.646613e-01
6.888423e-02 -3.725663e+01  8.595838e+00 -2.226333e+00 -3.057798e+00  5.932887e-01
7.445863e-02 -3.471143e+01  7.812425e+00 -2.019590e+00 -3.196055e+00  6.198324e-01
8.007127e-02 -3.232878e+01  7.070421e+00 -1.823690e+00 -3.323294e+00  6.441870e-01
8.568391e-02 -3.011365e+01  6.372682e+00 -1.639409e+00 -3.439261e+00  6.663049e-01
9.125831e-02 -2.806745e+01  5.721017e+00 -1.467247e+00 -3.543965e+00  6.861907e-01
9.675688e-02 -2.618853e+01  5.116288e+00 -1.307454e+00 -3.637642e+00  7.038945e-01
1.021433e-01 -2.447273e+01  4.558520e+00 -1.160054e+00 -3.720719e+00  7.195047e-01
1.073832e-01 -2.291398e+01  4.047031e+00 -1.024881e+00 -3.793769e+00  7.331395e-01
1.124446e-01 -2.150474e+01  3.580560e+00 -9.016149e-01 -3.857477e+00  7.449392e-01
1.172985e-01 -2.023652e+01  3.157390e+00 -7.898092e-01 -3.912601e+00  7.550590e-01
1.219193e-01 -1.910024e+01  2.775465e+00 -6.889259e-01 -3.959936e+00  7.636614e-01
1.262852e-01 -1.808656e+01  2.432495e+00 -5.983610e-01 -4.000289e+00  7.709113e-01
1.303784e-01 -1.718614e+01  2.126041e+00 -5.174697e-01 -4.034451e+00  7.769703e-01
1.341853e-01 -1.638980e+01  1.853594e+00 -4.455858e-01 -4.063184e+00  7.819932e-01
1.376967e-01 -1.568869e+01  1.612630e+00 -3.820386e-01 -4.087199e+00  7.861247e-01
1.409077e-01 -1.507440e+01  1.400658e+00 -3.261650e-01 -4.107153e+00  7.894979e-01
1.438175e-01 -1.453894e+01  1.215256e+00 -2.773196e-01 -4.123642e+00  7.922326e-01
1.464295e-01 -1.407483e+01  1.054088e+00 -2.348802e-01 -4.137195e+00  7.944349e-01
1.487507e-01 -1.367507e+01  9.149241e-01 -1.982529e-01 -4.148278e+00  7.961975e-01
1.507917e-01 -1.333315e+01  7.956444e-01 -1.668737e-01 -4.157296e+00  7.976000e-01
1.525662e-01 -1.304298e+01  6.942434e-01 -1.402094e-01 -4.164597e+00  7.987099e-01
1.540902e-01 -1.279890e+01  6.088288e-01 -1.177577e-01 -4.170474e+00  7.995835e-01
1.553821e-01 -1.259566e+01  5.376188e-01 -9.904637e-02 -4.175178e+00  8.002675e-01
1.564617e-01 -1.242834e+01  4.789390e-01 -8.363224e-02 -4.178915e+00  8.007998e-01
1.573500e-01 -1.229237e+01  4.312198e-01 -7.110053e-02 -4.181859e+00  8.012113e-01
1.580683e-01 -1.218352e+01  3.929938e-01 -6.106407e-02 -4.184155e+00  8.015267e-01
1.586383e-01 -1.209785e+01  3.628955e-01 -5.316301e-02 -4.185923e+00  8.017661e-01
1.590810e-01 -1.203175e+01  3.396618e-01 -4.706486e-02 -4.187264e+00  8.019454e-01
1.594164e-01 -1.198190e+01  3.221342e-01 -4.246487e-02 -4.188261e+00  8.020775e-01
1.596637e-01 -1.194529e+01  3.092609e-01 -3.908666e-02 -4.188986e+00  8.021727e-01
1.598401e-01 -1.191924e+01  3.001003e-01 -3.668290e-02 -4.189497e+00  8.022395e-01
1.599612e-01 -1.190139e+01  2.938236e-01 -3.503594e-02 -4.189846e+00  8.022849e-01
1.600405e-01 -1.188972e+01  2.897161e-01 -3.395819e-02 -4.190073e+00  8.023144e-01
1.600896e-01 -1.188250e+01  2.871772e-01 -3.329205e-02 -4.190213e+00  8.023325e-01
1.601178e-01 -1.187835e+01  2.857181e-01 -3.290922e-02 -4.190293e+00  8.023429e-01
1.601325e-01 -1.187619e+01  2.849565e-01 -3.270939e-02 -4.190335e+00  8.023484e-01
1.601392e-01 -1.187520e+01  2.846086e-01 -3.261810e-02 -4.190355e+00  8.023508e-01
1.601418e-01 -1.187483e+01  2.844780e-01 -3.258385e-02 -4.190362e+00  8.023518e-01
1.601424e-01 -1.187473e+01  2.844425e-01 -3.257453e-02 -4.190364e+00  8.023520e-01
1.601425e-01 -1.187471e+01  2.844373e-01 -3.257316e-02 -4.190364e+00  8.023520e-01
1.601426e-01 -1.187471e+01  2.844364e-01 -3.257293e-02 -4.190364e+00  8.023521e-01
1.601430e-01 -1.187465e+01  2.844151e-01 -3.256734e-02 -4.190365e+00  8.023522e-01
1.601458e-01 -1.187424e+01  2.842707e-01 -3.252945e-02 -4.190373e+00  8.023532e-01
1.601560e-01 -1.187273e+01  2.837399e-01 -3.239017e-02 -4.190402e+00  8.023570e-01
1.601834e-01 -1.186871e+01  2.823251e-01 -3.201898e-02 -4.190480e+00  8.023670e-01
1.602433e-01 -1.185991e+01  2.792304e-01 -3.120704e-02 -4.190650e+00  8.023889e-01
1.603581e-01 -1.184308e+01  2.733095e-01 -2.965362e-02 -4.190974e+00  8.024306e-01
1.605577e-01 -1.181387e+01  2.630309e-01 -2.695705e-02 -4.191532e+00  8.025021e-01
1.608803e-01 -1.176680e+01  2.464661e-01 -2.261162e-02 -4.192424e+00  8.026154e-01
1.613728e-01 -1.169533e+01  2.213063e-01 -1.601232e-02 -4.193756e+00  8.027824e-01
1.620903e-01 -1.159199e+01  1.849162e-01 -6.469094e-03 -4.195635e+00  8.030133e-01
1.630960e-01 -1.144871e+01  1.344298e-01  6.767289e-03 -4.198149e+00  8.033125e-01
1.644606e-01 -1.125718e+01  6.689544e-02  2.446655e-02 -4.201338e+00  8.036732e-01
1.662611e-01 -1.100946e+01 -2.053034e-02  4.736691e-02 -4.205159e+00  8.040705e-01
1.685795e-01 -1.069864e+01 -1.303433e-01  7.611083e-02 -4.209448e+00  8.044534e-01
1.715015e-01 -1.031960e+01 -2.644189e-01  1.111718e-01 -4.213869e+00  8.047351e-01
1.751145e-01 -9.869769e+00 -4.237268e-01  1.527771e-01 -4.217870e+00  8.047839e-01
1.795059e-01 -9.349824e+00 -6.080625e-01  2.008358e-01 -4.220644e+00  8.044163e-01
1.847607e-01 -8.764147e+00 -8.158319e-01  2.548789e-01 -4.221110e+00  8.033919e-01
1.909597e-01 -8.121018e+00 -1.043926e+00  3.140249e-01 -4.217912e+00  8.014146e-01
1.981774e-01 -7.432415e+00 -1.287718e+00  3.769780e-01 -4.209459e+00  7.981391e-01
2.064794e-01 -6.713398e+00 -1.541210e+00  4.420647e-01 -4.193988e+00  7.931858e-01
2.159211e-01 -5.981130e+00 -1.797324e+00  5.073121e-01 -4.169671e+00  7.861611e-01
2.265454e-01 -5.253614e+00 -2.048326e+00  5.705615e-01 -4.134747e+00  7.766848e-01
2.383811e-01 -4.548318e+00 -2.286342e+00  6.296096e-01 -4.087661e+00  7.644195e-01
2.514418e-01 -3.880870e+00 -2.503913e+00  6.823599e-01 -4.027209e+00  7.491007e-01
2.657247e-01 -3.263992e+00 -2.694518e+00  7.269699e-01 -3.952660e+00  7.305630e-01
2.812096e-01 -2.706811e+00 -2.853010e+00  7.619756e-01 -3.863844e+00  7.087593e-01
2.978589e-01 -2.214590e+00 -2.975920e+00  7.863809e-01 -3.761191e+00  6.837708e-01
3.156174e-01 -1.788886e+00 -3.061592e+00  7.997032e-01 -3.645718e+00  6.558065e-01
3.344127e-01 -1.428037e+00 -3.110157e+00  8.019726e-01 -3.518972e+00  6.251916e-01
3.541562e-01 -1.127866e+00 -3.123358e+00  7.936905e-01 -3.382921e+00  5.923477e-01
3.747436e-01 -8.824790e-01 -3.104262e+00  7.757536e-01 -3.239828e+00  5.577665e-01
3.960570e-01 -6.850346e-01 -3.056908e+00  7.493577e-01 -3.092104e+00  5.219795e-01
4.179666e-01 -5.284073e-01 -2.985928e+00  7.158924e-01 -2.942169e+00  4.855292e-01
4.403322e-01 -4.056985e-01 -2.896194e+00  6.768384e-01 -2.792330e+00  4.489417e-01
4.630064e-01 -3.105830e-01 -2.792516e+00  6.336770e-01 -2.644682e+00  4.127049e-01
4.858360e-01 -2.375042e-01 -2.679398e+00  5.878159e-01 -2.501043e+00  3.772525e-01
5.086657e-01 -1.817479e-01 -2.560875e+00  5.405357e-01 -2.362915e+00  3.429537e-01
5.313398e-01 -1.394277e-01 -2.440419e+00  4.929556e-01 -2.231472e+00  3.101089e-01
5.537055e-01 -1.074157e-01 -2.320898e+00  4.460165e-01 -2.107574e+00  2.789500e-01
5.756150e-01 -8.324330e-02 -2.204589e+00  4.004785e-01 -1.991791e+00  2.496434e-01
5.969285e-01 -6.499420e-02 -2.093219e+00  3.569287e-01 -1.884436e+00  2.222969e-01
6.175159e-01 -5.120005e-02 -1.988025e+00  3.157964e-01 -1.785610e+00  1.969666e-01
6.372593e-01 -4.074742e-02 -1.889824e+00  2.773725e-01 -1.695238e+00  1.736651e-01
6.560547e-01 -3.279868e-02 -1.799092e+00  2.418304e-01 -1.613110e+00  1.523694e-01
6.738132e-01 -2.672725e-02 -1.716026e+00  2.092469e-01 -1.538914e+00  1.330284e-01
6.904625e-01 -2.206619e-02 -1.640612e+00  1.796219e-01 -1.472266e+00  1.155694e-01
7.059474e-01 -1.846818e-02 -1.572673e+00  1.528958e-01 -1.412735e+00  9.990440e-02
7.202302e-01 -1.567500e-02 -1.511920e+00  1.289649e-01 -1.359861e+00  8.593423e-02
7.332910e-01 -1.349444e-02 -1.457983e+00  1.076938e-01 -1.313174e+00  7.355311e-02
7.451267e-01 -1.178313e-02 -1.410443e+00  8.892598e-02 -1.272200e+00  6.265147e-02
7.557510e-01 -1.043374e-02 -1.368850e+00  7.249151e-02 -1.236475e+00  5.311846e-02
7.651927e-01 -9.365564e-03 -1.332741e+00  5.821358e-02 -1.205543e+00  4.484369e-02
7.734947e-01 -8.517589e-03 -1.301652e+00  4.591302e-02 -1.178967e+00  3.771855e-02
7.807123e-01 -7.843381e-03 -1.275122e+00  3.541167e-02 -1.156327e+00  3.163711e-02
7.869114e-01 -7.307333e-03 -1.252705e+00  2.653479e-02 -1.137221e+00  2.649677e-02
7.921662e-01 -6.881895e-03 -1.233967e+00  1.911277e-02 -1.121267e+00  2.219869e-02
7.965576e-01 -6.545534e-03 -1.218494e+00  1.298237e-02 -1.108103e+00  1.864818e-02
8.001706e-01 -6.281226e-03 -1.205889e+00  7.987566e-03 -1.097386e+00  1.575495e-02
8.030926e-01 -6.075343e-03 -1.195777e+00  3.980364e-03 -1.088792e+00  1.343344e-02
8.054110e-01 -5.916829e-03 -1.187807e+00  8.214229e-04 -1.082021e+00  1.160310e-02
8.072115e-01 -5.796605e-03 -1.181649e+00 -1.619294e-03 -1.076792e+00  1.018873e-02
8.085761e-01 -5.707125e-03 -1.177001e+00 -3.461883e-03 -1.072844e+00  9.120857e-03
8.095818e-01 -5.642068e-03 -1.173585e+00 -4.815891e-03 -1.069944e+00  8.336078e-03
8.102992e-01 -5.596113e-03 -1.171153e+00 -5.779757e-03 -1.067880e+00  7.777389e-03
8.107917e-01 -5.564788e-03 -1.169487e+00 -6.440360e-03 -1.066465e+00  7.394465e-03
8.111144e-01 -5.544360e-03 -1.168396e+00 -6.872737e-03 -1.065540e+00  7.143826e-03
8.113140e-01 -5.531761e-03 -1.167722e+00 -7.140020e-03 -1.064967e+00  6.988885e-03
8.114287e-01 -5.524530e-03 -1.167335e+00 -7.293638e-03 -1.064638e+00  6.899833e-03
8.114887e-01 -5.520759e-03 -1.167132e+00 -7.373828e-03 -1.064467e+00  6.853347e-03
8.115160e-01 -5.519036e-03 -1.167040e+00 -7.410465e-03 -1.064388e+00  6.832109e-03
8.115263e-01 -5.518390e-03 -1.167005e+00 -7.424208e-03 -1.064359e+00  6.824142e-03
8.115291e-01 -5.518215e-03 -1.166996e+00 -7.427946e-03 -1.064351e+00  6.821975e-03
8.115295e-01 -5.518189e-03 -1.166994e+00 -7.428498e-03 -1.064350e+00  6.821655e-03
8.115296e-01 -5.518185e-03 -1.166994e+00 -7.428571e-03 -1.064350e+00  6.821613e-03
8.115308e-01 -5.518106e-03 -1.166990e+00 -7.430261e-03 -1.064346e+00  6.820633e-03
8.115394e-01 -5.517568e-03 -1.166961e+00 -7.441714e-03 -1.064321e+00  6.813994e-03
8.115709e-01 -5.515589e-03 -1.166855e+00 -7.483815e-03 -1.064231e+00  6.789588e-03
8.116547e-01 -5.510319e-03 -1.166572e+00 -7.596026e-03 -1.063991e+00  6.724538e-03
8.118383e-01 -5.498804e-03 -1.165953e+00 -7.841524e-03 -1.063465e+00  6.582220e-03
8.121899e-01 -5.476816e-03 -1.164767e+00 -8.311401e-03 -1.062459e+00  6.309820e-03
8.128014e-01 -5.438784e-03 -1.162708e+00 -9.127644e-03 -1.060712e+00  5.836606e-03
8.137899e-01 -5.377861e-03 -1.159387e+00 -1.044455e-02 -1.057893e+00  5.073082e-03
8.152987e-01 -5.286196e-03 -1.154333e+00 -1.244823e-02 -1.053605e+00  3.911259e-03
8.174968e-01 -5.155456e-03 -1.147004e+00 -1.535372e-02 -1.047388e+00  2.226247e-03
8.205780e-01 -4.977643e-03 -1.136801e+00 -1.939940e-02 -1.038734e+00 -1.205970e-04
8.247587e-01 -4.746197e-03 -1.123084e+00 -2.483831e-02 -1.027105e+00 -3.276802e-03
8.302747e-01 -4.457293e-03 -1.105211e+00 -3.192604e-02 -1.011958e+00 -7.392098e-03
8.373776e-01 -4.111156e-03 -1.082567e+00 -4.090549e-02 -9.927770e-01 -1.260997e-02
8.463297e-01 -3.713121e-03 -1.054619e+00 -5.198840e-02 -9.691132e-01 -1.905772e-02
8.573988e-01 -3.274087e-03 -1.020957e+00 -6.533489e-02 -9.406235e-01 -2.683548e-02
8.708525e-01 -2.810096e-03 -9.813523e-01 -8.103182e-02 -9.071118e-01 -3.600497e-02
8.869516e-01 -2.340871e-03 -9.358011e-01 -9.907224e-02 -8.685660e-01 -4.657902e-02
9.059434e-01 -1.887473e-03 -8.845631e-01 -1.193379e-01 -8.251846e-01 -5.851292e-02
9.280559e-01 -1.469463e-03 -8.281823e-01 -1.415877e-01 -7.773911e-01 -7.169897e-02
9.534907e-01 -1.102239e-03 -7.674856e-01 -1.654547e-01 -7.258299e-01 -8.596517e-02
9.824170e-01 -7.951680e-04 -7.035545e-01 -1.904532e-01 -6.713433e-01 -1.010789e-01
1.014966e+00 -5.509614e-04 -6.376696e-01 -2.159983e-01 -6.149293e-01 -1.167559e-01
1.051227e+00 -3.663451e-04 -5.712324e-01 -2.414357e-01 -5.576834e-01 -1.326739e-01
1.091241e+00 -2.336916e-04 -5.056704e-01 -2.660805e-01 -5.007307e-01 -1.484902e-01
1.134999e+00 -1.430696e-04 -4.423392e-01 -2.892615e-01 -4.451548e-01 -1.638611e-01
1.182440e+00 -8.415685e-05 -3.824312e-01 -3.103655e-01 -3.919328e-01 -1.784617e-01
1.233448e+00 -4.764517e-05 -3.269051e-01 -3.288755e-01 -3.418818e-01 -1.920038e-01
1.287854e+00 -2.601003e-05 -2.764419e-01 -3.444009e-01 -2.956240e-01 -2.042495e-01
1.345437e+00 -1.370884e-05 -2.314314e-01 -3.566943e-01 -2.535711e-01 -2.150206e-01
1.405925e+00 -6.980808e-06 -1.919876e-01 -3.656553e-01 -2.159280e-01 -2.242026e-01
1.468998e+00 -3.445287e-06 -1.579858e-01 -3.713223e-01 -1.827127e-01 -2.317438e-01
1.534295e+00 -1.669071e-06 -1.291144e-01 -3.738552e-01 -1.537878e-01 -2.376503e-01
1.601419e+00 -8.142425e-07 -1.049318e-01 -3.735117e-01 -1.288974e-01 -2.419790e-01
1.669940e+00 -4.055284e-07 -8.492111e-02 -3.706210e-01 -1.077052e-01 -2.448282e-01
1.739407e+00 -1.948402e-07 -6.853728e-02 -3.655571e-01 -8.982913e-02 -2.463280e-01
1.809349e+00 -7.580318e-08 -5.524369e-02 -3.587143e-01 -7.487103e-02 -2.466305e-01
1.879292e+00 -1.557020e-08 -4.453797e-02 -3.504866e-01 -6.243899e-02 -2.459010e-01
1.948758e+00 -1.096515e-09 -3.596767e-02 -3.412495e-01 -5.216348e-02 -2.443091e-01
2.017280e+00 -1.200747e-08 -2.913767e-02 -3.313485e-01 -4.370735e-02 -2.420224e-01
2.084403e+00 -2.262634e-08 -2.371150e-02 -3.210901e-01 -3.677106e-02 -2.392004e-01
2.149701e+00 -1.761324e-08 -1.940845e-02 -3.107374e-01 -3.109416e-02 -2.359903e-01
2.212774e+00 -3.699311e-10 -1.599825e-02 -3.005094e-01 -2.645411e-02 -2.325249e-01
2.273262e+00  1.429125e-08 -1.329461e-02 -2.905820e-01 -2.266353e-02 -2.289201e-01
2.330845e+00  1.513264e-08 -1.114842e-02 -2.810912e-01 -1.956648e-02 -2.252752e-01
2.385251e+00  3.450930e-09 -9.441387e-03 -2.721372e-01 -1.703442e-02 -2.216728e-01
2.436259e+00 -9.976330e-09 -8.080248e-03 -2.637892e-01 -1.496216e-02 -2.181796e-01
2.483700e+00 -1.484004e-08 -6.991850e-03 -2.560899e-01 -1.326416e-02 -2.148479e-01
2.527458e+00 -8.795999e-09 -6.118985e-03 -2.490603e-01 -1.187111e-02 -2.117168e-01
2.567472e+00  2.532723e-09 -5.416981e-03 -2.427041e-01 -1.072705e-02 -2.088138e-01
2.603732e+00  1.110918e-08 -4.850966e-03 -2.370105e-01 -9.786801e-03 -2.061565e-01
2.636282e+00  1.221023e-08 -4.393686e-03 -2.319583e-01 -9.013924e-03 -2.037538e-01
2.665208e+00  6.476435e-09 -4.023786e-03 -2.275179e-01 -8.378978e-03 -2.016077e-01
2.690643e+00 -1.873021e-09 -3.724481e-03 -2.236538e-01 -7.858112e-03 -1.997138e-01
2.712755e+00 -8.321656e-09 -3.482509e-03 -2.203262e-01 -7.431932e-03 -1.980634e-01
2.731747e+00 -1.042675e-08 -3.287333e-03 -2.174924e-01 -7.084582e-03 -1.966437e-01
2.747846e+00 -8.315114e-09 -3.130518e-03 -2.151081e-01 -6.803012e-03 -1.954390e-01
2.761300e+00 -3.763010e-09 -3.005250e-03 -2.131284e-01 -6.576397e-03 -1.944316e-01
2.772369e+00  1.121040e-09 -2.905970e-03 -2.115085e-01 -6.395676e-03 -1.936025e-01
2.781321e+00  4.830642e-09 -2.828094e-03 -2.102042e-01 -6.253195e-03 -1.929318e-01
2.788424e+00  6.766444e-09 -2.767801e-03 -2.091732e-01 -6.142432e-03 -1.923997e-01
2.793940e+00  7.066963e-09 -2.721870e-03 -2.083748e-01 -6.057783e-03 -1.919864e-01
2.798121e+00  6.252580e-09 -2.687570e-03 -2.077710e-01 -5.994414e-03 -1.916732e-01
2.801202e+00  4.905658e-09 -2.662570e-03 -2.073268e-01 -5.948139e-03 -1.914423e-01
2.803400e+00  3.482624e-09 -2.644878e-03 -2.070103e-01 -5.915347e-03 -1.912777e-01
2.804909e+00  2.254737e-09 -2.632802e-03 -2.067932e-01 -5.892945e-03 -1.911646e-01
2.805897e+00  1.330172e-09 -2.624921e-03 -2.066511e-01 -5.878314e-03 -1.910906e-01
2.806509e+00  7.081483e-10 -2.620058e-03 -2.065632e-01 -5.869282e-03 -1.910448e-01
2.806861e+00  3.325997e-10 -2.617265e-03 -2.065127e-01 -5.864095e-03 -1.910184e-01
2.807044e+00  1.312242e-10 -2.615809e-03 -2.064863e-01 -5.861389e-03 -1.910047e-01
2.807128e+00  3.799039e-11 -2.615143e-03 -2.064742e-01 -5.860153e-03 -1.909984e-01
2.807159e+00  2.816217e-12 -2.614894e-03 -2.064697e-01 -5.859689e-03 -1.909960e-01
2.807168e+00 -6.770827e-12 -2.614826e-03 -2.064685e-01 -5.859563e-03 -1.909954e-01
2.807169e+00 -8.186537e-12 -2.614816e-03 -2.064683e-01 -5.859544e-03 -1.909953e-01
2.807169e+00 -8.232311e-12 -2.614815e-03 -2.064683e-01 -5.859542e-03 -1.909953e-01
2.807174e+00 -8.231955e-12 -2.614780e-03 -2.064677e-01 -5.859477e-03 -1.909949e-01
2.807204e+00 -8.229543e-12 -2.614543e-03 -2.064634e-01 -5.859037e-03 -1.909927e-01
2.807313e+00 -8.220681e-12 -2.613672e-03 -2.064476e-01 -5.857420e-03 -1.909845e-01
2.807606e+00 -8.197099e-12 -2.611354e-03 -2.064056e-01 -5.853111e-03 -1.909626e-01
2.808246e+00 -8.145689e-12 -2.606287e-03 -2.063136e-01 -5.843693e-03 -1.909146e-01
2.809473e+00 -8.048000e-12 -2.596610e-03 -2.061375e-01 -5.825698e-03 -1.908227e-01
2.811606e+00 -7.880493e-12 -2.579866e-03 -2.058315e-01 -5.794533e-03 -1.906629e-01
2.815055e+00 -7.616031e-12 -2.553026e-03 -2.053375e-01 -5.744506e-03 -1.904046e-01
2.820318e+00 -7.227092e-12 -2.512601e-03 -2.045851e-01 -5.668992e-03 -1.900103e-01
2.827987e+00 -6.691035e-12 -2.454855e-03 -2.034922e-01 -5.560769e-03 -1.894361e-01
2.838736e+00 -5.997263e-12 -2.376147e-03 -2.019671e-01 -5.412571e-03 -1.886313e-01
2.853321e+00 -5.155207e-12 -2.273392e-03 -1.999105e-01 -5.217848e-03 -1.875400e-01
2.872564e+00 -4.200842e-12 -2.144616e-03 -1.972196e-01 -4.971709e-03 -1.861013e-01
2.897343e+00 -3.198364e-12 -1.989527e-03 -1.937928e-01 -4.671946e-03 -1.842515e-01
2.928573e+00 -2.233642e-12 -1.810007e-03 -1.895356e-01 -4.319985e-03 -1.819257e-01
2.967189e+00 -1.397833e-12 -1.610367e-03 -1.843680e-01 -3.921556e-03 -1.790603e-01
3.014123e+00 -7.636365e-13 -1.397252e-03 -1.782317e-01 -3.486860e-03 -1.755971e-01
3.070287e+00 -3.618175e-13 -1.179126e-03 -1.710989e-01 -3.030070e-03 -1.714864e-01
3.136542e+00 -1.689545e-13 -9.653356e-04 -1.629789e-01 -2.568119e-03 -1.666922e-01
3.213683e+00 -1.154782e-13 -7.649389e-04 -1.539248e-01 -2.118894e-03 -1.611965e-01
3.302415e+00 -1.143262e-13 -5.855051e-04 -1.440362e-01 -1.699152e-03 -1.550043e-01
3.403327e+00 -9.827285e-14 -4.321860e-04 -1.334589e-01 -1.322555e-03 -1.481468e-01
3.516879e+00 -4.597024e-14 -3.072605e-04 -1.223794e-01 -9.982405e-04 -1.406831e-01
3.643378e+00  1.927943e-14 -2.102329e-04 -1.110156e-01 -7.302074e-04 -1.327000e-01
3.782971e+00  5.753653e-14 -1.384002e-04 -9.960262e-02 -5.175800e-04 -1.243092e-01
3.935625e+00  4.767036e-14 -8.768801e-05 -8.837711e-02 -3.555897e-04 -1.156411e-01
4.101127e+00  4.584557e-15 -5.351680e-05 -7.756076e-02 -2.369606e-04 -1.068382e-01
4.279073e+00 -3.391163e-14 -3.150708e-05 -6.734575e-02 -1.533449e-04 -9.804621e-02
4.468875e+00 -3.847695e-14 -1.792720e-05 -5.788392e-02 -9.652354e-05 -8.940530e-02
4.669759e+00 -1.087298e-14 -9.879719e-06 -4.928071e-02 -5.921830e-05 -8.104284e-02
4.880776e+00  2.094231e-14 -5.286453e-06 -4.159401e-02 -3.549719e-05 -7.306722e-02
5.100813e+00  2.940887e-14 -2.755403e-06 -3.483756e-02 -2.084736e-05 -6.556406e-02
5.328610e+00  1.093096e-14 -1.406398e-06 -2.898758e-02 -1.203269e-05 -5.859461e-02
5.562778e+00 -1.406468e-14 -7.085035e-07 -2.399129e-02 -6.848463e-06 -5.219618e-02
5.801821e+00 -2.233461e-14 -3.545619e-07 -1.977599e-02 -3.857830e-06 -4.638415e-02
6.044160e+00 -8.946942e-15 -1.753547e-07 -1.625760e-02 -2.159346e-06 -4.115512e-02
6.288163e+00  1.078477e-14 -8.374742e-08 -1.334791e-02 -1.205710e-06 -3.649059e-02
6.532165e+00  1.794823e-14 -3.793033e-08 -1.096016e-02 -6.739979e-07 -3.236078e-02
6.774505e+00  7.667035e-15 -1.753340e-08 -9.013000e-03 -3.783841e-07 -2.872826e-02
7.013547e+00 -8.454885e-15 -1.039123e-08 -7.432861e-03 -2.140674e-07 -2.555114e-02
7.247715e+00 -1.509781e-14 -7.928367e-09 -6.155111e-03 -1.226405e-07 -2.278563e-02
7.475513e+00 -7.417543e-15 -5.249745e-09 -5.124288e-03 -7.160127e-08 -2.038816e-02
7.695550e+00  6.193157e-15 -1.538005e-09 -4.293698e-03 -4.280236e-08 -1.831680e-02
7.906566e+00  1.330390e-14  1.461293e-09 -3.624628e-03 -2.617123e-08 -1.653229e-02
8.107450e+00  8.594093e-15  2.091451e-09 -3.085381e-03 -1.626135e-08 -1.499860e-02
8.297252e+00 -2.826934e-15  5.091715e-10 -2.650252e-03 -1.022703e-08 -1.368324e-02
8.475199e+00 -1.116760e-14 -1.577931e-09 -2.298558e-03 -6.571608e-09 -1.255728e-02
8.640700e+00 -1.033144e-14 -2.434510e-09 -2.013752e-03 -4.419463e-09 -1.159520e-02
8.793354e+00 -1.854685e-15 -1.557325e-09 -1.782647e-03 -3.173999e-09 -1.077475e-02
8.932947e+00  7.550364e-15  2.377340e-10 -1.594763e-03 -2.412699e-09 -1.007656e-02
9.059447e+00  1.154882e-14  1.669959e-09 -1.441778e-03 -1.872537e-09 -9.483894e-03
9.172998e+00  8.209223e-15  1.936541e-09 -1.317080e-03 -1.432001e-09 -8.982326e-03
9.273910e+00  2.513243e-16  1.088491e-09 -1.215406e-03 -1.064777e-09 -8.559408e-03
9.362642e+00 -7.564056e-15 -2.236915e-10 -1.132556e-03 -7.833647e-10 -8.204405e-03
9.439784e+00 -1.147791e-14 -1.272035e-09 -1.065163e-03 -5.975717e-10 -7.908039e-03
9.506039e+00 -1.034372e-14 -1.644971e-09 -1.010514e-03 -4.981603e-10 -7.662260e-03
9.562202e+00 -5.425137e-15 -1.342625e-09 -9.664062e-04 -4.602695e-10 -7.460050e-03
9.609136e+00  8.703321e-16 -6.379294e-10 -9.310361e-04 -4.548058e-10 -7.295263e-03
9.647752e+00  6.315547e-15  1.338248e-10 -9.029148e-04 -4.582578e-10 -7.162482e-03
9.678982e+00  9.623655e-15  7.282492e-10 -8.807989e-04 -4.569764e-10 -7.056908e-03
9.703762e+00  1.055033e-14  1.044610e-09 -8.636404e-04 -4.464792e-10 -6.974277e-03
9.723005e+00  9.577639e-15  1.101126e-09 -8.505481e-04 -4.282306e-10 -6.910791e-03
9.737589e+00  7.484934e-15  9.787137e-10 -8.407588e-04 -4.061724e-10 -6.863068e-03
9.748339e+00  5.012373e-15  7.695670e-10 -8.336168e-04 -3.842490e-10 -6.828113e-03
9.756007e+00  2.687594e-15  5.465588e-10 -8.285592e-04 -3.651950e-10 -6.803287e-03
9.761270e+00  7.920843e-16  3.533141e-10 -8.251056e-04 -3.502950e-10 -6.786300e-03
9.764719e+00 -5.916685e-16  2.074739e-10 -8.228507e-04 -3.396726e-10 -6.775194e-03
9.766852e+00 -1.506433e-15  1.092299e-10 -8.214590e-04 -3.327456e-10 -6.768333e-03
9.768079e+00 -2.053321e-15  4.987219e-11 -8.206599e-04 -3.286363e-10 -6.764392e-03
9.768719e+00 -2.345036e-15  1.803134e-11 -8.202430e-04 -3.264533e-10 -6.762335e-03
9.769012e+00 -2.479749e-15  3.286736e-12 -8.200526e-04 -3.254473e-10 -6.761395e-03
9.769122e+00 -2.530516e-15 -2.276385e-12 -8.199811e-04 -3.250685e-10 -6.761043e-03
9.769151e+00 -2.544348e-15 -3.792706e-12 -8.199617e-04 -3.249653e-10 -6.760947e-03
9.769156e+00 -2.546390e-15 -4.016622e-12 -8.199588e-04 -3.249501e-10 -6.760933e-03
9.769157e+00 -2.546448e-15 -4.023857e-12 -8.199583e-04 -3.249492e-10 -6.760930e-03
9.769176e+00 -2.546196e-15 -4.023665e-12 -8.199459e-04 -3.249357e-10 -6.760869e-03
9.769305e+00 -2.544484e-15 -4.022362e-12 -8.198615e-04 -3.248445e-10 -6.760453e-03
9.769782e+00 -2.538197e-15 -4.017575e-12 -8.195515e-04 -3.245093e-10 -6.758922e-03
9.771053e+00 -2.521484e-15 -4.004838e-12 -8.187256e-04 -3.236172e-10 -6.754845e-03
9.773833e+00 -2.485131e-15 -3.977080e-12 -8.169211e-04 -3.216725e-10 -6.745931e-03
9.779159e+00 -2.416364e-15 -3.924363e-12 -8.134761e-04 -3.179764e-10 -6.728891e-03
9.788423e+00 -2.299409e-15 -3.834061e-12 -8.075193e-04 -3.116368e-10 -6.699359e-03
9.803397e+00 -2.117296e-15 -3.691735e-12 -7.979821e-04 -3.016228e-10 -6.651899e-03
9.826253e+00 -1.855349e-15 -3.482986e-12 -7.836440e-04 -2.868835e-10 -6.580124e-03
9.859551e+00 -1.506543e-15 -3.196461e-12 -7.632182e-04 -2.665432e-10 -6.476974e-03
9.906227e+00 -1.078180e-15 -2.827892e-12 -7.354855e-04 -2.401678e-10 -6.335166e-03
9.969557e+00 -5.981070e-16 -2.384493e-12 -6.994722e-04 -2.080621e-10 -6.147825e-03
1.005312e+01 -1.173064e-16 -1.888342e-12 -6.546581e-04 -1.715144e-10 -5.909294e-03
1.016071e+01  2.950804e-16 -1.376783e-12 -6.011825e-04 -1.328661e-10 -5.616037e-03
1.029632e+01  5.670757e-16 -8.979414e-13 -5.400025e-04 -9.528130e-11 -5.267543e-03
1.046400e+01  6.482407e-16 -5.006722e-13 -4.729473e-04 -6.215881e-11 -4.867052e-03
1.066781e+01  5.352680e-16 -2.207413e-13 -4.026248e-04 -3.627581e-11 -4.421947e-03
1.091168e+01  2.851395e-16 -6.805044e-14 -3.321628e-04 -1.893585e-11 -3.943633e-03
1.119938e+01  2.452856e-18 -2.137437e-14 -2.648138e-04 -9.510691e-12 -3.446824e-03
1.153435e+01 -2.018882e-16 -3.539865e-14 -2.035002e-04 -5.693396e-12 -2.948263e-03
1.191965e+01 -2.646850e-16 -5.921118e-14 -1.504079e-04 -4.472144e-12 -2.465038e-03
1.235784e+01 -2.056175e-16 -5.817387e-14 -1.067296e-04 -3.411352e-12 -2.012782e-03
1.285091e+01 -1.149098e-16 -2.714896e-14 -7.261696e-05 -1.560642e-12 -1.604077e-03
1.340020e+01 -9.237593e-17  1.338281e-14 -4.733565e-05  5.426145e-13 -1.247365e-03
1.400635e+01 -1.746248e-16  3.626910e-14 -2.955644e-05  1.756587e-12 -9.465406e-04
1.466922e+01 -3.048831e-16  2.892365e-14 -1.768660e-05  1.468355e-12 -7.012178e-04
1.538787e+01 -3.747341e-16  1.816962e-15 -1.015578e-05  1.519182e-13 -5.075518e-04
1.616056e+01 -3.105547e-16 -2.144314e-14 -5.606734e-06 -1.027546e-12 -3.593503e-04
1.698474e+01 -1.350465e-16 -2.365149e-14 -2.982576e-06 -1.173608e-12 -2.492339e-04
1.785703e+01  5.107584e-17 -6.804058e-15 -1.531232e-06 -3.425713e-13 -1.696372e-04
1.877332e+01  1.547082e-16  1.197306e-14 -7.591188e-07  6.168336e-13 -1.135396e-04
1.972878e+01  1.679070e-16  1.662994e-14 -3.642499e-07  8.743376e-13 -7.489719e-05
2.071794e+01  1.653445e-16  5.601919e-15 -1.712658e-07  3.244190e-13 -4.881260e-05
2.173476e+01  2.224755e-16 -8.915579e-15 -8.126819e-08 -4.204496e-13 -3.151231e-05
2.277275e+01  3.316182e-16 -1.361587e-14 -3.979192e-08 -6.680008e-13 -2.020847e-05
2.382505e+01  3.982343e-16 -5.991746e-15 -1.896919e-08 -2.726935e-13 -1.291204e-05
2.488458e+01  3.250768e-16  5.063305e-15 -7.127943e-09  3.119555e-13 -8.244714e-06
2.594410e+01  1.078142e-16  8.980601e-15 -9.990540e-10  5.276861e-13 -5.275635e-06
2.699641e+01 -1.467413e-16  3.318020e-15  4.124920e-10  2.298017e-13 -3.390977e-06
2.803440e+01 -2.979729e-16 -5.243757e-15 -9.556285e-10 -2.428279e-13 -2.194532e-06
2.905122e+01 -2.768681e-16 -8.275689e-15 -2.342763e-09 -4.418002e-13 -1.434257e-06
3.004038e+01 -1.306655e-16 -3.415768e-15 -1.969367e-09 -2.231041e-13 -9.502948e-07
3.099584e+01  2.452402e-17  4.394919e-15 -1.246495e-10  1.720397e-13 -6.405887e-07
3.191213e+01  9.597216e-17  8.237660e-15  1.546663e-09  3.832320e-13 -4.398283e-07
3.278442e+01  7.472716e-17  5.368419e-15  1.720274e-09  2.536058e-13 -3.069636e-07
3.360859e+01  2.421434e-17 -1.146025e-15  4.629242e-10 -7.283831e-14 -2.171638e-07
3.438128e+01  1.886992e-17 -5.791166e-15 -1.050546e-09 -3.151415e-13 -1.558371e-07
3.509994e+01  8.732019e-17 -5.268902e-15 -1.644288e-09 -2.959305e-13 -1.140882e-07
3.576280e+01  1.992521e-16 -5.712037e-16 -1.013831e-09 -5.580248e-14 -8.579307e-08
3.636895e+01  2.949398e-16  4.504763e-15  2.384143e-10  2.151177e-13 -6.627787e-08
3.691825e+01  3.274805e-16  6.482369e-15  1.212618e-09  3.350541e-13 -5.206270e-08
3.741132e+01  2.875905e-16  4.399494e-15  1.362664e-09  2.461669e-13 -4.092328e-08
3.784951e+01  2.006952e-16 -1.276340e-16  7.422742e-10  2.317673e-14 -3.176884e-08
3.823481e+01  1.061329e-16 -4.406281e-15 -1.846695e-10 -1.996215e-13 -2.425472e-08
3.856978e+01  3.549257e-17 -6.366507e-15 -9.110179e-10 -3.145391e-13 -1.832178e-08
3.885747e+01  1.627452e-18 -5.432363e-15 -1.156884e-09 -2.868558e-13 -1.387363e-08
3.910135e+01 -8.494897e-20 -2.376313e-15 -9.303710e-10 -1.501014e-13 -1.066900e-08
3.930515e+01  1.649209e-17  1.409079e-15 -4.271085e-10  2.900785e-14 -8.372955e-09
3.947283e+01  3.697117e-17  4.656957e-15  1.172595e-10  1.877460e-13 -6.660256e-09
3.960844e+01  5.172111e-17  6.646342e-15  5.329495e-10  2.890329e-13 -5.290629e-09
3.971604e+01  5.708141e-17  7.250917e-15  7.514125e-10  3.247369e-13 -4.128920e-09
3.979960e+01  5.390660e-17  6.754708e-15  7.870726e-10  3.071749e-13 -3.123215e-09
3.986293e+01  4.525181e-17  5.607208e-15  6.976243e-10  2.572987e-13 -2.267307e-09
3.990960e+01  3.444618e-17  4.232982e-15  5.480951e-10  1.953354e-13 -1.568094e-09
3.994290e+01  2.401863e-17  2.934305e-15  3.896215e-10  1.358943e-13 -1.026530e-09
3.996576e+01  1.539152e-17  1.872878e-15  2.526789e-10  8.693656e-14 -6.314422e-10
3.998073e+01  9.038931e-18  1.097043e-15  1.494825e-10  5.099640e-14 -3.613813e-10
3.999000e+01  4.817809e-18  5.838042e-16  8.002294e-11  2.716172e-14 -1.896433e-10
3.999532e+01  2.286772e-18  2.768510e-16  3.807583e-11  1.288687e-14 -8.922386e-11
3.999810e+01  9.345320e-19  1.130868e-16  1.558001e-11  5.265295e-15 -3.629689e-11
3.999937e+01  3.095790e-19  3.745377e-17  5.164083e-12  1.744038e-15 -1.199898e-11
3.999985e+01  7.398291e-20  8.949946e-18  1.234372e-12  4.167729e-16 -2.865276e-12
3.999998e+01  9.785878e-21  1.183802e-18  1.632825e-13  5.512687e-17 -3.789160e-13
4.000000e+01  3.065725e-22  3.708611e-20  5.115368e-15  1.727015e-18 -1.187033e-14
