376 5
 0 0 0 1 1
 2 2 2 6 6
 -1.137159e+02 -1.072988e+01 -8.328459e-01 -8.378170e+00 -3.337987e-01
0.000000e+00  1.484806e+02 -4.185209e+01  1.398001e+01  5.766006e-08 -1.650642e-08
3.278564e-09  1.484806e+02 -4.185209e+01  1.398000e+01 -5.428828e-07  1.608448e-07
1.046582e-07  1.484803e+02 -4.185202e+01  1.397998e+01 -1.911284e-05  5.644890e-06
7.915214e-07  1.484785e+02 -4.185150e+01  1.397981e+01 -1.449263e-04  4.279989e-05
3.316517e-06  1.484718e+02 -4.184960e+01  1.397917e+01 -6.074190e-04  1.793824e-04
1.004733e-05  1.484538e+02 -4.184453e+01  1.397748e+01 -1.840172e-03  5.434366e-04
2.477810e-05  1.484144e+02 -4.183343e+01  1.397377e+01 -4.537598e-03  1.340036e-03
5.299135e-05  1.483391e+02 -4.181219e+01  1.396668e+01 -9.701874e-03  2.865140e-03
1.020609e-04  1.482081e+02 -4.177526e+01  1.395434e+01 -1.867753e-02  5.515815e-03
1.813877e-04  1.479966e+02 -4.171563e+01  1.393442e+01 -3.317100e-02  9.795998e-03
3.024627e-04  1.476745e+02 -4.162473e+01  1.390405e+01 -5.525222e-02  1.631698e-02
4.788527e-04  1.472064e+02 -4.149260e+01  1.385991e+01 -8.733550e-02  2.579175e-02
7.261078e-04  1.465528e+02 -4.130794e+01  1.379822e+01 -1.321369e-01  3.902240e-02
1.061591e-03  1.456706e+02 -4.105844e+01  1.371485e+01 -1.926061e-01  5.687998e-02
1.504231e-03  1.445149e+02 -4.073110e+01  1.360545e+01 -2.718314e-01  8.027645e-02
2.074209e-03  1.430405e+02 -4.031265e+01  1.346559e+01 -3.729184e-01  1.101288e-01
2.792580e-03  1.412038e+02 -3.979015e+01  1.329090e+01 -4.988452e-01  1.473162e-01
3.680838e-03  1.389658e+02 -3.915154e+01  1.307733e+01 -6.522986e-01  1.926314e-01
4.760448e-03  1.362941e+02 -3.838634e+01  1.282134e+01 -8.354987e-01  2.467289e-01
6.052333e-03  1.331655e+02 -3.748629e+01  1.252011e+01 -1.050024e+00  3.100727e-01
7.576358e-03  1.295684e+02 -3.644600e+01  1.217177e+01 -1.296648e+00  3.828878e-01
9.350803e-03  1.255045e+02 -3.526350e+01  1.177559e+01 -1.575202e+00  4.651191e-01
1.139185e-02  1.209901e+02 -3.394062e+01  1.133209e+01 -1.884478e+00  5.564018e-01
1.371307e-02  1.160565e+02 -3.248331e+01  1.084317e+01 -2.222187e+00  6.560481e-01
1.632504e-02  1.107495e+02 -3.090160e+01  1.031209e+01 -2.584972e+00  7.630510e-01
1.923484e-02  1.051280e+02 -2.920945e+01  9.743423e+00 -2.968497e+00  8.761088e-01
2.244580e-02  9.926167e+01 -2.742429e+01  9.142941e+00 -3.367589e+00  9.936671e-01
2.595722e-02  9.322788e+01 -2.556638e+01  8.517373e+00 -3.776445e+00  1.113979e+00
2.976415e-02  8.710822e+01 -2.365807e+01  7.874169e+00 -4.188872e+00  1.235179e+00
3.385735e-02  8.098474e+01 -2.172278e+01  7.221193e+00 -4.598561e+00  1.355359e+00
3.822326e-02  7.493644e+01 -1.978418e+01  6.566413e+00 -4.999354e+00  1.472655e+00
4.284407e-02  6.903604e+01 -1.786516e+01  5.917590e+00 -5.385502e+00  1.585321e+00
4.769797e-02  6.334741e+01 -1.598709e+01  5.282001e+00 -5.751892e+00  1.691801e+00
5.275935e-02  5.792377e+01 -1.416909e+01  4.666203e+00 -6.094213e+00  1.790780e+00
5.799924e-02  5.280668e+01 -1.242752e+01  4.075853e+00 -6.409084e+00  1.881224e+00
6.338567e-02  4.802585e+01 -1.077569e+01  3.515591e+00 -6.694112e+00  1.962400e+00
6.888423e-02  4.359954e+01 -9.223673e+00  2.988981e+00 -6.947894e+00  2.033881e+00
7.445863e-02  3.953560e+01 -7.778401e+00  2.498516e+00 -7.169975e+00  2.095533e+00
8.007127e-02  3.583281e+01 -6.443790e+00  2.045661e+00 -7.360756e+00  2.147488e+00
8.568391e-02  3.248247e+01 -5.221049e+00  1.630948e+00 -7.521380e+00  2.190113e+00
9.125831e-02  2.947000e+01 -4.109035e+00  1.254086e+00 -7.653593e+00  2.223968e+00
9.675688e-02  2.677659e+01 -3.104656e+00  9.140967e-01 -7.759604e+00  2.249760e+00
1.021433e-01  2.438057e+01 -2.203280e+00  6.094504e-01 -7.841939e+00  2.268300e+00
1.073832e-01  2.225871e+01 -1.399137e+00  3.382024e-01 -7.903311e+00  2.280461e+00
1.124446e-01  2.038720e+01 -6.856846e-01  9.812005e-02 -7.946501e+00  2.287144e+00
1.172985e-01  1.874254e+01 -5.593157e-02 -1.132035e-01 -7.974261e+00  2.289239e+00
1.219193e-01  1.730204e+01  4.972867e-01 -2.982521e-01 -7.989232e+00  2.287604e+00
1.262852e-01  1.604429e+01  9.810889e-01 -4.595061e-01 -7.993882e+00  2.283043e+00
1.303784e-01  1.494943e+01  1.402376e+00 -5.993797e-01 -7.990465e+00  2.276288e+00
1.341853e-01  1.399923e+01  1.767709e+00 -7.201740e-01 -7.980997e+00  2.267995e+00
1.376967e-01  1.317715e+01  2.083223e+00 -8.240445e-01 -7.967235e+00  2.258735e+00
1.409077e-01  1.246831e+01  2.354583e+00 -9.129813e-01 -7.950682e+00  2.248993e+00
1.438175e-01  1.185938e+01  2.586960e+00 -9.887998e-01 -7.932591e+00  2.239170e+00
1.464295e-01  1.133849e+01  2.785034e+00 -1.053139e+00 -7.913978e+00  2.229587e+00
1.487507e-01  1.089507e+01  2.953013e+00 -1.107468e+00 -7.895639e+00  2.220490e+00
1.507917e-01  1.051971e+01  3.094661e+00 -1.153092e+00 -7.878176e+00  2.212058e+00
1.525662e-01  1.020404e+01  3.213333e+00 -1.191169e+00 -7.862015e+00  2.204410e+00
1.540902e-01  9.940594e+00  3.312019e+00 -1.222722e+00 -7.847431e+00  2.197613e+00
1.553821e-01  9.722678e+00  3.393380e+00 -1.248653e+00 -7.834574e+00  2.191691e+00
1.564617e-01  9.544286e+00  3.459788e+00 -1.269760e+00 -7.823491e+00  2.186632e+00
1.573500e-01  9.400001e+00  3.513360e+00 -1.286747e+00 -7.814145e+00  2.182396e+00
1.580683e-01  9.284930e+00  3.555992e+00 -1.300237e+00 -7.806439e+00  2.178922e+00
1.586383e-01  9.194645e+00  3.589380e+00 -1.310785e+00 -7.800233e+00  2.176136e+00
1.590810e-01  9.125145e+00  3.615044e+00 -1.318882e+00 -7.795357e+00  2.173953e+00
1.594164e-01  9.072824e+00  3.634341e+00 -1.324965e+00 -7.791630e+00  2.172289e+00
1.596637e-01  9.034458e+00  3.648480e+00 -1.329418e+00 -7.788865e+00  2.171057e+00
1.598401e-01  9.007188e+00  3.658523e+00 -1.332579e+00 -7.786883e+00  2.170175e+00
1.599612e-01  8.988519e+00  3.665396e+00 -1.334741e+00 -7.785519e+00  2.169568e+00
1.600405e-01  8.976308e+00  3.669889e+00 -1.336154e+00 -7.784623e+00  2.169169e+00
1.600896e-01  8.968763e+00  3.672665e+00 -1.337027e+00 -7.784068e+00  2.168923e+00
1.601178e-01  8.964427e+00  3.674260e+00 -1.337529e+00 -7.783748e+00  2.168781e+00
1.601325e-01  8.962165e+00  3.675092e+00 -1.337791e+00 -7.783582e+00  2.168707e+00
1.601392e-01  8.961131e+00  3.675473e+00 -1.337910e+00 -7.783505e+00  2.168673e+00
1.601418e-01  8.960743e+00  3.675615e+00 -1.337955e+00 -7.783477e+00  2.168660e+00
1.601424e-01  8.960638e+00  3.675654e+00 -1.337967e+00 -7.783469e+00  2.168657e+00
1.601425e-01  8.960622e+00  3.675660e+00 -1.337969e+00 -7.783468e+00  2.168656e+00
1.601426e-01  8.960620e+00  3.675661e+00 -1.337969e+00 -7.783468e+00  2.168656e+00
1.601430e-01  8.960556e+00  3.675684e+00 -1.337977e+00 -7.783463e+00  2.168654e+00
1.601458e-01  8.960127e+00  3.675842e+00 -1.338026e+00 -7.783431e+00  2.168640e+00
1.601560e-01  8.958551e+00  3.676422e+00 -1.338209e+00 -7.783315e+00  2.168588e+00
1.601834e-01  8.954349e+00  3.677967e+00 -1.338694e+00 -7.783005e+00  2.168451e+00
1.602433e-01  8.945159e+00  3.681347e+00 -1.339757e+00 -7.782325e+00  2.168149e+00
1.603581e-01  8.927586e+00  3.687808e+00 -1.341787e+00 -7.781020e+00  2.167570e+00
1.605577e-01  8.897105e+00  3.699009e+00 -1.345306e+00 -7.778744e+00  2.166561e+00
1.608803e-01  8.848051e+00  3.717020e+00 -1.350960e+00 -7.775044e+00  2.164922e+00
1.613728e-01  8.773710e+00  3.744281e+00 -1.359508e+00 -7.769349e+00  2.162406e+00
1.620903e-01  8.666535e+00  3.783504e+00 -1.371785e+00 -7.760951e+00  2.158708e+00
1.630960e-01  8.518531e+00  3.837512e+00 -1.388647e+00 -7.748977e+00  2.153457e+00
1.644606e-01  8.321799e+00  3.909002e+00 -1.410888e+00 -7.732363e+00  2.146214e+00
1.662611e-01  8.069251e+00  4.000239e+00 -1.439127e+00 -7.709812e+00  2.136450e+00
1.685795e-01  7.755445e+00  4.112678e+00 -1.473686e+00 -7.679758e+00  2.123545e+00
1.715015e-01  7.377475e+00  4.246571e+00 -1.514441e+00 -7.640324e+00  2.106769e+00
1.751145e-01  6.935790e+00  4.400569e+00 -1.560688e+00 -7.589310e+00  2.085285e+00
1.795059e-01  6.434813e+00  4.571414e+00 -1.611030e+00 -7.524198e+00  2.058149e+00
1.847607e-01  5.883191e+00  4.753763e+00 -1.663317e+00 -7.442213e+00  2.024331e+00
1.909597e-01  5.293580e+00  4.940225e+00 -1.714655e+00 -7.340434e+00  1.982755e+00
1.981774e-01  4.681892e+00  5.121650e+00 -1.761517e+00 -7.215972e+00  1.932362e+00
2.064794e-01  4.066060e+00  5.287683e+00 -1.799937e+00 -7.066208e+00  1.872184e+00
2.159211e-01  3.464459e+00  5.427543e+00 -1.825800e+00 -6.889064e+00  1.801443e+00
2.265454e-01  2.894220e+00  5.530952e+00 -1.835189e+00 -6.683285e+00  1.719649e+00
2.383811e-01  2.369710e+00  5.589090e+00 -1.824746e+00 -6.448689e+00  1.626690e+00
2.514418e-01  1.901410e+00  5.595449e+00 -1.792008e+00 -6.186334e+00  1.522898e+00
2.657247e-01  1.495358e+00  5.546444e+00 -1.735654e+00 -5.898587e+00  1.409080e+00
2.812096e-01  1.153192e+00  5.441716e+00 -1.655652e+00 -5.589056e+00  1.286513e+00
2.978589e-01  8.727106e-01  5.284071e+00 -1.553256e+00 -5.262401e+00  1.156882e+00
3.156174e-01  6.487855e-01  5.079103e+00 -1.430889e+00 -4.924041e+00  1.022196e+00
3.344127e-01  4.744210e-01  4.834552e+00 -1.291914e+00 -4.579797e+00  8.846618e-01
3.541562e-01  3.417741e-01  4.559529e+00 -1.140332e+00 -4.235521e+00  7.465554e-01
3.747436e-01  2.430011e-01  4.263703e+00 -9.804614e-01 -3.896748e+00  6.100933e-01
3.960570e-01  1.708601e-01  3.956570e+00 -8.166230e-01 -3.568411e+00  4.773178e-01
4.179666e-01  1.190647e-01  3.646852e+00 -6.528726e-01 -3.254648e+00  3.500079e-01
4.403322e-01  8.242226e-02  3.342083e+00 -4.927951e-01 -2.958685e+00  2.296192e-01
4.630064e-01  5.681753e-02  3.048380e+00 -3.393706e-01 -2.682812e+00  1.172537e-01
4.858360e-01  3.910018e-02  2.770366e+00 -1.949102e-01 -2.428429e+00  1.365630e-02
5.086657e-01  2.692890e-02  2.511238e+00 -6.105087e-02 -2.196134e+00 -8.076588e-02
5.313398e-01  1.860679e-02  2.272909e+00  6.120190e-02 -1.985850e+00 -1.659079e-01
5.537055e-01  1.292958e-02  2.056213e+00  1.713995e-01 -1.796960e+00 -2.419204e-01
5.756150e-01  9.056916e-03  1.861124e+00  2.695568e-01 -1.628444e+00 -3.091588e-01
5.969285e-01  6.409792e-03  1.686971e+00  3.560528e-01 -1.479008e+00 -3.681308e-01
6.175159e-01  4.592840e-03  1.532632e+00  4.315330e-01 -1.347189e+00 -4.194481e-01
6.372593e-01  3.337899e-03  1.396704e+00  4.968218e-01 -1.231450e+00 -4.637836e-01
6.560547e-01  2.464112e-03  1.277633e+00  5.528465e-01 -1.130246e+00 -5.018348e-01
6.738132e-01  1.850043e-03  1.173814e+00  6.005769e-01 -1.042079e+00 -5.342958e-01
6.904625e-01  1.414263e-03  1.083672e+00  6.409773e-01 -9.655325e-01 -5.618349e-01
7.059474e-01  1.101941e-03  1.005703e+00  6.749731e-01 -8.992910e-01 -5.850802e-01
7.202302e-01  8.758018e-04  9.385097e-01  7.034277e-01 -8.421536e-01 -6.046094e-01
7.332910e-01  7.102358e-04  8.808128e-01  7.271287e-01 -7.930355e-01 -6.209449e-01
7.451267e-01  5.875480e-04  8.314592e-01  7.467813e-01 -7.509656e-01 -6.345525e-01
7.557510e-01  4.955262e-04  7.894178e-01  7.630073e-01 -7.150795e-01 -6.458416e-01
7.651927e-01  4.257704e-04  7.537721e-01  7.763479e-01 -6.846109e-01 -6.551688e-01
7.734947e-01  3.724821e-04  7.237107e-01  7.872689e-01 -6.588815e-01 -6.628415e-01
7.807123e-01  3.315870e-04  6.985162e-01  7.961676e-01 -6.372909e-01 -6.691229e-01
7.869114e-01  3.001357e-04  6.775540e-01  8.033807e-01 -6.193067e-01 -6.742371e-01
7.921662e-01  2.759281e-04  6.602612e-01  8.091915e-01 -6.044558e-01 -6.783740e-01
7.965576e-01  2.572935e-04  6.461376e-01  8.138384e-01 -5.923159e-01 -6.816947e-01
8.001706e-01  2.429594e-04  6.347366e-01  8.175214e-01 -5.825090e-01 -6.843351e-01
8.030926e-01  2.319615e-04  6.256588e-01  8.204088e-01 -5.746954e-01 -6.864109e-01
8.054110e-01  2.235720e-04  6.185457e-01  8.226425e-01 -5.685699e-01 -6.880205e-01
8.072115e-01  2.172373e-04  6.130758e-01  8.243424e-01 -5.638575e-01 -6.892478e-01
8.085761e-01  2.125278e-04  6.089613e-01  8.256107e-01 -5.603117e-01 -6.901649e-01
8.095818e-01  2.091011e-04  6.059460e-01  8.265345e-01 -5.577126e-01 -6.908336e-01
8.102992e-01  2.066768e-04  6.038038e-01  8.271879e-01 -5.558657e-01 -6.913069e-01
8.107917e-01  2.050214e-04  6.023376e-01  8.276336e-01 -5.546015e-01 -6.916300e-01
8.111144e-01  2.039404e-04  6.013789e-01  8.279245e-01 -5.537747e-01 -6.918410e-01
8.113140e-01  2.032730e-04  6.007866e-01  8.281039e-01 -5.532639e-01 -6.919711e-01
8.114287e-01  2.028897e-04  6.004463e-01  8.282069e-01 -5.529705e-01 -6.920458e-01
8.114887e-01  2.026897e-04  6.002687e-01  8.282606e-01 -5.528173e-01 -6.920848e-01
8.115160e-01  2.025984e-04  6.001875e-01  8.282852e-01 -5.527473e-01 -6.921026e-01
8.115263e-01  2.025641e-04  6.001571e-01  8.282944e-01 -5.527211e-01 -6.921093e-01
8.115291e-01  2.025548e-04  6.001488e-01  8.282969e-01 -5.527139e-01 -6.921111e-01
8.115295e-01  2.025534e-04  6.001476e-01  8.282972e-01 -5.527129e-01 -6.921114e-01
8.115296e-01  2.025532e-04  6.001474e-01  8.282973e-01 -5.527128e-01 -6.921114e-01
8.115308e-01  2.025491e-04  6.001437e-01  8.282984e-01 -5.527095e-01 -6.921122e-01
8.115394e-01  2.025215e-04  6.001183e-01  8.283061e-01 -5.526877e-01 -6.921178e-01
8.115709e-01  2.024197e-04  6.000251e-01  8.283343e-01 -5.526072e-01 -6.921383e-01
8.116547e-01  2.021487e-04  5.997766e-01  8.284094e-01 -5.523930e-01 -6.921928e-01
8.118383e-01  2.015568e-04  5.992333e-01  8.285735e-01 -5.519243e-01 -6.923119e-01
8.121899e-01  2.004279e-04  5.981939e-01  8.288870e-01 -5.510279e-01 -6.925395e-01
8.128014e-01  1.984795e-04  5.963903e-01  8.294296e-01 -5.494721e-01 -6.929336e-01
8.137899e-01  1.953695e-04  5.934857e-01  8.302996e-01 -5.469663e-01 -6.935660e-01
8.152987e-01  1.907158e-04  5.890789e-01  8.316105e-01 -5.431635e-01 -6.945201e-01
8.174968e-01  1.841328e-04  5.827156e-01  8.334837e-01 -5.376702e-01 -6.958863e-01
8.205780e-01  1.752840e-04  5.739080e-01  8.360374e-01 -5.300626e-01 -6.977541e-01
8.247587e-01  1.639512e-04  5.621640e-01  8.393693e-01 -5.199108e-01 -7.002013e-01
8.302747e-01  1.501087e-04  5.470254e-01  8.435354e-01 -5.068111e-01 -7.032795e-01
8.373776e-01  1.339883e-04  5.281147e-01  8.485235e-01 -4.904243e-01 -7.069964e-01
8.463297e-01  1.161123e-04  5.051852e-01  8.542249e-01 -4.705188e-01 -7.112969e-01
8.573988e-01  9.727416e-05  4.781716e-01  8.604067e-01 -4.470124e-01 -7.160441e-01
8.708525e-01  7.845323e-05  4.472320e-01  8.666900e-01 -4.200088e-01 -7.210037e-01
8.869516e-01  6.067263e-05  4.127742e-01  8.725387e-01 -3.898206e-01 -7.258353e-01
9.059434e-01  4.482880e-05  3.754575e-01  8.772655e-01 -3.569739e-01 -7.300939e-01
9.280559e-01  3.154133e-05  3.361667e-01  8.800580e-01 -3.221895e-01 -7.332439e-01
9.534907e-01  2.106978e-05  2.959547e-01  8.800278e-01 -2.863393e-01 -7.346880e-01
9.824170e-01  1.332237e-05  2.559608e-01  8.762799e-01 -2.503827e-01 -7.338088e-01
1.014966e+00  7.945370e-06  2.173124e-01  8.679969e-01 -2.152878e-01 -7.300207e-01
1.051227e+00  4.451339e-06  1.810262e-01  8.545260e-01 -1.819514e-01 -7.228256e-01
1.091241e+00  2.336442e-06  1.479234e-01  8.354581e-01 -1.511267e-01 -7.118650e-01
1.134999e+00  1.155455e-06  1.185722e-01  8.106844e-01 -1.233711e-01 -6.969610e-01
1.182440e+00  5.528690e-07  9.326461e-02  7.804217e-01 -9.901963e-02 -6.781397e-01
1.233448e+00  2.680667e-07  7.202865e-02  7.452010e-01 -7.818578e-02 -6.556331e-01
1.287854e+00  1.313259e-07  5.466927e-02  7.058214e-01 -6.078691e-02 -6.298593e-01
1.345437e+00  5.370575e-08  4.082731e-02  6.632766e-01 -4.658594e-02 -6.013853e-01
1.405925e+00  5.722190e-09  3.004447e-02  6.186669e-01 -3.524122e-02 -5.708770e-01
1.468998e+00 -1.417353e-08  2.182367e-02  5.731093e-01 -2.635603e-02 -5.390453e-01
1.534295e+00 -8.467542e-09  1.567751e-02  5.276573e-01 -1.952111e-02 -5.065951e-01
1.601419e+00  8.041432e-09  1.116164e-02  4.832396e-01 -1.434680e-02 -4.741821e-01
1.669940e+00  1.663445e-08  7.893330e-03  4.406204e-01 -1.048371e-02 -4.423821e-01
1.739407e+00  9.530423e-09  5.557736e-03  4.003822e-01 -7.633172e-03 -4.116717e-01
1.809349e+00 -5.237673e-09  3.905631e-03  3.629271e-01 -5.549668e-03 -3.824214e-01
1.879292e+00 -1.340206e-08  2.745969e-03  3.284922e-01 -4.037803e-03 -3.548982e-01
1.948758e+00 -8.377821e-09  1.936216e-03  2.971730e-01 -2.946268e-03 -3.292739e-01
2.017280e+00  3.700250e-09  1.372409e-03  2.689513e-01 -2.160510e-03 -3.056384e-01
2.084403e+00  1.117402e-08  9.800915e-04  2.437237e-01 -1.595393e-03 -2.840144e-01
2.149701e+00  7.979700e-09  7.066960e-04  2.213268e-01 -1.188575e-03 -2.643721e-01
2.212774e+00 -1.855960e-09  5.155097e-04  2.015595e-01 -8.949229e-04 -2.466428e-01
2.273262e+00 -9.187260e-09  3.810963e-04  1.842010e-01 -6.820475e-04 -2.307308e-01
2.330845e+00 -8.226416e-09  2.859383e-04  1.690247e-01 -5.268583e-04 -2.165233e-01
2.385251e+00 -7.266005e-10  2.180196e-04  1.558073e-01 -4.129648e-04 -2.038982e-01
2.436259e+00  6.697823e-09  1.691087e-04  1.443365e-01 -3.287564e-04 -1.927302e-01
2.483700e+00  8.510945e-09  1.335545e-04  1.344144e-01 -2.660029e-04 -1.828948e-01
2.527458e+00  4.128800e-09  1.074568e-04  1.258599e-01 -2.188543e-04 -1.742719e-01
2.567472e+00 -2.661914e-09  8.810604e-05  1.185092e-01 -1.831354e-04 -1.667468e-01
2.603732e+00 -7.181133e-09  7.360997e-05  1.122159e-01 -1.558543e-04 -1.602124e-01
2.636282e+00 -7.046697e-09  6.264263e-05  1.068497e-01 -1.348583e-04 -1.545685e-01
2.665208e+00 -3.059122e-09  5.427189e-05  1.022952e-01 -1.185914e-04 -1.497229e-01
2.690643e+00  2.071730e-09  4.783807e-05  9.845026e-02 -1.059214e-04 -1.455901e-01
2.712755e+00  5.697091e-09  4.286841e-05  9.522465e-02 -9.601606e-05 -1.420919e-01
2.731747e+00  6.535609e-09  3.901825e-05  9.253844e-02 -8.825690e-05 -1.391559e-01
2.747846e+00  4.846904e-09  3.603174e-05  9.032065e-02 -8.217802e-05 -1.367157e-01
2.761300e+00  1.810478e-09  3.371632e-05  8.850800e-02 -7.742442e-05 -1.347101e-01
2.772369e+00 -1.273970e-09  3.192566e-05  8.704387e-02 -7.372258e-05 -1.330825e-01
2.781321e+00 -3.522663e-09  3.054776e-05  8.587748e-02 -7.085938e-05 -1.317810e-01
2.788424e+00 -4.619431e-09  2.949621e-05  8.496314e-02 -6.866674e-05 -1.307575e-01
2.793940e+00 -4.691399e-09  2.870341e-05  8.425979e-02 -6.701021e-05 -1.299684e-01
2.798121e+00 -4.084267e-09  2.811559e-05  8.373059e-02 -6.578069e-05 -1.293735e-01
2.801202e+00 -3.167999e-09  2.768919e-05  8.334268e-02 -6.488843e-05 -1.289369e-01
2.803400e+00 -2.226143e-09  2.738838e-05  8.306706e-02 -6.425895e-05 -1.286263e-01
2.804909e+00 -1.423721e-09  2.718348e-05  8.287839e-02 -6.383021e-05 -1.284136e-01
2.805897e+00 -8.236290e-10  2.704991e-05  8.275501e-02 -6.355076e-05 -1.282744e-01
2.806509e+00 -4.214470e-10  2.696755e-05  8.267878e-02 -6.337847e-05 -1.281884e-01
2.806861e+00 -1.791476e-10  2.692029e-05  8.263499e-02 -6.327961e-05 -1.281390e-01
2.807044e+00 -4.937070e-11  2.689564e-05  8.261213e-02 -6.322805e-05 -1.281132e-01
2.807128e+00  1.068059e-11  2.688438e-05  8.260169e-02 -6.320450e-05 -1.281014e-01
2.807159e+00  3.333064e-11  2.688016e-05  8.259777e-02 -6.319567e-05 -1.280970e-01
2.807168e+00  3.950361e-11  2.687901e-05  8.259671e-02 -6.319327e-05 -1.280958e-01
2.807169e+00  4.041515e-11  2.687884e-05  8.259655e-02 -6.319291e-05 -1.280956e-01
2.807169e+00  4.044456e-11  2.687881e-05  8.259653e-02 -6.319286e-05 -1.280956e-01
2.807174e+00  4.044240e-11  2.687823e-05  8.259598e-02 -6.319163e-05 -1.280949e-01
2.807204e+00  4.042775e-11  2.687428e-05  8.259226e-02 -6.318329e-05 -1.280908e-01
2.807313e+00  4.037394e-11  2.685974e-05  8.257860e-02 -6.315264e-05 -1.280753e-01
2.807606e+00  4.023078e-11  2.682104e-05  8.254219e-02 -6.307101e-05 -1.280342e-01
2.808246e+00  3.991884e-11  2.673653e-05  8.246257e-02 -6.289273e-05 -1.279443e-01
2.809473e+00  3.932672e-11  2.657541e-05  8.231028e-02 -6.255267e-05 -1.277723e-01
2.811606e+00  3.831334e-11  2.629747e-05  8.204608e-02 -6.196559e-05 -1.274737e-01
2.815055e+00  3.671856e-11  2.585423e-05  8.162076e-02 -6.102811e-05 -1.269924e-01
2.820318e+00  3.438516e-11  2.519194e-05  8.097586e-02 -5.962447e-05 -1.262615e-01
2.827987e+00  3.119437e-11  2.425706e-05  8.004543e-02 -5.763701e-05 -1.252043e-01
2.838736e+00  2.711326e-11  2.300424e-05  7.875916e-02 -5.496194e-05 -1.237377e-01
2.853321e+00  2.224563e-11  2.140649e-05  7.704692e-02 -5.152956e-05 -1.217759e-01
2.872564e+00  1.686956e-11  1.946601e-05  7.484462e-02 -4.732658e-05 -1.192362e-01
2.897343e+00  1.143790e-11  1.722311e-05  7.210134e-02 -4.241577e-05 -1.160458e-01
2.928573e+00  6.518677e-12  1.475993e-05  6.878686e-02 -3.694689e-05 -1.121493e-01
2.967189e+00  2.668201e-12  1.219584e-05  6.489891e-02 -3.115229e-05 -1.075166e-01
3.014123e+00  2.606227e-13  9.672924e-06  6.046894e-02 -2.532363e-05 -1.021498e-01
3.070287e+00 -6.644399e-13  7.333517e-06  5.556501e-02 -1.977104e-05 -9.608855e-02
3.136542e+00 -4.541968e-13  5.294880e-06  5.029096e-02 -1.477320e-05 -8.941192e-02
3.213683e+00  2.646023e-13  3.628925e-06  4.478099e-02 -1.053145e-05 -8.223723e-02
3.302415e+00  8.379340e-13  2.353748e-06  3.918995e-02 -7.142204e-06 -7.471422e-02
3.403327e+00  8.718038e-13  1.439596e-06  3.368034e-02 -4.595305e-06 -6.701557e-02
3.516879e+00  3.927329e-13  8.257910e-07  2.840779e-02 -2.796883e-06 -5.932450e-02
3.643378e+00 -2.305402e-13  4.407659e-07  2.350724e-02 -1.605525e-06 -5.182100e-02
3.782971e+00 -5.701943e-13  2.174019e-07  1.908218e-02 -8.678652e-07 -4.466863e-02
3.935625e+00 -4.432773e-13  1.002049e-07  1.519834e-02 -4.436473e-07 -3.800343e-02
4.101127e+00 -2.168644e-14  4.621386e-08  1.188252e-02 -2.182162e-07 -3.192653e-02
4.279073e+00  3.297149e-13  2.400268e-08  9.126234e-03 -1.062445e-07 -2.650082e-02
4.468875e+00  3.525622e-13  1.341811e-08  6.892742e-03 -5.112400e-08 -2.175188e-02
4.669759e+00  8.610639e-14  5.255551e-09  5.125904e-03 -2.155817e-08 -1.767219e-02
4.880776e+00 -2.011138e-13 -1.337442e-09  3.759173e-03 -4.874790e-09 -1.422768e-02
5.100813e+00 -2.638001e-13 -3.991274e-09  2.723434e-03  2.160408e-09 -1.136530e-02
5.328610e+00 -8.533621e-14 -2.083317e-09  1.952919e-03  1.584385e-09 -9.020559e-03
5.562778e+00  1.385974e-13  1.673105e-09  1.389007e-03 -2.229610e-09 -7.124162e-03
5.801821e+00  2.012668e-13  3.510097e-09  9.820725e-04 -4.275867e-09 -5.607291e-03
6.044160e+00  7.065824e-14  1.947072e-09  6.918432e-04 -2.451194e-09 -4.405347e-03
6.288163e+00 -1.060230e-13 -1.190502e-09  4.867671e-04  1.292079e-09 -3.460272e-03
6.532165e+00 -1.605940e-13 -2.857289e-09  3.428505e-04  3.378807e-09 -2.721658e-03
6.774505e+00 -5.945114e-14 -1.721335e-09  2.423034e-04  2.135726e-09 -2.146968e-03
7.013547e+00  8.479173e-14  8.502250e-10  1.722116e-04 -9.093881e-10 -1.701131e-03
7.247715e+00  1.354815e-13  2.382532e-09  1.233573e-04 -2.817036e-09 -1.355778e-03
7.475513e+00  5.773350e-14  1.644314e-09  8.924369e-05 -2.037318e-09 -1.088313e-03
7.695550e+00 -6.503722e-14 -4.559494e-10  6.533304e-05  4.372913e-10 -8.809649e-04
7.906566e+00 -1.206685e-13 -1.971247e-09  4.847776e-05  2.305662e-09 -7.198950e-04
8.107450e+00 -6.826880e-14 -1.711982e-09  3.650815e-05  2.092510e-09 -5.944121e-04
8.297252e+00  3.811041e-14 -9.487577e-11  2.793618e-05  2.174716e-10 -4.963061e-04
8.475199e+00  1.075710e-13  1.460929e-09  2.174318e-05 -1.663001e-09 -4.192972e-04
8.640700e+00  8.938411e-14  1.799805e-09  1.722910e-05 -2.146390e-09 -3.585915e-04
8.793354e+00  4.841225e-15  8.311733e-10  1.390841e-05 -1.067636e-09 -3.105312e-04
8.932947e+00 -8.024171e-14 -6.186643e-10  1.144114e-05  6.343745e-10 -2.723229e-04
9.059447e+00 -1.087334e-13 -1.555764e-09  9.588171e-06  1.784288e-09 -2.418307e-04
9.172998e+00 -6.784420e-14 -1.490646e-09  8.181637e-06  1.774311e-09 -2.174173e-04
9.273910e+00  1.185915e-14 -6.129991e-10  7.104164e-06  7.934620e-10 -1.978242e-04
9.362642e+00  8.333506e-14  4.893777e-10  6.273371e-06 -4.858877e-10 -1.820790e-04
9.439784e+00  1.121312e-13  1.252390e-09  5.630445e-06 -1.400279e-09 -1.694259e-04
9.506039e+00  9.045261e-14  1.410271e-09  5.132202e-06 -1.624345e-09 -1.592726e-04
9.562202e+00  3.362694e-14  1.027272e-09  4.746057e-06 -1.217369e-09 -1.511509e-04
9.609136e+00 -3.311199e-14  3.615076e-10  4.447018e-06 -4.701592e-10 -1.446871e-04
9.647752e+00 -8.765742e-14 -3.068556e-10  4.215859e-06  2.941713e-10 -1.395799e-04
9.678982e+00 -1.180792e-13 -7.893985e-10  4.037853e-06  8.545775e-10 -1.355834e-04
9.703762e+00 -1.231059e-13 -1.020523e-09  3.901729e-06  1.130799e-09 -1.324950e-04
9.723005e+00 -1.086020e-13 -1.029720e-09  3.798794e-06  1.153044e-09 -1.301455e-04
9.737589e+00 -8.311114e-14 -8.928382e-10  3.722212e-06  1.006332e-09 -1.283928e-04
9.748339e+00 -5.447068e-14 -6.902819e-10  3.666475e-06  7.821501e-10 -1.271163e-04
9.756007e+00 -2.813337e-14 -4.833689e-10  3.627041e-06  5.508173e-10 -1.262133e-04
9.761270e+00 -6.911162e-15 -3.076070e-10  3.600118e-06  3.533769e-10 -1.255973e-04
9.764719e+00  8.477375e-15 -1.763723e-10  3.582537e-06  2.055787e-10 -1.251953e-04
9.766852e+00  1.861068e-14 -8.849756e-11  3.571685e-06  1.064708e-10 -1.249472e-04
9.768079e+00  2.465543e-14 -3.558285e-11  3.565452e-06  4.674403e-11 -1.248048e-04
9.768719e+00  2.787591e-14 -7.248985e-12  3.562201e-06  1.474893e-11 -1.247306e-04
9.769012e+00  2.936225e-14  5.860145e-12  3.560715e-06 -5.722667e-14 -1.246966e-04
9.769122e+00  2.992224e-14  1.080435e-11  3.560158e-06 -5.641978e-12 -1.246839e-04
9.769151e+00  3.007480e-14  1.215181e-11  3.560006e-06 -7.164045e-12 -1.246804e-04
9.769156e+00  3.009733e-14  1.235078e-11  3.559984e-06 -7.388804e-12 -1.246799e-04
9.769157e+00  3.009798e-14  1.235719e-11  3.559980e-06 -7.396059e-12 -1.246798e-04
9.769176e+00  3.009583e-14  1.235644e-11  3.559886e-06 -7.395631e-12 -1.246776e-04
9.769305e+00  3.008122e-14  1.235139e-11  3.559249e-06 -7.392735e-12 -1.246626e-04
9.769782e+00  3.002755e-14  1.233284e-11  3.556910e-06 -7.382094e-12 -1.246075e-04
9.771053e+00  2.988482e-14  1.228350e-11  3.550679e-06 -7.353786e-12 -1.244605e-04
9.773833e+00  2.957404e-14  1.217602e-11  3.537081e-06 -7.292121e-12 -1.241396e-04
9.779159e+00  2.898494e-14  1.197213e-11  3.511178e-06 -7.175123e-12 -1.235273e-04
9.788423e+00  2.797933e-14  1.162361e-11  3.466568e-06 -6.975052e-12 -1.224696e-04
9.803397e+00  2.640358e-14  1.107622e-11  3.395616e-06 -6.660631e-12 -1.207789e-04
9.826253e+00  2.411396e-14  1.027784e-11  3.290050e-06 -6.201599e-12 -1.182438e-04
9.859551e+00  2.101649e-14  9.191431e-12  3.141971e-06 -5.576018e-12 -1.146464e-04
9.906227e+00  1.711875e-14  7.812035e-12  2.945323e-06 -4.779904e-12 -1.097889e-04
9.969557e+00  1.258288e-14  6.184651e-12  2.697675e-06 -3.837391e-12 -1.035286e-04
1.005312e+01  7.758648e-15  4.416412e-12  2.401995e-06 -2.807813e-12 -9.581679e-05
1.016071e+01  3.168895e-15  2.674276e-12  2.067880e-06 -1.784761e-12 -8.673477e-05
1.029632e+01 -5.773415e-16  1.160130e-12  1.711602e-06 -8.825560e-13 -7.651640e-05
1.046400e+01 -2.946262e-15  6.165712e-14  1.354454e-06 -2.090747e-13 -6.554703e-05
1.066781e+01 -3.677213e-15 -5.104171e-13  1.019356e-06  1.693303e-13 -5.433089e-05
1.091168e+01 -2.934986e-15 -5.743287e-13  7.263884e-07  2.574114e-13 -4.342789e-05
1.119938e+01 -1.318063e-15 -2.879418e-13  4.886144e-07  1.381227e-13 -3.337080e-05
1.153435e+01  3.334331e-16  1.013854e-13  3.097701e-07 -5.383183e-14 -2.458294e-05
1.191965e+01  1.283065e-15  3.572715e-13  1.848169e-07 -1.867036e-13 -1.731892e-05
1.235784e+01  1.234261e-15  3.593665e-13  1.031099e-07 -1.898709e-13 -1.164473e-05
1.285091e+01  4.538493e-16  1.519373e-13  5.263662e-08 -8.194385e-14 -7.459444e-06
1.340020e+01 -4.237937e-16 -1.004425e-13  2.331140e-08  5.166441e-14 -4.546741e-06
1.400635e+01 -8.152131e-16 -2.285853e-13  8.069147e-09  1.206873e-13 -2.636259e-06
1.466922e+01 -5.585370e-16 -1.709897e-13  2.032154e-09  9.117283e-14 -1.456667e-06
1.538787e+01  2.567336e-17 -4.353039e-15  1.197718e-09  3.078971e-15 -7.709518e-07
1.616056e+01  4.263769e-16  1.281710e-13  2.018487e-09 -6.742391e-14 -3.935747e-07
1.698474e+01  3.549637e-16  1.324664e-13  2.062064e-09 -6.981589e-14 -1.938369e-07
1.785703e+01 -5.207366e-17  2.974335e-14  7.559842e-10 -1.512267e-14 -8.993458e-08
1.877332e+01 -3.942661e-16 -7.639738e-14 -8.640874e-10  4.141655e-14 -3.701105e-08
1.972878e+01 -3.738799e-16 -9.672996e-14 -1.454236e-09  5.212322e-14 -1.274177e-08
2.071794e+01 -4.005326e-17 -2.931014e-14 -6.727448e-10  1.598109e-14 -4.895329e-09
2.173476e+01  2.916952e-16  5.170955e-14  5.899329e-10 -2.735795e-14 -4.473193e-09
2.277275e+01  3.451306e-16  7.209919e-14  1.137761e-09 -3.830287e-14 -4.692985e-09
2.382505e+01  1.215283e-16  2.328679e-14  5.774688e-10 -1.241210e-14 -2.567611e-09
2.488458e+01 -1.347237e-16 -3.968458e-14 -4.314016e-10  2.091579e-14  8.323091e-10
2.594410e+01 -1.817326e-16 -5.711821e-14 -9.136246e-10  3.007751e-14  2.742087e-09
2.699641e+01  7.600206e-18 -1.932186e-14 -5.026004e-10  1.025235e-14  1.813254e-09
2.803440e+01  2.505368e-16  3.190353e-14  3.151660e-10 -1.625389e-14 -6.932287e-10
2.905122e+01  3.416313e-16  4.836868e-14  7.569961e-10 -2.433818e-14 -2.324701e-09
3.004038e+01  2.310497e-16  1.949680e-14  4.792229e-10 -9.273154e-15 -1.745648e-09
3.099584e+01  4.172863e-17 -2.377119e-14 -1.892779e-10  1.194037e-14  2.779320e-10
3.191213e+01 -6.113542e-17 -4.196370e-14 -6.322945e-10  1.873923e-14  1.861771e-09
3.278442e+01 -1.158868e-17 -2.207548e-14 -5.080482e-10  5.549613e-15  1.757511e-09
3.360859e+01  1.231059e-16  1.547677e-14  1.685009e-11 -1.528395e-14  2.603004e-10
3.438128e+01  2.210120e-16  3.846929e-14  4.860488e-10 -2.592266e-14 -1.296788e-09
3.509994e+01  2.100001e-16  3.004303e-14  5.543178e-10 -1.791353e-14 -1.751188e-09
3.576280e+01  1.118347e-16 -9.444752e-16  2.210298e-10  2.626874e-15 -9.296073e-10
3.636895e+01  7.326778e-18 -3.056113e-14 -2.371001e-10  2.146108e-14  4.351157e-10
3.691825e+01 -3.253549e-17 -3.892372e-14 -5.096361e-10  2.712314e-14  1.393998e-09
3.741132e+01  7.493997e-18 -2.246869e-14 -4.578612e-10  1.771500e-14  1.436697e-09
3.784951e+01  8.858921e-17  7.001576e-15 -1.580588e-10  1.858491e-16  6.906585e-10
3.823481e+01  1.526416e-16  3.228542e-14  1.955678e-10 -1.542496e-14 -3.191623e-10
3.856978e+01  1.591795e-16  4.118911e-14  4.256585e-10 -2.192916e-14 -1.062014e-09
3.885747e+01  1.024076e-16  3.135319e-14  4.550461e-10 -1.774519e-14 -1.268782e-09
3.910135e+01  5.509407e-18  8.744316e-15  3.120819e-10 -6.066096e-15 -9.753446e-10
3.930515e+01 -9.710936e-17 -1.723753e-14  8.429483e-11  7.891152e-15 -4.049083e-10
3.947283e+01 -1.767347e-16 -3.847924e-14 -1.370650e-10  1.955262e-14  1.891476e-10
3.960844e+01 -2.190549e-16 -5.065684e-14 -2.925306e-10  2.641840e-14  6.308672e-10
3.971604e+01 -2.241803e-16 -5.335519e-14 -3.630875e-10  2.815893e-14  8.540650e-10
3.979960e+01 -2.015283e-16 -4.875496e-14 -3.602898e-10  2.590312e-14  8.797105e-10
3.986293e+01 -1.636849e-16 -4.000137e-14 -3.101103e-10  2.133933e-14  7.726688e-10
3.990960e+01 -1.218600e-16 -2.997352e-14 -2.393867e-10  1.603156e-14  6.037268e-10
3.994290e+01 -8.371475e-17 -2.067770e-14 -1.683054e-10  1.107830e-14  4.276851e-10
3.996576e+01 -5.312323e-17 -1.315708e-14 -1.083932e-10  7.056702e-15  2.767559e-10
3.998073e+01 -3.100372e-17 -7.691783e-15 -6.384792e-11  4.128245e-15  1.635024e-10
3.999000e+01 -1.646276e-17 -4.088468e-15 -3.409163e-11  2.195216e-15  8.745649e-11
3.999532e+01 -7.797240e-18 -1.937540e-15 -1.619755e-11  1.040563e-15  4.159352e-11
3.999810e+01 -3.182930e-18 -7.911653e-16 -6.622783e-12  4.249493e-16  1.701531e-11
3.999937e+01 -1.053861e-18 -2.619888e-16 -2.194408e-12  1.407267e-16  5.639210e-12
3.999985e+01 -2.518027e-19 -6.260113e-17 -5.244627e-13  3.362674e-17  1.347887e-12
3.999998e+01 -3.330476e-20 -8.280071e-18 -6.937342e-14  4.447737e-18  1.782963e-13
4.000000e+01 -1.043365e-21 -2.593971e-19 -2.173342e-15  1.393383e-19  5.585714e-15
