376 8
 0 0 0 0 1 1 1 2
 2 2 2 2 6 6 3 10
 -4.232482e+02 -5.302693e+01 -6.673183e+00 -4.813386e-01 -4.745990e+01 -4.794502e+00 -1.588853e-01 -1.487149e+00
0.000000e+00  3.728879e+02  1.158423e+02 -4.551897e+01  1.385304e+01  1.560656e-05 -6.237780e-06  1.470909e-06 -9.727819e-07
3.278564e-09  3.728879e+02  1.158423e+02 -4.551897e+01  1.385304e+01  1.229536e-05 -4.936362e-06  1.164614e-06 -9.727787e-07
1.046582e-07  3.728866e+02  1.158419e+02 -4.551881e+01  1.385300e+01 -9.009324e-05  3.530600e-05 -8.306637e-06 -9.726862e-07
7.915214e-07  3.728782e+02  1.158393e+02 -4.551778e+01  1.385268e+01 -7.837830e-04  3.079507e-04 -7.247501e-05 -9.723391e-07
3.316517e-06  3.728471e+02  1.158296e+02 -4.551399e+01  1.385153e+01 -3.333739e-03  1.310174e-03 -3.083535e-04 -9.752541e-07
1.004733e-05  3.727643e+02  1.158039e+02 -4.550388e+01  1.384845e+01 -1.013005e-02  3.981367e-03 -9.370329e-04 -1.015216e-06
2.477810e-05  3.725831e+02  1.157476e+02 -4.548176e+01  1.384172e+01 -2.499890e-02  9.825352e-03 -2.312445e-03 -1.265988e-06
5.299135e-05  3.722364e+02  1.156399e+02 -4.543942e+01  1.382883e+01 -5.345643e-02  2.101017e-02 -4.944851e-03 -2.371822e-06
1.020609e-04  3.716341e+02  1.154527e+02 -4.536585e+01  1.380644e+01 -1.028877e-01  4.043842e-02 -9.517392e-03 -6.251055e-06
1.813877e-04  3.706625e+02  1.151505e+02 -4.524711e+01  1.377031e+01 -1.826301e-01  7.177998e-02 -1.689379e-02 -1.776648e-05
3.024627e-04  3.691845e+02  1.146905e+02 -4.506633e+01  1.371529e+01 -3.039370e-01  1.194578e-01 -2.811502e-02 -4.780067e-05
4.788527e-04  3.670420e+02  1.140230e+02 -4.480392e+01  1.363542e+01 -4.797977e-01  1.885771e-01 -4.438259e-02 -1.183855e-04
7.261078e-04  3.640597e+02  1.130923e+02 -4.443803e+01  1.352406e+01 -7.245880e-01  2.847874e-01 -6.702618e-02 -2.705661e-04
1.061591e-03  3.600522e+02  1.118391e+02 -4.394516e+01  1.337404e+01 -1.053532e+00  4.140715e-01 -9.745381e-02 -5.755774e-04
1.504231e-03  3.548327e+02  1.102020e+02 -4.330113e+01  1.317801e+01 -1.481969e+00  5.824551e-01 -1.370836e-01 -1.149634e-03
2.074209e-03  3.482240e+02  1.081215e+02 -4.248225e+01  1.292874e+01 -2.024425e+00  7.956413e-01 -1.872576e-01 -2.172138e-03
2.792580e-03  3.400712e+02  1.055426e+02 -4.146666e+01  1.261957e+01 -2.693526e+00  1.058580e+00 -2.491406e-01 -3.906434e-03
3.680838e-03  3.302563e+02  1.024197e+02 -4.023591e+01  1.224486e+01 -3.498811e+00  1.374996e+00 -3.236084e-01 -6.721374e-03
4.760448e-03  3.187113e+02  9.871989e+01 -3.877655e+01  1.180050e+01 -4.445519e+00  1.746903e+00 -4.111340e-01 -1.111109e-02
6.052333e-03  3.054307e+02  9.442733e+01 -3.708166e+01  1.128435e+01 -5.533472e+00  2.174156e+00 -5.116812e-01 -1.770962e-02
7.576358e-03  2.904808e+02  8.954639e+01 -3.515216e+01  1.069667e+01 -6.756184e+00  2.654082e+00 -6.246181e-01 -2.729657e-02
9.350803e-03  2.740038e+02  8.410393e+01 -3.299778e+01  1.004037e+01 -8.100312e+00  3.181252e+00 -7.486614e-01 -4.079011e-02
1.139185e-02  2.562165e+02  7.815025e+01 -3.063752e+01  9.321214e+00 -9.545582e+00  3.747420e+00 -8.818643e-01 -5.922439e-02
1.371307e-02  2.374023e+02  7.175845e+01 -2.809944e+01  8.547710e+00 -1.106525e+01  4.341696e+00 -1.021653e+00 -8.370985e-02
1.632504e-02  2.178974e+02  6.502189e+01 -2.541983e+01  7.730892e+00 -1.262712e+01  4.950921e+00 -1.164919e+00 -1.153770e-01
1.923484e-02  1.980710e+02  5.805024e+01 -2.264176e+01  6.883861e+00 -1.419508e+01  5.560267e+00 -1.308155e+00 -1.553070e-01
2.244580e-02  1.783033e+02  5.096395e+01 -1.981299e+01  6.021177e+00 -1.573105e+01  6.153997e+00 -1.447639e+00 -2.044533e-01
2.595722e-02  1.589622e+02  4.388802e+01 -1.698360e+01  5.158120e+00 -1.719713e+01  6.716334e+00 -1.579634e+00 -2.635635e-01
2.976415e-02  1.403819e+02  3.694536e+01 -1.420340e+01  4.309911e+00 -1.855778e+01  7.232359e+00 -1.700606e+00 -3.331072e-01
3.385735e-02  1.228452e+02  3.025054e+01 -1.151940e+01  3.490945e+00 -1.978186e+01  7.688852e+00 -1.807419e+00 -4.132202e-01
3.822326e-02  1.065720e+02  2.390431e+01 -8.973592e+00  2.714102e+00 -2.084425e+01  8.075001e+00 -1.897505e+00 -5.036694e-01
4.284407e-02  9.171302e+01  1.798950e+01 -6.601170e+00  1.990203e+00 -2.172700e+01  8.382926e+00 -1.968990e+00 -6.038445e-01
4.769797e-02  7.835075e+01  1.256837e+01 -4.429299e+00  1.327628e+00 -2.241988e+01  8.607973e+00 -2.020764e+00 -7.127769e-01
5.275935e-02  6.650446e+01  7.681640e+00 -2.476530e+00  7.321303e-01 -2.292036e+01  8.748762e+00 -2.052495e+00 -8.291836e-01
5.799924e-02  5.613976e+01  3.348963e+00 -7.528065e-01  2.068268e-01 -2.323307e+01  8.807021e+00 -2.064590e+00 -9.515315e-01
6.338567e-02  4.717996e+01 -4.292756e-01  7.399969e-01 -2.476419e-01 -2.336880e+01  8.787230e+00 -2.058113e+00 -1.078117e+00
6.888423e-02  3.951829e+01 -3.669255e+00  2.007120e+00 -6.328274e-01 -2.334327e+01  8.696123e+00 -2.034667e+00 -1.207149e+00
7.445863e-02  3.302946e+01 -6.400435e+00  3.059684e+00 -9.520998e-01 -2.317573e+01  8.542121e+00 -1.996259e+00 -1.336837e+00
8.007127e-02  2.757984e+01 -8.662064e+00  3.913319e+00 -1.210230e+00 -2.288754e+01  8.334741e+00 -1.945160e+00 -1.465464e+00
8.568391e-02  2.303556e+01 -1.049979e+01  4.586778e+00 -1.412966e+00 -2.250096e+01  8.084033e+00 -1.883773e+00 -1.591453e+00
9.125831e-02  1.926858e+01 -1.196260e+01  5.100638e+00 -1.566633e+00 -2.203798e+01  7.800077e+00 -1.814510e+00 -1.713416e+00
9.675688e-02  1.616069e+01 -1.310018e+01  5.476160e+00 -1.677781e+00 -2.151950e+01  7.492571e+00 -1.739691e+00 -1.830187e+00
1.021433e-01  1.360583e+01 -1.396090e+01  5.734349e+00 -1.752891e+00 -2.096466e+01  7.170506e+00 -1.661470e+00 -1.940835e+00
1.073832e-01  1.151097e+01 -1.459028e+01  5.895223e+00 -1.798150e+00 -2.039044e+01  6.841949e+00 -1.581782e+00 -2.044672e+00
1.124446e-01  9.796087e+00 -1.502992e+01  5.977294e+00 -1.819286e+00 -1.981144e+01  6.513908e+00 -1.502304e+00 -2.141234e+00
1.172985e-01  8.393393e+00 -1.531702e+01  5.997246e+00 -1.821465e+00 -1.923985e+01  6.192280e+00 -1.424451e+00 -2.230268e+00
1.219193e-01  7.246180e+00 -1.548404e+01  5.969762e+00 -1.809235e+00 -1.868548e+01  5.881860e+00 -1.349369e+00 -2.311704e+00
1.262852e-01  6.307506e+00 -1.555884e+01  5.907488e+00 -1.786516e+00 -1.815599e+01  5.586393e+00 -1.277954e+00 -2.385623e+00
1.303784e-01  5.538826e+00 -1.556485e+01  5.821094e+00 -1.756609e+00 -1.765705e+01  5.308666e+00 -1.210870e+00 -2.452233e+00
1.341853e-01  4.908692e+00 -1.552146e+01  5.719390e+00 -1.722243e+00 -1.719261e+01  5.050612e+00 -1.148575e+00 -2.511835e+00
1.376967e-01  4.391567e+00 -1.544442e+01  5.609501e+00 -1.685619e+00 -1.676514e+01  4.813420e+00 -1.091347e+00 -2.564802e+00
1.409077e-01  3.966780e+00 -1.534630e+01  5.497049e+00 -1.648470e+00 -1.637589e+01  4.597651e+00 -1.039315e+00 -2.611552e+00
1.438175e-01  3.617624e+00 -1.523692e+01  5.386346e+00 -1.612120e+00 -1.602510e+01  4.403345e+00 -9.924821e-01 -2.652532e+00
1.464295e-01  3.330604e+00 -1.512377e+01  5.280585e+00 -1.577546e+00 -1.571218e+01  4.230115e+00 -9.507478e-01 -2.688201e+00
1.487507e-01  3.094803e+00 -1.501241e+01  5.182013e+00 -1.545429e+00 -1.543589e+01  4.077239e+00 -9.139324e-01 -2.719017e+00
1.507917e-01  2.901372e+00 -1.490679e+01  5.092097e+00 -1.516206e+00 -1.519452e+01  3.943731e+00 -8.817936e-01 -2.745431e+00
1.525662e-01  2.743111e+00 -1.480954e+01  5.011663e+00 -1.490118e+00 -1.498597e+01  3.828410e+00 -8.540421e-01 -2.767878e+00
1.540902e-01  2.614130e+00 -1.472226e+01  4.941025e+00 -1.467242e+00 -1.480786e+01  3.729949e+00 -8.303552e-01 -2.786776e+00
1.553821e-01  2.509581e+00 -1.464571e+01  4.880098e+00 -1.447536e+00 -1.465766e+01  3.646928e+00 -8.103881e-01 -2.802520e+00
1.564617e-01  2.425442e+00 -1.458004e+01  4.828486e+00 -1.430859e+00 -1.453269e+01  3.577870e+00 -7.937829e-01 -2.815485e+00
1.573500e-01  2.358346e+00 -1.452489e+01  4.785570e+00 -1.417003e+00 -1.443027e+01  3.521277e+00 -7.801777e-01 -2.826021e+00
1.580683e-01  2.305451e+00 -1.447958e+01  4.750578e+00 -1.405713e+00 -1.434770e+01  3.475660e+00 -7.692127e-01 -2.834455e+00
1.586383e-01  2.264332e+00 -1.444320e+01  4.722639e+00 -1.396702e+00 -1.428236e+01  3.439564e+00 -7.605375e-01 -2.841092e+00
1.590810e-01  2.232908e+00 -1.441468e+01  4.700838e+00 -1.389674e+00 -1.423173e+01  3.411593e+00 -7.538157e-01 -2.846213e+00
1.594164e-01  2.209385e+00 -1.439292e+01  4.684256e+00 -1.384329e+00 -1.419341e+01  3.390429e+00 -7.487300e-01 -2.850075e+00
1.596637e-01  2.192208e+00 -1.437680e+01  4.672003e+00 -1.380381e+00 -1.416521e+01  3.374850e+00 -7.449868e-01 -2.852911e+00
1.598401e-01  2.180035e+00 -1.436526e+01  4.663245e+00 -1.377559e+00 -1.414510e+01  3.363747e+00 -7.423190e-01 -2.854928e+00
1.599612e-01  2.171720e+00 -1.435732e+01  4.657226e+00 -1.375620e+00 -1.413131e+01  3.356131e+00 -7.404891e-01 -2.856310e+00
1.600405e-01  2.166289e+00 -1.435210e+01  4.653279e+00 -1.374349e+00 -1.412228e+01  3.351143e+00 -7.392907e-01 -2.857215e+00
1.600896e-01  2.162936e+00 -1.434888e+01  4.650836e+00 -1.373562e+00 -1.411670e+01  3.348058e+00 -7.385496e-01 -2.857774e+00
1.601178e-01  2.161011e+00 -1.434702e+01  4.649431e+00 -1.373109e+00 -1.411349e+01  3.346285e+00 -7.381236e-01 -2.858095e+00
1.601325e-01  2.160007e+00 -1.434605e+01  4.648697e+00 -1.372873e+00 -1.411181e+01  3.345359e+00 -7.379012e-01 -2.858263e+00
1.601392e-01  2.159548e+00 -1.434561e+01  4.648362e+00 -1.372765e+00 -1.411104e+01  3.344936e+00 -7.377996e-01 -2.858339e+00
1.601418e-01  2.159376e+00 -1.434544e+01  4.648236e+00 -1.372724e+00 -1.411076e+01  3.344777e+00 -7.377614e-01 -2.858368e+00
1.601424e-01  2.159329e+00 -1.434539e+01  4.648202e+00 -1.372713e+00 -1.411068e+01  3.344734e+00 -7.377511e-01 -2.858376e+00
1.601425e-01  2.159322e+00 -1.434539e+01  4.648197e+00 -1.372712e+00 -1.411067e+01  3.344728e+00 -7.377495e-01 -2.858377e+00
1.601426e-01  2.159321e+00 -1.434539e+01  4.648196e+00 -1.372711e+00 -1.411067e+01  3.344727e+00 -7.377493e-01 -2.858377e+00
1.601430e-01  2.159293e+00 -1.434536e+01  4.648175e+00 -1.372705e+00 -1.411062e+01  3.344701e+00 -7.377431e-01 -2.858382e+00
1.601458e-01  2.159102e+00 -1.434518e+01  4.648036e+00 -1.372660e+00 -1.411030e+01  3.344525e+00 -7.377009e-01 -2.858414e+00
1.601560e-01  2.158402e+00 -1.434450e+01  4.647525e+00 -1.372495e+00 -1.410913e+01  3.343880e+00 -7.375458e-01 -2.858530e+00
1.601834e-01  2.156538e+00 -1.434270e+01  4.646160e+00 -1.372056e+00 -1.410602e+01  3.342160e+00 -7.371326e-01 -2.858842e+00
1.602433e-01  2.152463e+00 -1.433875e+01  4.643173e+00 -1.371094e+00 -1.409920e+01  3.338396e+00 -7.362283e-01 -2.859523e+00
1.603581e-01  2.144679e+00 -1.433117e+01  4.637449e+00 -1.369250e+00 -1.408615e+01  3.331190e+00 -7.344970e-01 -2.860826e+00
1.605577e-01  2.131210e+00 -1.431796e+01  4.627479e+00 -1.366039e+00 -1.406348e+01  3.318665e+00 -7.314881e-01 -2.863088e+00
1.608803e-01  2.109614e+00 -1.429651e+01  4.611326e+00 -1.360839e+00 -1.402686e+01  3.298441e+00 -7.266299e-01 -2.866733e+00
1.613728e-01  2.077077e+00 -1.426356e+01  4.586590e+00 -1.352877e+00 -1.397106e+01  3.267630e+00 -7.192291e-01 -2.872265e+00
1.620903e-01  2.030577e+00 -1.421512e+01  4.550381e+00 -1.341226e+00 -1.388999e+01  3.222866e+00 -7.084782e-01 -2.880261e+00
1.630960e-01  1.967152e+00 -1.414635e+01  4.499294e+00 -1.324798e+00 -1.377680e+01  3.160368e+00 -6.934709e-01 -2.891342e+00
1.644606e-01  1.884270e+00 -1.405153e+01  4.429397e+00 -1.302337e+00 -1.362404e+01  3.076044e+00 -6.732276e-01 -2.906141e+00
1.662611e-01  1.780263e+00 -1.392390e+01  4.336230e+00 -1.272428e+00 -1.342399e+01  2.965637e+00 -6.467324e-01 -2.925251e+00
1.685795e-01  1.654791e+00 -1.375571e+01  4.214856e+00 -1.233509e+00 -1.316896e+01  2.824934e+00 -6.129827e-01 -2.949170e+00
1.715015e-01  1.509232e+00 -1.353826e+01  4.059965e+00 -1.183912e+00 -1.285178e+01  2.650017e+00 -5.710526e-01 -2.978222e+00
1.751145e-01  1.346911e+00 -1.326224e+01  3.866103e+00 -1.121941e+00 -1.246634e+01  2.437580e+00 -5.201702e-01 -3.012479e+00
1.795059e-01  1.173043e+00 -1.291825e+01  3.628027e+00 -1.045981e+00 -1.200823e+01  2.185291e+00 -4.598076e-01 -3.051681e+00
1.847607e-01  9.943471e-01 -1.249771e+01  3.341235e+00 -9.546775e-01 -1.147541e+01  1.892190e+00 -3.897785e-01 -3.095159e+00
1.909597e-01  8.183422e-01 -1.199398e+01  3.002635e+00 -8.471508e-01 -1.086885e+01  1.559080e+00 -3.103357e-01 -3.141780e+00
1.981774e-01  6.524158e-01 -1.140370e+01  2.611309e+00 -7.232405e-01 -1.019311e+01  1.188873e+00 -2.222561e-01 -3.189919e+00
2.064794e-01  5.028669e-01 -1.072807e+01  2.169255e+00 -5.837468e-01 -9.456597e+00  7.868102e-01 -1.268976e-01 -3.237480e+00
2.159211e-01  3.741296e-01 -9.973794e+00  1.681962e+00 -4.306146e-01 -8.671549e+00  3.605094e-01 -2.621052e-02 -3.281965e+00
2.265454e-01  2.683556e-01 -9.153427e+00  1.158654e+00 -2.670130e-01 -7.853585e+00 -8.023433e-02  7.731054e-02 -3.320598e+00
2.383811e-01  1.854345e-01 -8.284963e+00  6.120806e-01 -9.726738e-02 -7.020805e+00 -5.239136e-01  1.807413e-01 -3.350501e+00
2.514418e-01  1.234051e-01 -7.390569e+00  5.780823e-02  7.337282e-02 -6.192533e+00 -9.580222e-01  2.809057e-01 -3.368910e+00
2.657247e-01  7.910644e-02 -6.494659e+00 -4.869451e-01  2.391172e-01 -5.387857e+00 -1.369951e+00  3.746010e-01 -3.373391e+00
2.812096e-01  4.887810e-02 -5.621608e+00 -1.004775e+00  3.941196e-01 -4.624140e+00 -1.747957e+00  4.588430e-01 -3.362056e+00
2.978589e-01  2.914652e-02 -4.793508e+00 -1.479635e+00  5.329954e-01 -3.915767e+00 -2.082071e+00  5.310992e-01 -3.333723e+00
3.156174e-01  1.680773e-02 -4.028334e+00 -1.898214e+00  6.512897e-01 -3.273269e+00 -2.364819e+00  5.894769e-01 -3.288018e+00
3.344127e-01  9.400292e-03 -3.338793e+00 -2.250955e+00  7.458294e-01 -2.702934e+00 -2.591670e+00  6.328434e-01 -3.225397e+00
3.541562e-01  5.116542e-03 -2.731952e+00 -2.532571e+00  8.149140e-01 -2.206914e+00 -2.761156e+00  6.608649e-01 -3.147092e+00
3.747436e-01  2.717958e-03 -2.209563e+00 -2.742063e+00  8.583328e-01 -1.783726e+00 -2.874692e+00  6.739656e-01 -3.054993e+00
3.960570e-01  1.410190e-03 -1.768928e+00 -2.882272e+00  8.772261e-01 -1.429025e+00 -2.936136e+00  6.732210e-01 -2.951482e+00
4.179666e-01  7.142626e-04 -1.404041e+00 -2.959112e+00  8.738305e-01 -1.136486e+00 -2.951194e+00  6.602061e-01 -2.839239e+00
4.403322e-01  3.549098e-04 -1.106805e+00 -2.980642e+00  8.511587e-01 -8.986708e-01 -2.926753e+00  6.368223e-01 -2.721049e+00
4.630064e-01  1.768875e-04 -8.681268e-01 -2.956104e+00  8.126647e-01 -7.077640e-01 -2.870236e+00  6.051272e-01 -2.599631e+00
4.858360e-01  9.175830e-05 -6.788014e-01 -2.895070e+00  7.619363e-01 -5.561514e-01 -2.789041e+00  5.671836e-01 -2.477493e+00
5.086657e-01  4.964041e-05 -5.301368e-01 -2.806751e+00  7.024432e-01 -4.368076e-01 -2.690113e+00  5.249400e-01 -2.356833e+00
5.313398e-01  2.545439e-05 -4.143354e-01 -2.699517e+00  6.373538e-01 -3.435195e-01 -2.579645e+00  4.801476e-01 -2.239489e+00
5.537055e-01  1.003474e-05 -3.246733e-01 -2.580606e+00  5.694212e-01 -2.709747e-01 -2.462923e+00  4.343113e-01 -2.126916e+00
5.756150e-01  1.826124e-06 -2.555333e-01 -2.456010e+00  5.009305e-01 -2.147547e-01 -2.344270e+00  3.886710e-01 -2.020200e+00
5.969285e-01  1.137126e-07 -2.023406e-01 -2.330481e+00  4.336935e-01 -1.712656e-01 -2.227082e+00  3.442051e-01 -1.920094e+00
6.175159e-01  2.107898e-06 -1.614454e-01 -2.207627e+00  3.690776e-01 -1.376367e-01 -2.113904e+00  3.016500e-01 -1.827058e+00
6.372593e-01  3.987592e-06 -1.299819e-01 -2.090052e+00  3.080555e-01 -1.116083e-01 -2.006548e+00  2.615283e-01 -1.741312e+00
6.560547e-01  3.418881e-06 -1.057277e-01 -1.979525e+00  2.512641e-01 -9.142158e-02 -1.906216e+00  2.241814e-01 -1.662882e+00
6.738132e-01  7.671358e-07 -8.697520e-02 -1.877138e+00  1.990666e-01 -7.571924e-02 -1.813613e+00  1.898024e-01 -1.591643e+00
6.904625e-01 -1.880883e-06 -7.242141e-02 -1.783457e+00  1.516110e-01 -6.346052e-02 -1.729065e+00  1.584671e-01 -1.527363e+00
7.059474e-01 -2.710592e-06 -6.107697e-02 -1.698656e+00  1.088823e-01 -5.385086e-02 -1.652609e+00  1.301617e-01 -1.469727e+00
7.202302e-01 -1.476059e-06 -5.219321e-02 -1.622622e+00  7.074707e-02 -4.628523e-02 -1.584073e+00  1.048060e-01 -1.418371e+00
7.332910e-01  6.511032e-07 -4.520435e-02 -1.555042e+00  3.699031e-02 -4.030335e-02 -1.523138e+00  8.227272e-02 -1.372900e+00
7.451267e-01  2.172622e-06 -3.968245e-02 -1.495473e+00  7.344032e-03 -3.555479e-02 -1.469389e+00  6.240325e-02 -1.332900e+00
7.557510e-01  2.280909e-06 -3.530294e-02 -1.443390e+00 -1.849039e-02 -3.177216e-02 -1.422354e+00  4.501921e-02 -1.297953e+00
7.651927e-01  1.160759e-06 -3.181868e-02 -1.398224e+00 -4.082589e-02 -2.875077e-02 -1.381523e+00  2.993160e-02 -1.267644e+00
7.734947e-01 -3.861753e-07 -2.904061e-02 -1.359389e+00 -5.997800e-02 -2.633318e-02 -1.346380e+00  1.694739e-02 -1.241566e+00
7.807123e-01 -1.545030e-06 -2.682339e-02 -1.326298e+00 -7.625695e-02 -2.439771e-02 -1.316403e+00  5.874121e-03 -1.219321e+00
7.869114e-01 -1.897823e-06 -2.505463e-02 -1.298376e+00 -8.996247e-02 -2.284967e-02 -1.291086e+00 -3.476785e-03 -1.200530e+00
7.921662e-01 -1.490590e-06 -2.364679e-02 -1.275070e+00 -1.013807e-01 -2.161479e-02 -1.269934e+00 -1.128793e-02 -1.184825e+00
7.965576e-01 -6.555822e-07 -2.253101e-02 -1.255847e+00 -1.107824e-01 -2.063429e-02 -1.252476e+00 -1.773445e-02 -1.171857e+00
8.001706e-01  2.264424e-07 -2.165253e-02 -1.240206e+00 -1.184221e-01 -1.986111e-02 -1.238259e+00 -2.298308e-02 -1.161293e+00
8.030926e-01  8.891762e-07 -2.096719e-02 -1.227670e+00 -1.245375e-01 -1.925711e-02 -1.226859e+00 -2.719139e-02 -1.152818e+00
8.054110e-01  1.230341e-06 -2.043895e-02 -1.217796e+00 -1.293496e-01 -1.879104e-02 -1.217877e+00 -3.050723e-02 -1.146138e+00
8.072115e-01  1.278473e-06 -2.003799e-02 -1.210173e+00 -1.330622e-01 -1.843694e-02 -1.210938e+00 -3.306816e-02 -1.140977e+00
8.085761e-01  1.128482e-06 -1.973941e-02 -1.204420e+00 -1.358618e-01 -1.817304e-02 -1.205701e+00 -3.500090e-02 -1.137081e+00
8.095818e-01  8.848977e-07 -1.952225e-02 -1.200195e+00 -1.379173e-01 -1.798098e-02 -1.201854e+00 -3.642082e-02 -1.134218e+00
8.102992e-01  6.290099e-07 -1.936883e-02 -1.197188e+00 -1.393797e-01 -1.784523e-02 -1.199116e+00 -3.743143e-02 -1.132180e+00
8.107917e-01  4.088279e-07 -1.926423e-02 -1.195128e+00 -1.403814e-01 -1.775264e-02 -1.197239e+00 -3.812399e-02 -1.130783e+00
8.111144e-01  2.432956e-07 -1.919601e-02 -1.193780e+00 -1.410369e-01 -1.769225e-02 -1.196011e+00 -3.857725e-02 -1.129869e+00
8.113140e-01  1.320299e-07 -1.915393e-02 -1.192946e+00 -1.414421e-01 -1.765499e-02 -1.195252e+00 -3.885742e-02 -1.129304e+00
8.114287e-01  6.488746e-08 -1.912978e-02 -1.192467e+00 -1.416749e-01 -1.763360e-02 -1.194815e+00 -3.901844e-02 -1.128979e+00
8.114887e-01  2.889449e-08 -1.911719e-02 -1.192217e+00 -1.417964e-01 -1.762245e-02 -1.194587e+00 -3.910250e-02 -1.128810e+00
8.115160e-01  1.223254e-08 -1.911144e-02 -1.192103e+00 -1.418519e-01 -1.761736e-02 -1.194483e+00 -3.914090e-02 -1.128732e+00
8.115263e-01  5.946883e-09 -1.910928e-02 -1.192060e+00 -1.418728e-01 -1.761544e-02 -1.194444e+00 -3.915530e-02 -1.128703e+00
8.115291e-01  4.233703e-09 -1.910869e-02 -1.192048e+00 -1.418784e-01 -1.761492e-02 -1.194434e+00 -3.915922e-02 -1.128695e+00
8.115295e-01  3.980721e-09 -1.910860e-02 -1.192047e+00 -1.418793e-01 -1.761485e-02 -1.194432e+00 -3.915980e-02 -1.128694e+00
8.115296e-01  3.972534e-09 -1.910859e-02 -1.192046e+00 -1.418794e-01 -1.761484e-02 -1.194432e+00 -3.915987e-02 -1.128694e+00
8.115308e-01  3.972390e-09 -1.910833e-02 -1.192041e+00 -1.418819e-01 -1.761460e-02 -1.194427e+00 -3.916165e-02 -1.128690e+00
8.115394e-01  3.971412e-09 -1.910653e-02 -1.192005e+00 -1.418993e-01 -1.761301e-02 -1.194395e+00 -3.917365e-02 -1.128666e+00
8.115709e-01  3.967817e-09 -1.909991e-02 -1.191874e+00 -1.419631e-01 -1.760716e-02 -1.194275e+00 -3.921778e-02 -1.128577e+00
8.116547e-01  3.958249e-09 -1.908230e-02 -1.191524e+00 -1.421331e-01 -1.759156e-02 -1.193956e+00 -3.933539e-02 -1.128340e+00
8.118383e-01  3.937382e-09 -1.904380e-02 -1.190759e+00 -1.425051e-01 -1.755748e-02 -1.193259e+00 -3.959271e-02 -1.127821e+00
8.121899e-01  3.897695e-09 -1.897027e-02 -1.189294e+00 -1.432169e-01 -1.749239e-02 -1.191924e+00 -4.008517e-02 -1.126827e+00
8.128014e-01  3.829535e-09 -1.884307e-02 -1.186750e+00 -1.444530e-01 -1.737977e-02 -1.189606e+00 -4.094057e-02 -1.125101e+00
8.137899e-01  3.721635e-09 -1.863925e-02 -1.182647e+00 -1.464460e-01 -1.719923e-02 -1.185867e+00 -4.232042e-02 -1.122317e+00
8.152987e-01  3.562271e-09 -1.833239e-02 -1.176406e+00 -1.494756e-01 -1.692730e-02 -1.180178e+00 -4.441932e-02 -1.118080e+00
8.174968e-01  3.341200e-09 -1.789438e-02 -1.167363e+00 -1.538627e-01 -1.653884e-02 -1.171932e+00 -4.746173e-02 -1.111936e+00
8.205780e-01  3.052336e-09 -1.729796e-02 -1.154782e+00 -1.599592e-01 -1.600932e-02 -1.160455e+00 -5.169569e-02 -1.103381e+00
8.247587e-01  2.696835e-09 -1.652042e-02 -1.137892e+00 -1.681323e-01 -1.531796e-02 -1.145035e+00 -5.738325e-02 -1.091878e+00
8.302747e-01  2.285813e-09 -1.554779e-02 -1.115922e+00 -1.787424e-01 -1.445139e-02 -1.124956e+00 -6.478705e-02 -1.076885e+00
8.373776e-01  1.841525e-09 -1.437932e-02 -1.088154e+00 -1.921156e-01 -1.340758e-02 -1.099546e+00 -7.415331e-02 -1.057883e+00
8.463297e-01  1.395769e-09 -1.303103e-02 -1.053989e+00 -2.085104e-01 -1.219909e-02 -1.068226e+00 -8.569145e-02 -1.034415e+00
8.573988e-01  9.847516e-10 -1.153759e-02 -1.013011e+00 -2.280808e-01 -1.085483e-02 -1.030576e+00 -9.955119e-02 -1.006123e+00
8.708525e-01  6.409895e-10 -9.951230e-03 -9.650586e-01 -2.508381e-01 -9.419452e-03 -9.863878e-01 -1.157988e-01 -9.727893e-01
8.869516e-01  3.845201e-10 -8.337356e-03 -9.102884e-01 -2.766160e-01 -7.949887e-03 -9.357289e-01 -1.343943e-01 -9.343742e-01
9.059434e-01  2.170172e-10 -6.767099e-03 -8.492197e-01 -3.050435e-01 -6.509111e-03 -8.789805e-01 -1.551734e-01 -8.910414e-01
9.280559e-01  1.221445e-10 -5.308011e-03 -7.827549e-01 -3.355319e-01 -5.158207e-03 -8.168605e-01 -1.778359e-01 -8.431741e-01
9.534907e-01  7.301748e-11 -4.014944e-03 -7.121612e-01 -3.672804e-01 -3.948309e-03 -7.504153e-01 -2.019451e-01 -7.913733e-01
9.824170e-01  4.379632e-11 -2.923268e-03 -6.390110e-01 -3.993060e-01 -2.914290e-03 -6.809767e-01 -2.269399e-01 -7.364372e-01
1.014966e+00  1.948160e-11 -2.046012e-03 -5.650812e-01 -4.304969e-01 -2.071656e-03 -6.100852e-01 -2.521604e-01 -6.793212e-01
1.051227e+00 -1.560224e-12 -1.375360e-03 -4.922201e-01 -4.596863e-01 -1.417168e-03 -5.393846e-01 -2.768863e-01 -6.210839e-01
1.091241e+00 -1.341178e-11 -8.876553e-04 -4.222009e-01 -4.857406e-01 -9.326574e-04 -4.705006e-01 -3.003842e-01 -5.628216e-01
1.134999e+00 -1.210938e-11 -5.501742e-04 -3.565799e-01 -5.076493e-01 -5.906593e-04 -4.049193e-01 -3.219587e-01 -5.056008e-01
1.182440e+00 -1.541671e-12 -3.277681e-04 -2.965839e-01 -5.246063e-01 -3.602765e-04 -3.438831e-01 -3.410009e-01 -4.503950e-01
1.233448e+00  8.552008e-12 -1.879732e-04 -2.430395e-01 -5.360691e-01 -2.119515e-04 -2.883172e-01 -3.570286e-01 -3.980335e-01
1.287854e+00  1.016891e-11 -1.039800e-04 -1.963546e-01 -5.417913e-01 -1.204947e-04 -2.387950e-01 -3.697133e-01 -3.491668e-01
1.345437e+00  3.215736e-12 -5.560063e-05 -1.565460e-01 -5.418231e-01 -6.634482e-05 -1.955430e-01 -3.788919e-01 -3.042498e-01
1.405925e+00 -5.249099e-12 -2.880520e-05 -1.233047e-01 -5.364844e-01 -3.546939e-05 -1.584791e-01 -3.845627e-01 -2.635434e-01
1.468998e+00 -7.799537e-12 -1.450305e-05 -9.608233e-02 -5.263159e-01 -1.847128e-05 -1.272737e-01 -3.868695e-01 -2.271309e-01
1.534295e+00 -3.112571e-12 -7.139719e-06 -7.418222e-02 -5.120171e-01 -9.415727e-06 -1.014217e-01 -3.860754e-01 -1.949440e-01
1.601419e+00  3.603202e-12 -3.474216e-06 -5.684336e-02 -4.943812e-01 -4.731948e-06 -8.031368e-02 -3.825323e-01 -1.667950e-01
1.669940e+00  6.051581e-12 -1.687903e-06 -4.330774e-02 -4.742324e-01 -2.360094e-06 -6.329914e-02 -3.766483e-01 -1.424106e-01
1.739407e+00  2.635205e-12 -8.105210e-07 -3.286826e-02 -4.523729e-01 -1.165381e-06 -4.973568e-02 -3.688583e-01 -1.214628e-01
1.809349e+00 -2.722283e-12 -3.664963e-07 -2.489750e-02 -4.295427e-01 -5.595576e-07 -3.902383e-02 -3.595968e-01 -1.035963e-01
1.879292e+00 -4.872585e-12 -1.467653e-07 -1.886051e-02 -4.063915e-01 -2.570302e-07 -3.062796e-02 -3.492779e-01 -8.845015e-02
1.948758e+00 -2.276522e-12 -5.814815e-08 -1.431576e-02 -3.834645e-01 -1.192552e-07 -2.408571e-02 -3.382795e-01 -7.567445e-02
2.017280e+00  2.103342e-12 -4.023364e-08 -1.090844e-02 -3.611975e-01 -6.738258e-08 -1.900913e-02 -3.269345e-01 -6.494140e-02
2.084403e+00  4.095399e-12 -4.199041e-08 -8.359622e-03 -3.399214e-01 -4.843686e-08 -1.508006e-02 -3.155259e-01 -5.595228e-02
2.149701e+00  2.203906e-12 -3.181272e-08 -6.454010e-03 -3.198715e-01 -3.187852e-08 -1.204254e-02 -3.042860e-01 -4.844071e-02
2.212774e+00 -1.463168e-12 -6.979398e-09 -5.027785e-03 -3.012003e-01 -1.076325e-08 -9.693774e-03 -2.933993e-01 -4.217341e-02
2.273262e+00 -3.544616e-12  1.550249e-08 -3.957731e-03 -2.839916e-01  6.520554e-09 -7.875054e-03 -2.830060e-01 -3.694902e-02
2.330845e+00 -2.457020e-12  1.985845e-08 -3.151962e-03 -2.682742e-01  1.096079e-08 -6.463384e-03 -2.732075e-01 -3.259580e-02
2.385251e+00  5.746203e-13  6.065799e-09 -2.542373e-03 -2.540351e-01  2.998326e-09 -5.364140e-03 -2.640720e-01 -2.896867e-02
2.436259e+00  2.946652e-12 -1.209397e-08 -2.078693e-03 -2.412303e-01 -8.275939e-09 -4.504907e-03 -2.556403e-01 -2.594602e-02
2.483700e+00  2.920206e-12 -1.996254e-08 -1.723896e-03 -2.297943e-01 -1.323265e-08 -3.830455e-03 -2.479304e-01 -2.342654e-02
2.527458e+00  7.646585e-13 -1.302974e-08 -1.450729e-03 -2.196478e-01 -8.775012e-09 -3.298736e-03 -2.409426e-01 -2.132616e-02
2.567472e+00 -1.801645e-12  1.965119e-09 -1.239112e-03 -2.107031e-01  8.989922e-10 -2.877747e-03 -2.346633e-01 -1.957531e-02
2.603732e+00 -3.057497e-12  1.413536e-08 -1.074213e-03 -2.028689e-01  8.830631e-09 -2.543102e-03 -2.290686e-01 -1.811656e-02
2.636282e+00 -2.386160e-12  1.651754e-08 -9.450333e-04 -1.960533e-01  1.050942e-08 -2.276179e-03 -2.241263e-01 -1.690247e-02
2.665208e+00 -4.070484e-13  9.402696e-09 -8.433761e-04 -1.901658e-01  6.064255e-09 -2.062708e-03 -2.197991e-01 -1.589382e-02
2.690643e+00  1.667494e-12 -1.740722e-09 -7.630973e-04 -1.851187e-01 -1.029735e-09 -1.891704e-03 -2.160455e-01 -1.505810e-02
2.712755e+00  2.827548e-12 -1.070525e-08 -6.995610e-04 -1.808281e-01 -6.788826e-09 -1.754666e-03 -2.128217e-01 -1.436830e-02
2.731747e+00  2.712738e-12 -1.394088e-08 -6.492434e-04 -1.772144e-01 -8.911727e-09 -1.644966e-03 -2.100824e-01 -1.380180e-02
2.747846e+00  1.590844e-12 -1.140977e-08 -6.094419e-04 -1.742021e-01 -7.345699e-09 -1.557394e-03 -2.077819e-01 -1.333959e-02
2.761300e+00  4.860069e-14 -5.422083e-09 -5.780627e-04 -1.717203e-01 -3.552031e-09 -1.487820e-03 -2.058746e-01 -1.296554e-02
2.772369e+00 -1.347237e-12  1.160113e-09 -5.534635e-04 -1.697025e-01  6.424737e-10 -1.432927e-03 -2.043157e-01 -1.266587e-02
2.781321e+00 -2.252820e-12  6.240975e-09 -5.343396e-04 -1.680864e-01  3.893313e-09 -1.390027e-03 -2.030619e-01 -1.242873e-02
2.788424e+00 -2.583617e-12  8.950603e-09 -5.196395e-04 -1.668140e-01  5.637464e-09 -1.356910e-03 -2.020715e-01 -1.224382e-02
2.793940e+00 -2.441494e-12  9.438685e-09 -5.085049e-04 -1.658320e-01  5.964712e-09 -1.331740e-03 -2.013051e-01 -1.210217e-02
2.798121e+00 -2.009327e-12  8.394546e-09 -5.002263e-04 -1.650912e-01  5.311940e-09 -1.312977e-03 -2.007257e-01 -1.199594e-02
2.801202e+00 -1.466264e-12  6.606375e-09 -4.942121e-04 -1.645472e-01  4.181172e-09 -1.299319e-03 -2.002996e-01 -1.191825e-02
2.803400e+00 -9.427482e-13  4.698198e-09 -4.899664e-04 -1.641601e-01  2.970799e-09 -1.289663e-03 -1.999961e-01 -1.186315e-02
2.804909e+00 -5.104243e-13  3.044022e-09 -4.870735e-04 -1.638949e-01  1.920089e-09 -1.283077e-03 -1.997879e-01 -1.182548e-02
2.805897e+00 -1.925675e-13  1.795333e-09 -4.851874e-04 -1.637213e-01  1.126359e-09 -1.278780e-03 -1.996517e-01 -1.180086e-02
2.806509e+00  1.841712e-14  9.540472e-10 -4.840245e-04 -1.636141e-01  5.913765e-10 -1.276129e-03 -1.995674e-01 -1.178566e-02
2.806861e+00  1.448430e-13  4.457120e-10 -4.833572e-04 -1.635524e-01  2.680478e-10 -1.274608e-03 -1.995190e-01 -1.177693e-02
2.807044e+00  2.123627e-13  1.730175e-10 -4.830091e-04 -1.635202e-01  9.457836e-11 -1.273814e-03 -1.994937e-01 -1.177237e-02
2.807128e+00  2.435618e-13  4.673753e-11 -4.828501e-04 -1.635055e-01  1.424305e-11 -1.273451e-03 -1.994821e-01 -1.177029e-02
2.807159e+00  2.553223e-13 -9.081652e-13 -4.827905e-04 -1.635000e-01 -1.606839e-11 -1.273315e-03 -1.994778e-01 -1.176951e-02
2.807168e+00  2.585269e-13 -1.389484e-11 -4.827743e-04 -1.634985e-01 -2.433038e-11 -1.273278e-03 -1.994766e-01 -1.176930e-02
2.807169e+00  2.590000e-13 -1.581258e-11 -4.827719e-04 -1.634983e-01 -2.555043e-11 -1.273273e-03 -1.994765e-01 -1.176927e-02
2.807169e+00  2.590148e-13 -1.587459e-11 -4.827716e-04 -1.634983e-01 -2.558986e-11 -1.273272e-03 -1.994764e-01 -1.176926e-02
2.807174e+00  2.589978e-13 -1.587391e-11 -4.827632e-04 -1.634975e-01 -2.558881e-11 -1.273253e-03 -1.994758e-01 -1.176915e-02
2.807204e+00  2.588827e-13 -1.586932e-11 -4.827066e-04 -1.634922e-01 -2.558169e-11 -1.273124e-03 -1.994717e-01 -1.176841e-02
2.807313e+00  2.584599e-13 -1.585245e-11 -4.824988e-04 -1.634730e-01 -2.555552e-11 -1.272650e-03 -1.994566e-01 -1.176569e-02
2.807606e+00  2.573353e-13 -1.580756e-11 -4.819451e-04 -1.634217e-01 -2.548590e-11 -1.271387e-03 -1.994163e-01 -1.175844e-02
2.808246e+00  2.548861e-13 -1.570970e-11 -4.807357e-04 -1.633096e-01 -2.533410e-11 -1.268628e-03 -1.993281e-01 -1.174258e-02
2.809473e+00  2.502415e-13 -1.552374e-11 -4.784277e-04 -1.630950e-01 -2.504558e-11 -1.263360e-03 -1.991594e-01 -1.171226e-02
2.811606e+00  2.423065e-13 -1.520483e-11 -4.744399e-04 -1.627223e-01 -2.455061e-11 -1.254250e-03 -1.988662e-01 -1.165973e-02
2.815055e+00  2.298557e-13 -1.470123e-11 -4.680634e-04 -1.621215e-01 -2.376853e-11 -1.239662e-03 -1.983929e-01 -1.157532e-02
2.820318e+00  2.117246e-13 -1.396037e-11 -4.584959e-04 -1.612084e-01 -2.261690e-11 -1.217724e-03 -1.976723e-01 -1.144769e-02
2.827987e+00  1.871132e-13 -1.293877e-11 -4.449066e-04 -1.598867e-01 -2.102660e-11 -1.186460e-03 -1.966263e-01 -1.126433e-02
2.838736e+00  1.559851e-13 -1.161565e-11 -4.265335e-04 -1.580506e-01 -1.896254e-11 -1.143990e-03 -1.951678e-01 -1.101237e-02
2.853321e+00  1.194822e-13 -1.000804e-11 -4.028129e-04 -1.555903e-01 -1.644688e-11 -1.088797e-03 -1.932031e-01 -1.067971e-02
2.872564e+00  8.020205e-14 -8.183211e-12 -3.735248e-04 -1.523983e-01 -1.357843e-11 -1.020048e-03 -1.906361e-01 -1.025652e-02
2.897343e+00  4.212596e-14 -6.262076e-12 -3.389310e-04 -1.483772e-01 -1.053876e-11 -9.379095e-04 -1.873729e-01 -9.736806e-03
2.928573e+00  1.000420e-14 -4.407075e-12 -2.998671e-04 -1.434496e-01 -7.575126e-12 -8.437881e-04 -1.833277e-01 -9.120032e-03
2.967189e+00 -1.184005e-14 -2.791527e-12 -2.577489e-04 -1.375677e-01 -4.955369e-12 -7.404287e-04 -1.784297e-01 -8.412411e-03
3.014123e+00 -2.102991e-14 -1.554974e-12 -2.144638e-04 -1.307234e-01 -2.901101e-12 -6.317813e-04 -1.726303e-01 -7.627528e-03
3.070287e+00 -1.837990e-14 -7.587181e-13 -1.721450e-04 -1.229556e-01 -1.519852e-12 -5.226199e-04 -1.659100e-01 -6.786058e-03
3.136542e+00 -8.111527e-15 -3.621492e-13 -1.328638e-04 -1.143554e-01 -7.667608e-13 -4.179485e-04 -1.582847e-01 -5.914412e-03
3.213683e+00  3.449192e-15 -2.369772e-13 -9.831218e-05 -1.050662e-01 -4.618193e-13 -3.223085e-04 -1.498100e-01 -5.042378e-03
3.302415e+00  1.043534e-14 -2.202794e-13 -6.956019e-05 -9.527851e-02 -3.653472e-13 -2.391495e-04 -1.405827e-01 -4.200090e-03
3.403327e+00  1.010658e-14 -1.843087e-13 -4.695528e-05 -8.521909e-02 -2.805818e-13 -1.704198e-04 -1.307390e-01 -3.414819e-03
3.516879e+00  4.048468e-15 -8.585378e-14 -3.018225e-05 -7.513504e-02 -1.292224e-13 -1.164713e-04 -1.204487e-01 -2.708198e-03
3.643378e+00 -3.058188e-15  3.492201e-14 -1.844755e-05 -6.527498e-02  4.512752e-14 -7.627502e-05 -1.099059e-01 -2.094389e-03
3.782971e+00 -6.552336e-15  1.057275e-13 -1.071542e-05 -5.586950e-02  1.471462e-13 -4.785129e-05 -9.931685e-02 -1.579457e-03
3.935625e+00 -4.811551e-15  8.783478e-14 -5.922646e-06 -4.711388e-02  1.236998e-13 -2.877178e-05 -8.888653e-02 -1.161970e-03
4.101127e+00 -5.070399e-17  8.530593e-15 -3.128050e-06 -3.915541e-02  1.264916e-14 -1.660311e-05 -7.880559e-02 -8.345180e-04
4.279073e+00  3.687311e-15 -6.255332e-14 -1.588562e-06 -3.208688e-02 -8.800769e-14 -9.213791e-06 -6.923905e-02 -5.857313e-04
4.468875e+00  3.763038e-15 -7.117100e-14 -7.767336e-07 -2.594652e-02 -1.009216e-13 -4.926206e-06 -6.031828e-02 -4.023439e-04
4.669759e+00  8.067275e-16 -2.038909e-14 -3.587583e-07 -2.072354e-02 -2.942752e-14 -2.538303e-06 -5.213658e-02 -2.709474e-04
4.880776e+00 -2.213543e-15  3.827347e-14 -1.485116e-07 -1.636768e-02  5.394626e-14 -1.258798e-06 -4.474863e-02 -1.792419e-04
5.100813e+00 -2.750895e-15  5.390106e-14 -5.213601e-08 -1.280065e-02  7.665940e-14 -6.023192e-07 -3.817308e-02 -1.167487e-04
5.328610e+00 -7.719793e-16  1.979437e-14 -1.955602e-08 -9.927750e-03  2.854231e-14 -2.838601e-07 -3.239762e-02 -7.506059e-05
5.562778e+00  1.565319e-15 -2.632702e-14 -1.620545e-08 -7.648078e-03 -3.715920e-14 -1.380857e-07 -2.738537e-02 -4.776346e-05
5.801821e+00  2.114971e-15 -4.149743e-14 -1.670387e-08 -5.862598e-03 -5.913735e-14 -7.081896e-08 -2.308182e-02 -3.016848e-05
6.044160e+00  6.521826e-16 -1.660503e-14 -9.391083e-09 -4.479707e-03 -2.393730e-14 -3.412007e-08 -1.942135e-02 -1.897099e-05
6.288163e+00 -1.195531e-15  1.999933e-14  2.644439e-09 -3.418489e-03  2.835313e-14 -1.060268e-08 -1.633301e-02 -1.191335e-05
6.532165e+00 -1.684037e-15  3.330264e-14  9.689618e-09 -2.610070e-03  4.768510e-14  1.688584e-09 -1.374511e-02 -7.493737e-06
6.774505e+00 -5.543098e-16  1.428470e-14  6.636272e-09 -1.997571e-03  2.077574e-14  2.807873e-09 -1.158866e-02 -4.735422e-06
7.013547e+00  9.413287e-16 -1.555065e-14 -2.294648e-09 -1.535189e-03 -2.198877e-14 -2.500022e-09 -9.799655e-03 -3.014858e-06
7.247715e+00  1.386308e-15 -2.782349e-14 -8.309694e-09 -1.186791e-03 -4.000436e-14 -6.733334e-09 -8.320423e-03 -1.939502e-06
7.475513e+00  4.971391e-16 -1.357585e-14 -6.391104e-09 -9.243501e-04 -2.008128e-14 -5.371212e-09 -7.100171e-03 -1.264449e-06
7.695550e+00 -7.843044e-16  1.161450e-14  8.849379e-10 -7.264242e-04  1.589005e-14  1.608127e-10 -6.095014e-03 -8.376411e-07
7.906566e+00 -1.291128e-15  2.469757e-14  6.711902e-09 -5.767815e-04  3.500455e-14  4.855790e-09 -5.267606e-03 -5.649741e-07
8.107450e+00 -6.689630e-16  1.582903e-14  6.438344e-09 -4.632356e-04  2.287713e-14  5.010167e-09 -4.586561e-03 -3.884646e-07
8.297252e+00  4.432706e-16 -5.472066e-15  1.020670e-09 -3.766907e-04 -7.293377e-15  1.093525e-09 -4.025762e-03 -2.725606e-07
8.475199e+00  1.084185e-15 -2.099506e-14 -4.703067e-09 -3.103844e-04 -2.967315e-14 -3.326529e-09 -3.563647e-03 -1.954533e-07
8.640700e+00  7.835692e-16 -1.939812e-14 -6.426458e-09 -2.592985e-04 -2.791966e-14 -4.880993e-09 -3.182519e-03 -1.435794e-07
8.793354e+00 -1.522708e-16 -3.532534e-15 -3.446343e-09 -2.197109e-04 -5.774582e-15 -2.844124e-09 -2.867919e-03 -1.082718e-07
8.932947e+00 -9.898645e-16  1.410899e-14  1.575275e-09 -1.888571e-04  1.920846e-14  8.999708e-10 -2.608067e-03 -8.384804e-08
9.059447e+00 -1.155215e-15  2.170963e-14  5.132251e-09 -1.646793e-04  3.024045e-14  3.701746e-09 -2.393377e-03 -6.656739e-08
9.172998e+00 -5.894515e-16  1.562527e-14  5.311611e-09 -1.456405e-04  2.199505e-14  4.024742e-09 -2.216051e-03 -5.402728e-08
9.273910e+00  3.077162e-16  8.699818e-16  2.561065e-09 -1.305873e-04  1.409609e-15  2.102771e-09 -2.069735e-03 -4.474145e-08
9.362642e+00  1.001760e-15 -1.371547e-14 -1.182664e-09 -1.186498e-04 -1.908281e-14 -6.614007e-10 -1.949240e-03 -3.780417e-08
9.439784e+00  1.143488e-15 -2.111618e-14 -3.945932e-09 -1.091674e-04 -2.954593e-14 -2.779779e-09 -1.850310e-03 -3.263479e-08
9.506039e+00  7.036223e-16 -1.915053e-14 -4.720098e-09 -1.016342e-04 -2.683082e-14 -3.455481e-09 -1.769438e-03 -2.881481e-08
9.562202e+00 -9.209173e-17 -1.011539e-14 -3.631554e-09 -9.565972e-05 -1.411695e-14 -2.739596e-09 -1.703713e-03 -2.600938e-08
9.609136e+00 -9.275107e-16  1.549684e-15 -1.508151e-09 -9.093899e-05  2.363559e-15 -1.223841e-09 -1.650700e-03 -2.394423e-08
9.647752e+00 -1.546588e-15  1.171604e-14  7.060238e-10 -8.723134e-05  1.678804e-14  3.944902e-10 -1.608347e-03 -2.240500e-08
9.678982e+00 -1.827445e-15  1.798073e-14  2.353535e-09 -8.434438e-05  2.575024e-14  1.619463e-09 -1.574906e-03 -2.123694e-08
9.703762e+00 -1.778594e-15  1.986516e-14  3.186054e-09 -8.212232e-05  2.855260e-14  2.255446e-09 -1.548878e-03 -2.033703e-08
9.723005e+00 -1.490552e-15  1.823741e-14  3.280975e-09 -8.043738e-05  2.639953e-14  2.350160e-09 -1.528968e-03 -1.964031e-08
9.737589e+00 -1.079794e-15  1.452200e-14  2.880164e-09 -7.918352e-05  2.128657e-14  2.076734e-09 -1.514052e-03 -1.910548e-08
9.748339e+00 -6.480493e-16  1.007838e-14  2.248004e-09 -7.827199e-05  1.512410e-14  1.628119e-09 -1.503154e-03 -1.870363e-08
9.756007e+00 -2.633877e-16  5.879316e-15  1.589336e-09 -7.762816e-05  9.282365e-15  1.155245e-09 -1.495429e-03 -1.841126e-08
9.761270e+00  4.123552e-17  2.446801e-15  1.024624e-09 -7.718931e-05  4.499351e-15  7.476507e-10 -1.490149e-03 -1.820720e-08
9.764719e+00  2.599109e-16 -6.257986e-17  6.008689e-10 -7.690313e-05  9.995292e-16  4.409178e-10 -1.486700e-03 -1.807181e-08
9.766852e+00  4.030632e-16 -1.722825e-15  3.163258e-10 -7.672664e-05 -1.317196e-15  2.346214e-10 -1.484571e-03 -1.798733e-08
9.768079e+00  4.881706e-16 -2.715852e-15  1.447169e-10 -7.662534e-05 -2.703279e-15  1.100916e-10 -1.483348e-03 -1.793849e-08
9.768719e+00  5.334318e-16 -3.245672e-15  5.275002e-11 -7.657251e-05 -3.442924e-15  4.332302e-11 -1.482710e-03 -1.791291e-08
9.769012e+00  5.543024e-16 -3.490371e-15  1.018267e-11 -7.654838e-05 -3.784557e-15  1.241160e-11 -1.482419e-03 -1.790121e-08
9.769122e+00  5.621627e-16 -3.582591e-15 -5.874716e-12 -7.653933e-05 -3.913314e-15  7.499266e-13 -1.482310e-03 -1.789681e-08
9.769151e+00  5.643038e-16 -3.607718e-15 -1.025112e-11 -7.653687e-05 -3.948396e-15 -2.428547e-12 -1.482280e-03 -1.789562e-08
9.769156e+00  5.646199e-16 -3.611428e-15 -1.089738e-11 -7.653651e-05 -3.953576e-15 -2.897909e-12 -1.482276e-03 -1.789544e-08
9.769157e+00  5.646286e-16 -3.611540e-15 -1.091826e-11 -7.653644e-05 -3.953735e-15 -2.913084e-12 -1.482275e-03 -1.789541e-08
9.769176e+00  5.645827e-16 -3.611284e-15 -1.091766e-11 -7.653487e-05 -3.953489e-15 -2.912935e-12 -1.482256e-03 -1.789480e-08
9.769305e+00  5.642719e-16 -3.609549e-15 -1.091358e-11 -7.652420e-05 -3.951819e-15 -2.911932e-12 -1.482127e-03 -1.789067e-08
9.769782e+00  5.631300e-16 -3.603179e-15 -1.089860e-11 -7.648500e-05 -3.945683e-15 -2.908244e-12 -1.481652e-03 -1.787548e-08
9.771053e+00  5.600936e-16 -3.586238e-15 -1.085876e-11 -7.638060e-05 -3.929359e-15 -2.898432e-12 -1.480388e-03 -1.783505e-08
9.773833e+00  5.534857e-16 -3.549362e-15 -1.077196e-11 -7.615261e-05 -3.893790e-15 -2.877051e-12 -1.477625e-03 -1.774687e-08
9.779159e+00  5.409722e-16 -3.479505e-15 -1.060723e-11 -7.571784e-05 -3.826263e-15 -2.836458e-12 -1.472348e-03 -1.757911e-08
9.788423e+00  5.196486e-16 -3.360385e-15 -1.032542e-11 -7.496757e-05 -3.710667e-15 -2.766964e-12 -1.463215e-03 -1.729085e-08
9.803397e+00  4.863358e-16 -3.174066e-15 -9.882219e-12 -7.377032e-05 -3.528689e-15 -2.657537e-12 -1.448574e-03 -1.683413e-08
9.826253e+00  4.381643e-16 -2.904105e-15 -9.234419e-12 -7.197970e-05 -3.262307e-15 -2.497284e-12 -1.426514e-03 -1.615865e-08
9.859551e+00  3.734873e-16 -2.540445e-15 -8.349990e-12 -6.944839e-05 -2.897890e-15 -2.277835e-12 -1.394988e-03 -1.521967e-08
9.906227e+00  2.930444e-16 -2.085654e-15 -7.221398e-12 -6.604915e-05 -2.431744e-15 -1.996533e-12 -1.351987e-03 -1.398895e-08
9.969557e+00  2.011072e-16 -1.561015e-15 -5.879787e-12 -6.170136e-05 -1.876314e-15 -1.659867e-12 -1.295795e-03 -1.246752e-08
1.005312e+01  1.060968e-16 -1.009777e-15 -4.405118e-12 -5.639989e-05 -1.265212e-15 -1.286036e-12 -1.225278e-03 -1.069704e-08
1.016071e+01  2.001018e-17 -4.940962e-16 -2.925519e-12 -5.023959e-05 -6.543300e-16 -9.050525e-13 -1.140199e-03 -8.765371e-09
1.029632e+01 -4.389183e-17 -8.304417e-17 -1.599519e-12 -4.342709e-05 -1.160531e-16 -5.548936e-13 -1.041482e-03 -6.801069e-09
1.046400e+01 -7.510049e-17  1.677322e-16 -5.795021e-13 -3.627162e-05  2.752160e-16 -2.732047e-13 -9.313570e-04 -4.953900e-09
1.066781e+01 -7.052155e-17  2.386926e-16  3.617690e-14 -2.915061e-05  4.648471e-16 -8.614524e-14 -8.133206e-04 -3.363246e-09
1.091168e+01 -3.766460e-17  1.604463e-16  2.445410e-13 -2.245349e-05  4.411503e-16  1.621542e-15 -6.918765e-04 -2.123006e-09
1.119938e+01  6.065820e-18  7.858628e-18  1.497809e-13 -1.651614e-05  2.499136e-16  1.050829e-14 -5.720560e-04 -1.256707e-09
1.153435e+01  3.917616e-17 -1.291762e-16 -7.001023e-14 -1.156462e-05 -1.021026e-17 -2.060053e-14 -4.588022e-04 -7.156801e-10
1.191965e+01  4.542588e-17 -1.871478e-16 -2.350371e-13 -7.685976e-06 -2.164427e-16 -5.012794e-14 -3.563380e-04 -4.041838e-10
1.235784e+01  2.219033e-17 -1.589329e-16 -2.425595e-13 -4.834590e-06 -2.684729e-16 -5.178788e-14 -2.676601e-04 -2.211890e-10
1.285091e+01 -1.752977e-17 -9.034500e-17 -1.073704e-13 -2.868555e-06 -1.343899e-16 -2.473341e-14 -1.942701e-04 -9.774955e-11
1.340020e+01 -5.197293e-17 -4.142789e-17  6.445856e-14 -1.599335e-06  1.280556e-16  1.088286e-14 -1.361885e-04 -1.012448e-11
1.400635e+01 -6.324253e-17 -3.842069e-17  1.556670e-13 -8.358705e-07  3.913559e-16  3.069692e-14 -9.221534e-05  3.606794e-11
1.466922e+01 -4.791266e-17 -5.442527e-17  1.193835e-13 -4.118853e-07  5.159583e-16  2.412229e-14 -6.034236e-05  3.578727e-11
1.538787e+01 -1.825358e-17 -3.729623e-17  5.076497e-15 -1.964513e-07  4.198929e-16  8.670209e-16 -3.819794e-05  4.528733e-12
1.616056e+01  7.027292e-18  3.723333e-17 -8.842819e-14 -9.487827e-08  1.234920e-16 -1.837400e-14 -2.342648e-05 -2.621703e-11
1.698474e+01  1.579968e-17  1.357683e-16 -9.360507e-14 -4.624673e-08 -2.574313e-16 -1.904753e-14 -1.394649e-05 -3.126580e-11
1.785703e+01  9.559880e-18  1.926823e-16 -2.283856e-14 -1.888259e-08 -5.686093e-16 -3.520546e-15 -8.078217e-06 -1.010357e-11
1.877332e+01 -3.812622e-19  1.715458e-16  5.228681e-14 -2.183354e-09 -6.937006e-16  1.293072e-14 -4.564560e-06  1.577279e-11
1.972878e+01 -3.573193e-18  1.044490e-16  6.817909e-14  4.686687e-09 -6.073560e-16  1.643792e-14 -2.523645e-06  2.372681e-11
2.071794e+01  1.363226e-18  6.646577e-17  2.166625e-14  2.800241e-09 -3.768668e-16  6.068749e-15 -1.370238e-06  9.680160e-12
2.173476e+01  7.434752e-18  1.036744e-16 -3.603241e-14 -2.715662e-09 -1.161507e-16 -7.127948e-15 -7.338943e-07 -1.064851e-11
2.277275e+01  7.071457e-18  1.823907e-16 -5.197537e-14 -5.555360e-09  7.625009e-17 -1.138124e-14 -3.895115e-07 -1.823217e-11
2.382505e+01 -7.486768e-19  2.124802e-16 -1.855936e-14 -3.167259e-09  1.578662e-16 -4.603431e-15 -2.054357e-07 -8.158519e-12
2.488458e+01 -1.026324e-17  1.282355e-16  2.640258e-14  1.731966e-09  1.432445e-16  5.223024e-15 -1.076487e-07  7.903323e-12
2.594410e+01 -1.483185e-17 -4.719451e-17  4.039367e-14  4.418040e-09  7.485083e-17  8.691408e-15 -5.606947e-08  1.454111e-11
2.699641e+01 -1.279944e-17 -2.153353e-16  1.523884e-14  2.754746e-09 -9.363429e-18  3.614058e-15 -2.937865e-08  7.025253e-12
2.803440e+01 -8.018684e-18 -2.831723e-16 -2.057311e-14 -1.208796e-09 -8.951356e-17 -4.110019e-15 -1.595614e-08 -5.975514e-12
2.905122e+01 -5.321386e-18 -2.381418e-16 -3.287756e-14 -3.648962e-09 -1.556228e-16 -7.001810e-15 -9.174776e-09 -1.209070e-11
3.004038e+01 -5.756266e-18 -1.510484e-16 -1.318034e-14 -2.603534e-09 -1.924988e-16 -2.920681e-15 -5.358935e-09 -6.743625e-12
3.099584e+01 -5.929395e-18 -1.076689e-16  1.753510e-14  5.969063e-10 -1.752066e-16  3.786035e-15 -2.849603e-09  4.016382e-12
3.191213e+01 -1.523869e-18 -1.322372e-16  3.128243e-14  2.976159e-09 -8.092272e-17  6.934827e-15 -1.215352e-09  1.032787e-11
3.278442e+01  8.558896e-18 -1.682835e-16  1.789054e-14  2.665902e-09  9.211069e-17  3.963492e-15 -4.386163e-10  7.404350e-12
3.360859e+01  2.097501e-17 -1.284721e-16 -9.223857e-15  2.429784e-10  3.140362e-16 -2.517655e-15 -3.583864e-10 -1.351644e-12
3.438128e+01  3.023546e-17  3.223364e-17 -2.747358e-14 -2.153205e-09  5.304819e-16 -7.584139e-15 -5.722538e-10 -8.409475e-12
3.509994e+01  3.230464e-17  2.786467e-16 -2.411967e-14 -2.740482e-09  6.840112e-16 -8.094077e-15 -6.695752e-10 -8.612974e-12
3.576280e+01  2.677484e-17  5.167067e-16 -4.145860e-15 -1.334698e-09  7.375057e-16 -4.615251e-15 -4.786598e-10 -2.571680e-12
3.636895e+01  1.650170e-17  6.517397e-16  1.644419e-14  8.453007e-10  6.870121e-16 -2.669087e-16 -1.074270e-10  4.856671e-12
3.691825e+01  5.540917e-18  6.401156e-16  2.364290e-14  2.297680e-09  5.590379e-16  1.928344e-15  2.114558e-10  8.691240e-12
3.741132e+01 -2.957776e-18  5.041395e-16  1.418685e-14  2.259703e-09  3.961755e-16  9.723512e-16  3.128019e-10  7.043629e-12
3.784951e+01 -7.749249e-18  3.097403e-16 -4.625130e-15  9.881309e-10  2.397869e-16 -1.968877e-15  1.899616e-10  1.564617e-12
3.823481e+01 -9.264425e-18  1.283188e-16 -2.143375e-14 -6.502949e-10  1.176286e-16 -4.775098e-15 -4.100962e-11 -4.342330e-12
3.856978e+01 -8.743860e-18  6.613705e-18 -2.787762e-14 -1.809213e-09  3.985850e-17 -5.785823e-15 -2.389622e-10 -7.780010e-12
3.885747e+01 -7.410817e-18 -4.344738e-17 -2.203024e-14 -2.079361e-09  2.219961e-18 -4.542594e-15 -3.175483e-10 -7.655167e-12
3.910135e+01 -6.042768e-18 -3.713485e-17 -7.572546e-15 -1.543287e-09 -7.298052e-18 -1.684932e-15 -2.690125e-10 -4.653137e-12
3.930515e+01 -4.939196e-18 -1.440320e-18  9.389572e-15 -5.768487e-10 -1.997527e-18  1.645164e-15 -1.407647e-10 -3.862685e-13
3.947283e+01 -4.097618e-18  3.870530e-17  2.347695e-14  4.058138e-10  7.673231e-18  4.418283e-15  4.523847e-12  3.557787e-12
3.960844e+01 -3.410876e-18  6.772243e-17  3.175205e-14  1.123056e-09  1.557649e-17  6.063424e-15  1.194129e-10  6.195537e-12
3.971604e+01 -2.789558e-18  8.023498e-17  3.384995e-14  1.473977e-09  1.940662e-17  6.504777e-15  1.831610e-10  7.261961e-12
3.979960e+01 -2.200286e-18  7.811502e-17  3.113944e-14  1.498814e-09  1.934590e-17  6.004717e-15  1.978998e-10  7.015602e-12
3.986293e+01 -1.653073e-18  6.657280e-17  2.565349e-14  1.307407e-09  1.669490e-17  4.957450e-15  1.782197e-10  5.948454e-12
3.990960e+01 -1.173849e-18  5.109204e-17  1.927291e-14  1.017372e-09  1.290312e-17  3.729595e-15  1.413250e-10  4.550044e-12
3.994290e+01 -7.833758e-19  3.579158e-17  1.331834e-14  7.188815e-10  9.076111e-18  2.579647e-15  1.010390e-10  3.180623e-12
3.996576e+01 -4.883545e-19  2.299823e-17  8.483661e-15  4.644462e-10  5.846074e-18  1.644186e-15  6.576096e-11  2.040956e-12
3.998073e+01 -2.819630e-19  1.352766e-17  4.963070e-15  2.741148e-10  3.443601e-18  9.622350e-16  3.898962e-11  1.199483e-12
3.999000e+01 -1.487774e-19  7.216954e-18  2.639153e-15  1.465357e-10  1.838663e-18  5.117927e-16  2.089997e-11  6.395965e-13
3.999532e+01 -7.021780e-20  3.427257e-18  1.250999e-15  6.966782e-11  8.735589e-19  2.426290e-16  9.951824e-12  3.036514e-13
3.999810e+01 -2.861209e-20  1.400973e-18  5.108889e-16  2.849520e-11  3.571708e-19  9.909259e-17  4.073684e-12  1.241066e-13
3.999937e+01 -9.465662e-21  4.641492e-19  1.691866e-16  9.443132e-12  1.183448e-19  3.281664e-17  1.350481e-12  4.111436e-14
3.999985e+01 -2.260974e-21  1.109268e-19  4.042728e-17  2.257036e-12  2.828427e-20  7.841650e-18  3.228268e-13  9.825657e-15
3.999998e+01 -2.990235e-22  1.467270e-20  5.347230e-18  2.985547e-13  3.741304e-21  1.037202e-18  4.270423e-14  1.299667e-15
4.000000e+01 -9.367640e-24  4.596678e-22  1.675175e-19  9.353192e-15  1.172082e-22  3.249337e-20  1.337856e-15  4.071608e-17
