376 3
 0 0 1
 2 2 1
 -6.502185e+00 -3.053774e-01 -1.000419e-01
0.000000e+00 -2.060397e+01  4.505582e+00 -3.463896e-14
3.278564e-09 -2.060397e+01  4.505582e+00 -1.110698e-08
1.046582e-07 -2.060396e+01  4.505580e+00 -3.545555e-07
7.915214e-07 -2.060389e+01  4.505564e+00 -2.681469e-06
3.316517e-06 -2.060363e+01  4.505507e+00 -1.123543e-05
1.004733e-05 -2.060293e+01  4.505356e+00 -3.403697e-05
2.477810e-05 -2.060142e+01  4.505024e+00 -8.393673e-05
5.299135e-05 -2.059851e+01  4.504388e+00 -1.794975e-04
1.020609e-04 -2.059346e+01  4.503283e+00 -3.456683e-04
1.813877e-04 -2.058529e+01  4.501497e+00 -6.142170e-04
3.024627e-04 -2.057283e+01  4.498773e+00 -1.023893e-03
4.788527e-04 -2.055470e+01  4.494806e+00 -1.620291e-03
7.261078e-04 -2.052931e+01  4.489250e+00 -2.455409e-03
1.061591e-03 -2.049490e+01  4.481721e+00 -3.586871e-03
1.504231e-03 -2.044960e+01  4.471805e+00 -5.076834e-03
2.074209e-03 -2.039142e+01  4.459064e+00 -6.990576e-03
2.792580e-03 -2.031834e+01  4.443050e+00 -9.394795e-03
3.680838e-03 -2.022835e+01  4.423319e+00 -1.235567e-02
4.760448e-03 -2.011953e+01  4.399438e+00 -1.593670e-02
6.052333e-03 -1.999010e+01  4.371010e+00 -2.019649e-02
7.576358e-03 -1.983853e+01  4.337678e+00 -2.518643e-02
9.350803e-03 -1.966355e+01  4.299146e+00 -3.094850e-02
1.139185e-02 -1.946426e+01  4.255193e+00 -3.751324e-02
1.371307e-02 -1.924016e+01  4.205679e+00 -4.489800e-02
1.632504e-02 -1.899120e+01  4.150560e+00 -5.310557e-02
1.923484e-02 -1.871780e+01  4.089893e+00 -6.212331e-02
2.244580e-02 -1.842087e+01  4.023839e+00 -7.192276e-02
2.595722e-02 -1.810177e+01  3.952660e+00 -8.245989e-02
2.976415e-02 -1.776236e+01  3.876720e+00 -9.367583e-02
3.385735e-02 -1.740485e+01  3.796474e+00 -1.054983e-01
3.822326e-02 -1.703183e+01  3.712459e+00 -1.178432e-01
4.284407e-02 -1.664618e+01  3.625280e+00 -1.306172e-01
4.769797e-02 -1.625097e+01  3.535594e+00 -1.437196e-01
5.275935e-02 -1.584939e+01  3.444095e+00 -1.570458e-01
5.799924e-02 -1.544467e+01  3.351495e+00 -1.704890e-01
6.338567e-02 -1.504000e+01  3.258509e+00 -1.839437e-01
6.888423e-02 -1.463846e+01  3.165836e+00 -1.973074e-01
7.445863e-02 -1.424297e+01  3.074148e+00 -2.104829e-01
8.007127e-02 -1.385620e+01  2.984077e+00 -2.233803e-01
8.568391e-02 -1.348055e+01  2.896202e+00 -2.359180e-01
9.125831e-02 -1.311816e+01  2.811046e+00 -2.480241e-01
9.675688e-02 -1.277083e+01  2.729065e+00 -2.596366e-01
1.021433e-01 -1.244005e+01  2.650651e+00 -2.707040e-01
1.073832e-01 -1.212701e+01  2.576125e+00 -2.811851e-01
1.124446e-01 -1.183257e+01  2.505741e+00 -2.910491e-01
1.172985e-01 -1.155735e+01  2.439690e+00 -3.002742e-01
1.219193e-01 -1.130167e+01  2.378097e+00 -3.088482e-01
1.262852e-01 -1.106561e+01  2.321031e+00 -3.167666e-01
1.303784e-01 -1.084907e+01  2.268505e+00 -3.240328e-01
1.341853e-01 -1.065172e+01  2.220484e+00 -3.306565e-01
1.376967e-01 -1.047307e+01  2.176890e+00 -3.366533e-01
1.409077e-01 -1.031249e+01  2.137603e+00 -3.420440e-01
1.438175e-01 -1.016924e+01  2.102470e+00 -3.468534e-01
1.464295e-01 -1.004246e+01  2.071308e+00 -3.511101e-01
1.487507e-01 -9.931197e+00  2.043909e+00 -3.548457e-01
1.507917e-01 -9.834449e+00  2.020043e+00 -3.580939e-01
1.525662e-01 -9.751153e+00  1.999465e+00 -3.608904e-01
1.540902e-01 -9.680211e+00  1.981917e+00 -3.632721e-01
1.553821e-01 -9.620505e+00  1.967131e+00 -3.652764e-01
1.564617e-01 -9.570910e+00  1.954838e+00 -3.669413e-01
1.573500e-01 -9.530309e+00  1.944767e+00 -3.683042e-01
1.580683e-01 -9.497607e+00  1.936650e+00 -3.694019e-01
1.586383e-01 -9.471745e+00  1.930228e+00 -3.702700e-01
1.590810e-01 -9.451713e+00  1.925251e+00 -3.709424e-01
1.594164e-01 -9.436561e+00  1.921486e+00 -3.714509e-01
1.596637e-01 -9.425409e+00  1.918714e+00 -3.718252e-01
1.598401e-01 -9.417463e+00  1.916739e+00 -3.720919e-01
1.599612e-01 -9.412012e+00  1.915383e+00 -3.722749e-01
1.600405e-01 -9.408443e+00  1.914496e+00 -3.723947e-01
1.600896e-01 -9.406236e+00  1.913947e+00 -3.724688e-01
1.601178e-01 -9.404967e+00  1.913632e+00 -3.725113e-01
1.601325e-01 -9.404305e+00  1.913467e+00 -3.725336e-01
1.601392e-01 -9.404002e+00  1.913392e+00 -3.725437e-01
1.601418e-01 -9.403889e+00  1.913363e+00 -3.725475e-01
1.601424e-01 -9.403858e+00  1.913356e+00 -3.725486e-01
1.601425e-01 -9.403853e+00  1.913355e+00 -3.725487e-01
1.601426e-01 -9.403853e+00  1.913354e+00 -3.725488e-01
1.601430e-01 -9.403834e+00  1.913350e+00 -3.725494e-01
1.601458e-01 -9.403708e+00  1.913319e+00 -3.725536e-01
1.601560e-01 -9.403247e+00  1.913204e+00 -3.725691e-01
1.601834e-01 -9.402016e+00  1.912898e+00 -3.726104e-01
1.602433e-01 -9.399323e+00  1.912228e+00 -3.727008e-01
1.603581e-01 -9.394167e+00  1.910946e+00 -3.728738e-01
1.605577e-01 -9.385207e+00  1.908717e+00 -3.731745e-01
1.608803e-01 -9.370742e+00  1.905118e+00 -3.736600e-01
1.613728e-01 -9.348710e+00  1.899635e+00 -3.743994e-01
1.620903e-01 -9.316710e+00  1.891668e+00 -3.754733e-01
1.630960e-01 -9.272051e+00  1.880541e+00 -3.769720e-01
1.644606e-01 -9.211819e+00  1.865521e+00 -3.789932e-01
1.662611e-01 -9.132985e+00  1.845837e+00 -3.816382e-01
1.685795e-01 -9.032526e+00  1.820714e+00 -3.850082e-01
1.715015e-01 -8.907583e+00  1.789405e+00 -3.891987e-01
1.751145e-01 -8.755626e+00  1.751232e+00 -3.942933e-01
1.795059e-01 -8.574632e+00  1.705624e+00 -4.003586e-01
1.847607e-01 -8.363259e+00  1.652166e+00 -4.074370e-01
1.909597e-01 -8.120994e+00  1.590627e+00 -4.155421e-01
1.981774e-01 -7.848270e+00  1.520999e+00 -4.246538e-01
2.064794e-01 -7.546534e+00  1.443515e+00 -4.347158e-01
2.159211e-01 -7.218252e+00  1.358657e+00 -4.456347e-01
2.265454e-01 -6.866848e+00  1.267148e+00 -4.572814e-01
2.383811e-01 -6.496573e+00  1.169936e+00 -4.694949e-01
2.514418e-01 -6.112327e+00  1.068154e+00 -4.820886e-01
2.657247e-01 -5.719424e+00  9.630741e-01 -4.948574e-01
2.812096e-01 -5.323345e+00  8.560572e-01 -5.075871e-01
2.978589e-01 -4.929484e+00  7.484908e-01 -5.200634e-01
3.156174e-01 -4.542914e+00  6.417342e-01 -5.320821e-01
3.344127e-01 -4.168189e+00  5.370654e-01 -5.434565e-01
3.541562e-01 -3.809197e+00  4.356377e-01 -5.540255e-01
3.747436e-01 -3.469066e+00  3.384457e-01 -5.636584e-01
3.960570e-01 -3.150126e+00  2.463033e-01 -5.722589e-01
4.179666e-01 -2.853924e+00  1.598334e-01 -5.797659e-01
4.403322e-01 -2.581272e+00  7.946751e-02 -5.861532e-01
4.630064e-01 -2.332333e+00  5.455566e-03 -5.914274e-01
4.858360e-01 -2.106725e+00 -6.211834e-02 -5.956238e-01
5.086657e-01 -1.903625e+00 -1.233145e-01 -5.988023e-01
5.313398e-01 -1.721885e+00 -1.783136e-01 -6.010421e-01
5.537055e-01 -1.560127e+00 -2.273914e-01 -6.024363e-01
5.756150e-01 -1.416839e+00 -2.708947e-01 -6.030870e-01
5.969285e-01 -1.290448e+00 -3.092181e-01 -6.031004e-01
6.175159e-01 -1.179377e+00 -3.427841e-01 -6.025831e-01
6.372593e-01 -1.082097e+00 -3.720261e-01 -6.016382e-01
6.560547e-01 -9.971568e-01 -3.973744e-01 -6.003634e-01
6.738132e-01 -9.232011e-01 -4.192453e-01 -5.988485e-01
6.904625e-01 -8.589865e-01 -4.380337e-01 -5.971742e-01
7.059474e-01 -8.033835e-01 -4.541071e-01 -5.954117e-01
7.202302e-01 -7.553761e-01 -4.678030e-01 -5.936219e-01
7.332910e-01 -7.140566e-01 -4.794274e-01 -5.918555e-01
7.451267e-01 -6.786180e-01 -4.892545e-01 -5.901537e-01
7.557510e-01 -6.483455e-01 -4.975278e-01 -5.885484e-01
7.651927e-01 -6.226063e-01 -5.044622e-01 -5.870627e-01
7.734947e-01 -6.008409e-01 -5.102457e-01 -5.857124e-01
7.807123e-01 -5.825531e-01 -5.150424e-01 -5.845062e-01
7.869114e-01 -5.673023e-01 -5.189949e-01 -5.834470e-01
7.921662e-01 -5.546953e-01 -5.222271e-01 -5.825328e-01
7.965576e-01 -5.443803e-01 -5.248466e-01 -5.817575e-01
8.001706e-01 -5.360411e-01 -5.269470e-01 -5.811122e-01
8.030926e-01 -5.293927e-01 -5.286100e-01 -5.805854e-01
8.054110e-01 -5.241778e-01 -5.299069e-01 -5.801643e-01
8.072115e-01 -5.201643e-01 -5.309006e-01 -5.798355e-01
8.085761e-01 -5.171435e-01 -5.316458e-01 -5.795852e-01
8.095818e-01 -5.149285e-01 -5.321907e-01 -5.794001e-01
8.102992e-01 -5.133544e-01 -5.325772e-01 -5.792678e-01
8.107917e-01 -5.122767e-01 -5.328414e-01 -5.791768e-01
8.111144e-01 -5.115719e-01 -5.330141e-01 -5.791171e-01
8.113140e-01 -5.111364e-01 -5.331207e-01 -5.790802e-01
8.114287e-01 -5.108862e-01 -5.331819e-01 -5.790590e-01
8.114887e-01 -5.107556e-01 -5.332139e-01 -5.790479e-01
8.115160e-01 -5.106959e-01 -5.332285e-01 -5.790428e-01
8.115263e-01 -5.106736e-01 -5.332340e-01 -5.790409e-01
8.115291e-01 -5.106675e-01 -5.332354e-01 -5.790404e-01
8.115295e-01 -5.106666e-01 -5.332357e-01 -5.790403e-01
8.115296e-01 -5.106665e-01 -5.332357e-01 -5.790403e-01
8.115308e-01 -5.106637e-01 -5.332364e-01 -5.790401e-01
8.115394e-01 -5.106451e-01 -5.332409e-01 -5.790385e-01
8.115709e-01 -5.105765e-01 -5.332577e-01 -5.790326e-01
8.116547e-01 -5.103938e-01 -5.333024e-01 -5.790171e-01
8.118383e-01 -5.099942e-01 -5.334001e-01 -5.789831e-01
8.121899e-01 -5.092298e-01 -5.335869e-01 -5.789179e-01
8.128014e-01 -5.079031e-01 -5.339107e-01 -5.788043e-01
8.137899e-01 -5.057658e-01 -5.344313e-01 -5.786204e-01
8.152987e-01 -5.025214e-01 -5.352193e-01 -5.783388e-01
8.174968e-01 -4.978328e-01 -5.363529e-01 -5.779265e-01
8.205780e-01 -4.913360e-01 -5.379135e-01 -5.773448e-01
8.247587e-01 -4.826595e-01 -5.399784e-01 -5.765484e-01
8.302747e-01 -4.714512e-01 -5.426118e-01 -5.754854e-01
8.373776e-01 -4.574099e-01 -5.458534e-01 -5.740965e-01
8.463297e-01 -4.403210e-01 -5.497055e-01 -5.723151e-01
8.573988e-01 -4.200907e-01 -5.541206e-01 -5.700664e-01
8.708525e-01 -3.967771e-01 -5.589900e-01 -5.672683e-01
8.869516e-01 -3.706100e-01 -5.641353e-01 -5.638319e-01
9.059434e-01 -3.419966e-01 -5.693065e-01 -5.596638e-01
9.280559e-01 -3.115085e-01 -5.741860e-01 -5.546684e-01
9.534907e-01 -2.798498e-01 -5.784012e-01 -5.487529e-01
9.824170e-01 -2.478078e-01 -5.815447e-01 -5.418319e-01
1.014966e+00 -2.161933e-01 -5.832012e-01 -5.338337e-01
1.051227e+00 -1.857768e-01 -5.829783e-01 -5.247067e-01
1.091241e+00 -1.572297e-01 -5.805378e-01 -5.144259e-01
1.134999e+00 -1.310799e-01 -5.756243e-01 -5.029973e-01
1.182440e+00 -1.076849e-01 -5.680867e-01 -4.904622e-01
1.233448e+00 -8.722537e-02 -5.578910e-01 -4.768977e-01
1.287854e+00 -6.971811e-02 -5.451225e-01 -4.624159e-01
1.345437e+00 -5.504234e-02 -5.299775e-01 -4.471596e-01
1.405925e+00 -4.297476e-02 -5.127467e-01 -4.312961e-01
1.468998e+00 -3.322674e-02 -4.937917e-01 -4.150098e-01
1.534295e+00 -2.547879e-02 -4.735186e-01 -3.984928e-01
1.601419e+00 -1.940896e-02 -4.523513e-01 -3.819368e-01
1.669940e+00 -1.471360e-02 -4.307073e-01 -3.655251e-01
1.739407e+00 -1.112045e-02 -4.089771e-01 -3.494260e-01
1.809349e+00 -8.395094e-03 -3.875100e-01 -3.337879e-01
1.879292e+00 -6.342300e-03 -3.666042e-01 -3.187368e-01
1.948758e+00 -4.803936e-03 -3.465026e-01 -3.043740e-01
2.017280e+00 -3.654834e-03 -3.273926e-01 -2.907774e-01
2.084403e+00 -2.797799e-03 -3.094091e-01 -2.780016e-01
2.149701e+00 -2.158527e-03 -2.926400e-01 -2.660809e-01
2.212774e+00 -1.680924e-03 -2.771322e-01 -2.550312e-01
2.273262e+00 -1.323057e-03 -2.628992e-01 -2.448532e-01
2.330845e+00 -1.053816e-03 -2.499270e-01 -2.355345e-01
2.385251e+00 -8.502410e-04 -2.381813e-01 -2.270530e-01
2.436259e+00 -6.954440e-04 -2.276122e-01 -2.193783e-01
2.483700e+00 -5.770179e-04 -2.181594e-01 -2.124744e-01
2.527458e+00 -4.858448e-04 -2.097557e-01 -2.063010e-01
2.567472e+00 -4.152113e-04 -2.023302e-01 -2.008153e-01
2.603732e+00 -3.601613e-04 -1.958103e-01 -1.959724e-01
2.636282e+00 -3.170229e-04 -1.901238e-01 -1.917268e-01
2.665208e+00 -2.830631e-04 -1.851994e-01 -1.880329e-01
2.690643e+00 -2.562357e-04 -1.809680e-01 -1.848452e-01
2.712755e+00 -2.349979e-04 -1.773631e-01 -1.821191e-01
2.731747e+00 -2.181762e-04 -1.743210e-01 -1.798107e-01
2.747846e+00 -2.048692e-04 -1.717808e-01 -1.778775e-01
2.761300e+00 -1.943777e-04 -1.696849e-01 -1.762785e-01
2.772369e+00 -1.861524e-04 -1.679786e-01 -1.749740e-01
2.781321e+00 -1.797570e-04 -1.666106e-01 -1.739263e-01
2.788424e+00 -1.748400e-04 -1.655327e-01 -1.730996e-01
2.793940e+00 -1.711146e-04 -1.647001e-01 -1.724604e-01
2.798121e+00 -1.683440e-04 -1.640718e-01 -1.719776e-01
2.801202e+00 -1.663307e-04 -1.636102e-01 -1.716226e-01
2.803400e+00 -1.649091e-04 -1.632816e-01 -1.713699e-01
2.804909e+00 -1.639403e-04 -1.630564e-01 -1.711966e-01
2.805897e+00 -1.633086e-04 -1.629091e-01 -1.710832e-01
2.806509e+00 -1.629191e-04 -1.628180e-01 -1.710131e-01
2.806861e+00 -1.626956e-04 -1.627656e-01 -1.709728e-01
2.807044e+00 -1.625790e-04 -1.627383e-01 -1.709517e-01
2.807128e+00 -1.625257e-04 -1.627258e-01 -1.709421e-01
2.807159e+00 -1.625058e-04 -1.627211e-01 -1.709385e-01
2.807168e+00 -1.625003e-04 -1.627198e-01 -1.709375e-01
2.807169e+00 -1.624995e-04 -1.627197e-01 -1.709374e-01
2.807169e+00 -1.624994e-04 -1.627196e-01 -1.709373e-01
2.807174e+00 -1.624966e-04 -1.627190e-01 -1.709368e-01
2.807204e+00 -1.624777e-04 -1.627145e-01 -1.709334e-01
2.807313e+00 -1.624081e-04 -1.626982e-01 -1.709208e-01
2.807606e+00 -1.622228e-04 -1.626546e-01 -1.708873e-01
2.808246e+00 -1.618180e-04 -1.625594e-01 -1.708140e-01
2.809473e+00 -1.610456e-04 -1.623771e-01 -1.706736e-01
2.811606e+00 -1.597109e-04 -1.620605e-01 -1.704297e-01
2.815055e+00 -1.575767e-04 -1.615499e-01 -1.700361e-01
2.820318e+00 -1.543742e-04 -1.607736e-01 -1.694373e-01
2.827987e+00 -1.498250e-04 -1.596490e-01 -1.685688e-01
2.838736e+00 -1.436735e-04 -1.580851e-01 -1.673592e-01
2.853321e+00 -1.357297e-04 -1.559867e-01 -1.657323e-01
2.872564e+00 -1.259187e-04 -1.532586e-01 -1.636108e-01
2.897343e+00 -1.143258e-04 -1.498131e-01 -1.609204e-01
2.928573e+00 -1.012280e-04 -1.455763e-01 -1.575949e-01
2.967189e+00 -8.709658e-05 -1.404971e-01 -1.535816e-01
3.014123e+00 -7.256095e-05 -1.345540e-01 -1.488467e-01
3.070287e+00 -5.833389e-05 -1.277623e-01 -1.433803e-01
3.136542e+00 -4.510930e-05 -1.201787e-01 -1.372003e-01
3.213683e+00 -3.345629e-05 -1.119026e-01 -1.303547e-01
3.302415e+00 -2.373791e-05 -1.030737e-01 -1.229211e-01
3.403327e+00 -1.607675e-05 -9.386557e-02 -1.150051e-01
3.516879e+00 -1.037381e-05 -8.447522e-02 -1.067345e-01
3.643378e+00 -6.368841e-06 -7.510999e-02 -9.825313e-02
3.782971e+00 -3.718378e-06 -6.597296e-02 -8.971202e-02
3.935625e+00 -2.067232e-06 -5.724893e-02 -8.126077e-02
4.101127e+00 -1.098894e-06 -4.909263e-02 -7.303907e-02
4.279073e+00 -5.618967e-07 -4.162070e-02 -6.516957e-02
4.468875e+00 -2.766438e-07 -3.490784e-02 -5.775259e-02
4.669759e+00 -1.287551e-07 -2.898741e-02 -5.086317e-02
4.880776e+00 -5.394963e-08 -2.385566e-02 -4.455034e-02
5.100813e+00 -1.943547e-08 -1.947847e-02 -3.883831e-02
5.328610e+00 -7.504954e-09 -1.579935e-02 -3.372928e-02
5.562778e+00 -5.946764e-09 -1.274762e-02 -2.920722e-02
5.801821e+00 -5.883752e-09 -1.024574e-02 -2.524205e-02
6.044160e+00 -3.258420e-09 -8.215308e-03 -2.179385e-02
6.288163e+00  8.998228e-10 -6.581511e-03 -1.881675e-02
6.532165e+00  3.303410e-09 -5.276006e-03 -1.626216e-02
6.774505e+00  2.246493e-09 -4.238481e-03 -1.408138e-02
7.013547e+00 -8.035501e-10 -3.417188e-03 -1.222756e-02
7.247715e+00 -2.843444e-09 -2.768728e-03 -1.065697e-02
7.475513e+00 -2.174843e-09 -2.257386e-03 -9.329772e-03
7.695550e+00  3.114311e-10 -1.854217e-03 -8.210388e-03
7.906566e+00  2.293568e-09 -1.536051e-03 -7.267554e-03
8.107450e+00  2.193338e-09 -1.284527e-03 -6.474141e-03
8.297252e+00  3.437696e-10 -1.085204e-03 -5.806861e-03
8.475199e+00 -1.605192e-09 -9.267856e-04 -5.245891e-03
8.640700e+00 -2.189581e-09 -8.004742e-04 -4.774463e-03
8.793354e+00 -1.173308e-09 -6.994306e-04 -4.378471e-03
8.932947e+00  5.361544e-10 -6.183442e-04 -4.046082e-03
9.059447e+00  1.746286e-09 -5.530892e-04 -3.767394e-03
9.172998e+00  1.807463e-09 -5.004556e-04 -3.534127e-03
9.273910e+00  8.725948e-10 -4.579388e-04 -3.339347e-03
9.362642e+00 -3.998462e-10 -4.235768e-04 -3.177241e-03
9.439784e+00 -1.339290e-09 -3.958250e-04 -3.042912e-03
9.506039e+00 -1.603166e-09 -3.734593e-04 -2.932221e-03
9.562202e+00 -1.234400e-09 -3.555024e-04 -2.841647e-03
9.609136e+00 -5.140604e-10 -3.411664e-04 -2.768170e-03
9.647752e+00  2.373537e-10 -3.298100e-04 -2.709186e-03
9.678982e+00  7.966519e-10 -3.209053e-04 -2.662432e-03
9.703762e+00  1.079496e-09 -3.140130e-04 -2.625929e-03
9.723005e+00  1.112088e-09 -3.087638e-04 -2.597936e-03
9.737589e+00  9.764552e-10 -3.048444e-04 -2.576925e-03
9.748339e+00  7.622757e-10 -3.019880e-04 -2.561552e-03
9.756007e+00  5.390390e-10 -2.999667e-04 -2.550643e-03
9.761270e+00  3.476177e-10 -2.985873e-04 -2.543183e-03
9.764719e+00  2.039658e-10 -2.976869e-04 -2.538307e-03
9.766852e+00  1.075024e-10 -2.971313e-04 -2.535296e-03
9.768079e+00  4.932373e-11 -2.968124e-04 -2.533566e-03
9.768719e+00  1.814484e-11 -2.966460e-04 -2.532663e-03
9.769012e+00  3.713443e-12 -2.965700e-04 -2.532251e-03
9.769122e+00 -1.730428e-12 -2.965415e-04 -2.532096e-03
9.769151e+00 -3.214145e-12 -2.965337e-04 -2.532054e-03
9.769156e+00 -3.433242e-12 -2.965326e-04 -2.532048e-03
9.769157e+00 -3.440321e-12 -2.965324e-04 -2.532047e-03
9.769176e+00 -3.440133e-12 -2.965274e-04 -2.532020e-03
9.769305e+00 -3.438856e-12 -2.964938e-04 -2.531837e-03
9.769782e+00 -3.434166e-12 -2.963701e-04 -2.531166e-03
9.771053e+00 -3.421688e-12 -2.960407e-04 -2.529377e-03
9.773833e+00 -3.394502e-12 -2.953209e-04 -2.525467e-03
9.779159e+00 -3.342909e-12 -2.939474e-04 -2.517995e-03
9.788423e+00 -3.254640e-12 -2.915739e-04 -2.505053e-03
9.803397e+00 -3.115810e-12 -2.877775e-04 -2.484277e-03
9.826253e+00 -2.912867e-12 -2.820789e-04 -2.452908e-03
9.859551e+00 -2.635738e-12 -2.739798e-04 -2.407936e-03
9.906227e+00 -2.282001e-12 -2.630197e-04 -2.346323e-03
9.969557e+00 -1.861311e-12 -2.488516e-04 -2.265310e-03
1.005312e+01 -1.398591e-12 -2.313279e-04 -2.162808e-03
1.016071e+01 -9.338417e-13 -2.105819e-04 -2.037810e-03
1.029632e+01 -5.166220e-13 -1.870841e-04 -1.890786e-03
1.046400e+01 -1.946633e-13 -1.616497e-04 -1.723960e-03
1.066781e+01  1.077468e-15 -1.353800e-04 -1.541385e-03
1.091168e+01  6.935005e-14 -1.095357e-04 -1.348757e-03
1.119938e+01  4.235980e-14 -8.536031e-05 -1.152937e-03
1.153435e+01 -2.451514e-14 -6.389506e-05 -9.612454e-04
1.191965e+01 -7.516112e-14 -4.583102e-05 -7.806304e-04
1.235784e+01 -7.726949e-14 -3.143971e-05 -6.168818e-04
1.285091e+01 -3.503575e-14 -2.059494e-05 -4.740439e-04
1.340020e+01  1.885729e-14 -1.286977e-05 -3.541383e-04
1.400635e+01  4.801458e-14 -7.670160e-06 -2.572237e-04
1.466922e+01  3.764981e-14 -4.363967e-06 -1.817397e-04
1.538787e+01  2.742748e-15 -2.376466e-06 -1.250191e-04
1.616056e+01 -2.635610e-14 -1.243269e-06 -8.383881e-05
1.698474e+01 -2.875750e-14 -6.258922e-07 -5.489985e-05
1.785703e+01 -8.017380e-15 -3.012299e-07 -3.517375e-05
1.877332e+01  1.419482e-14 -1.361764e-07 -2.209950e-05
1.972878e+01  1.865932e-14 -5.733460e-08 -1.365105e-05
2.071794e+01  4.545971e-15 -2.445884e-08 -8.313147e-06
2.173476e+01 -1.259485e-14 -1.341186e-08 -5.005800e-06
2.277275e+01 -1.698278e-14 -9.216441e-09 -2.990180e-06
2.382505e+01 -6.779116e-15 -4.798795e-09 -1.778091e-06
2.488458e+01  6.262288e-15  2.039278e-10 -1.056291e-06
2.594410e+01  9.458728e-15  3.056940e-09 -6.289025e-07
2.699641e+01  9.659118e-16  2.225359e-09 -3.762838e-07
2.803440e+01 -9.972337e-15 -7.659765e-10 -2.268364e-07
2.905122e+01 -1.288254e-14 -2.848971e-09 -1.382819e-07
3.004038e+01 -5.639743e-15 -2.241829e-09 -8.569258e-08
3.099584e+01  4.747755e-15  2.278682e-10 -5.425018e-08
3.191213e+01  9.441713e-15  2.250650e-09 -3.511917e-08
3.278442e+01  5.508955e-15  2.215066e-09 -2.313885e-08
3.360859e+01 -2.528590e-15  4.082943e-10 -1.542819e-08
3.438128e+01 -7.468392e-15 -1.544720e-09 -1.043038e-08
3.509994e+01 -5.468865e-15 -2.171656e-09 -7.251599e-09
3.576280e+01  1.595214e-15 -1.206022e-09 -5.277900e-09
3.636895e+01  8.429031e-15  4.748885e-10 -4.029954e-09
3.691825e+01  1.054079e-14  1.691441e-09 -3.155361e-09
3.741132e+01  7.006210e-15  1.786331e-09 -2.448500e-09
3.784951e+01  3.323531e-16  8.928258e-10 -1.835302e-09
3.823481e+01 -5.692908e-15 -3.497846e-10 -1.320610e-09
3.856978e+01 -8.295817e-15 -1.280993e-09 -9.287582e-10
3.885747e+01 -6.820075e-15 -1.557360e-09 -6.656001e-10
3.910135e+01 -2.446693e-15 -1.213578e-09 -5.099212e-10
3.930515e+01  2.844260e-15 -5.205396e-10 -4.246498e-10
3.947283e+01  7.298203e-15  2.091168e-10 -3.730110e-10
3.960844e+01  9.944395e-15  7.559553e-10 -3.293450e-10
3.971604e+01  1.064200e-14  1.035631e-09 -2.817737e-10
3.979960e+01  9.812301e-15  1.072036e-09 -2.290461e-10
3.986293e+01  8.095470e-15  9.441362e-10 -1.753596e-10
3.990960e+01  6.087789e-15  7.389063e-10 -1.259620e-10
3.994290e+01  4.209561e-15  5.239846e-10 -8.464465e-11
3.996576e+01  2.682552e-15  3.392920e-10 -5.298563e-11
3.998073e+01  1.569741e-15  2.005288e-10 -3.066715e-11
3.999000e+01  8.348534e-16  1.072877e-10 -1.620419e-11
3.999532e+01  3.957686e-16  5.103208e-11 -7.653712e-12
3.999810e+01  1.616333e-16  2.087797e-11 -3.119929e-12
3.999937e+01  5.352782e-17  6.919593e-12 -1.032340e-12
3.999985e+01  1.279061e-17  1.653945e-12 -2.466016e-13
3.999998e+01  1.691791e-18  2.187818e-13 -3.261471e-14
4.000000e+01  5.300028e-20  6.854060e-15 -1.021738e-15
