376 2
 0 0
 2 2
 -3.793182e+00 -1.700288e-01
0.000000e+00 -1.447447e+01  2.918349e+00
3.278564e-09 -1.447447e+01  2.918349e+00
1.046582e-07 -1.447446e+01  2.918347e+00
7.915214e-07 -1.447442e+01  2.918339e+00
3.316517e-06 -1.447428e+01  2.918310e+00
1.004733e-05 -1.447389e+01  2.918231e+00
2.477810e-05 -1.447303e+01  2.918059e+00
5.299135e-05 -1.447140e+01  2.917730e+00
1.020609e-04 -1.446856e+01  2.917157e+00
1.813877e-04 -1.446397e+01  2.916232e+00
3.024627e-04 -1.445697e+01  2.914820e+00
4.788527e-04 -1.444677e+01  2.912764e+00
7.261078e-04 -1.443249e+01  2.909883e+00
1.061591e-03 -1.441314e+01  2.905980e+00
1.504231e-03 -1.438765e+01  2.900836e+00
2.074209e-03 -1.435489e+01  2.894224e+00
2.792580e-03 -1.431372e+01  2.885911e+00
3.680838e-03 -1.426298e+01  2.875660e+00
4.760448e-03 -1.420155e+01  2.863245e+00
6.052333e-03 -1.412842e+01  2.848451e+00
7.576358e-03 -1.404264e+01  2.831085e+00
9.350803e-03 -1.394346e+01  2.810985e+00
1.139185e-02 -1.383027e+01  2.788022e+00
1.371307e-02 -1.370272e+01  2.762109e+00
1.632504e-02 -1.356065e+01  2.733205e+00
1.923484e-02 -1.340421e+01  2.701323e+00
2.244580e-02 -1.323376e+01  2.666524e+00
2.595722e-02 -1.304997e+01  2.628924e+00
2.976415e-02 -1.285374e+01  2.588692e+00
3.385735e-02 -1.264623e+01  2.546044e+00
3.822326e-02 -1.242878e+01  2.501242e+00
4.284407e-02 -1.220294e+01  2.454585e+00
4.769797e-02 -1.197038e+01  2.406404e+00
5.275935e-02 -1.173289e+01  2.357054e+00
5.799924e-02 -1.149229e+01  2.306904e+00
6.338567e-02 -1.125043e+01  2.256331e+00
6.888423e-02 -1.100913e+01  2.205709e+00
7.445863e-02 -1.077013e+01  2.155406e+00
8.007127e-02 -1.053510e+01  2.105769e+00
8.568391e-02 -1.030554e+01  2.057128e+00
9.125831e-02 -1.008285e+01  2.009783e+00
9.675688e-02 -9.868245e+00  1.964004e+00
1.021433e-01 -9.662763e+00  1.920030e+00
1.073832e-01 -9.467278e+00  1.878062e+00
1.124446e-01 -9.282486e+00  1.838267e+00
1.172985e-01 -9.108911e+00  1.800777e+00
1.219193e-01 -8.946915e+00  1.765689e+00
1.262852e-01 -8.796703e+00  1.733066e+00
1.303784e-01 -8.658340e+00  1.702940e+00
1.341853e-01 -8.531757e+00  1.675314e+00
1.376967e-01 -8.416768e+00  1.650163e+00
1.409077e-01 -8.313079e+00  1.627438e+00
1.438175e-01 -8.220304e+00  1.607069e+00
1.464295e-01 -8.137977e+00  1.588963e+00
1.487507e-01 -8.065559e+00  1.573013e+00
1.507917e-01 -8.002456e+00  1.559097e+00
1.525662e-01 -7.948029e+00  1.547080e+00
1.540902e-01 -7.901601e+00  1.536819e+00
1.553821e-01 -7.862475e+00  1.528165e+00
1.564617e-01 -7.829937e+00  1.520963e+00
1.573500e-01 -7.803276e+00  1.515058e+00
1.580683e-01 -7.781786e+00  1.510296e+00
1.586383e-01 -7.764780e+00  1.506527e+00
1.590810e-01 -7.751601e+00  1.503605e+00
1.594164e-01 -7.741628e+00  1.501393e+00
1.596637e-01 -7.734287e+00  1.499765e+00
1.598401e-01 -7.729055e+00  1.498604e+00
1.599612e-01 -7.725466e+00  1.497807e+00
1.600405e-01 -7.723115e+00  1.497286e+00
1.600896e-01 -7.721661e+00  1.496963e+00
1.601178e-01 -7.720826e+00  1.496778e+00
1.601325e-01 -7.720389e+00  1.496681e+00
1.601392e-01 -7.720190e+00  1.496637e+00
1.601418e-01 -7.720115e+00  1.496620e+00
1.601424e-01 -7.720095e+00  1.496616e+00
1.601425e-01 -7.720092e+00  1.496615e+00
1.601426e-01 -7.720091e+00  1.496615e+00
1.601430e-01 -7.720079e+00  1.496612e+00
1.601458e-01 -7.719996e+00  1.496594e+00
1.601560e-01 -7.719692e+00  1.496526e+00
1.601834e-01 -7.718881e+00  1.496346e+00
1.602433e-01 -7.717107e+00  1.495953e+00
1.603581e-01 -7.713711e+00  1.495199e+00
1.605577e-01 -7.707808e+00  1.493889e+00
1.608803e-01 -7.698274e+00  1.491773e+00
1.613728e-01 -7.683749e+00  1.488547e+00
1.620903e-01 -7.662639e+00  1.483859e+00
1.630960e-01 -7.633154e+00  1.477307e+00
1.644606e-01 -7.593344e+00  1.468454e+00
1.662611e-01 -7.541160e+00  1.456838e+00
1.685795e-01 -7.474534e+00  1.441989e+00
1.715015e-01 -7.391464e+00  1.423447e+00
1.751145e-01 -7.290124e+00  1.400783e+00
1.795059e-01 -7.168966e+00  1.373623e+00
1.847607e-01 -7.026833e+00  1.341669e+00
1.909597e-01 -6.863057e+00  1.304724e+00
1.981774e-01 -6.677539e+00  1.262709e+00
2.064794e-01 -6.470810e+00  1.215675e+00
2.159211e-01 -6.244051e+00  1.163814e+00
2.265454e-01 -5.999081e+00  1.107457e+00
2.383811e-01 -5.738302e+00  1.047068e+00
2.514418e-01 -5.464614e+00  9.832292e-01
2.657247e-01 -5.181289e+00  9.166185e-01
2.812096e-01 -4.891835e+00  8.479835e-01
2.978589e-01 -4.599842e+00  7.781119e-01
3.156174e-01 -4.308836e+00  7.078006e-01
3.344127e-01 -4.022142e+00  6.378265e-01
3.541562e-01 -3.742768e+00  5.689203e-01
3.747436e-01 -3.473325e+00  5.017446e-01
3.960570e-01 -3.215966e+00  4.368775e-01
4.179666e-01 -2.972367e+00  3.748025e-01
4.403322e-01 -2.743726e+00  3.159032e-01
4.630064e-01 -2.530792e+00  2.604635e-01
4.858360e-01 -2.333908e+00  2.086719e-01
5.086657e-01 -2.153063e+00  1.606291e-01
5.313398e-01 -1.987953e+00  1.163579e-01
5.537055e-01 -1.838043e+00  7.581457e-02
5.756150e-01 -1.702624e+00  3.890048e-02
5.969285e-01 -1.580864e+00  5.473829e-03
6.175159e-01 -1.471858e+00 -2.463935e-02
6.372593e-01 -1.374666e+00 -5.163523e-02
6.560547e-01 -1.288339e+00 -7.572351e-02
6.738132e-01 -1.211950e+00 -9.712008e-02
6.904625e-01 -1.144603e+00 -1.160411e-01
7.059474e-01 -1.085453e+00 -1.326983e-01
7.202302e-01 -1.033707e+00 -1.472958e-01
7.332910e-01 -9.886284e-01 -1.600275e-01
7.451267e-01 -9.495385e-01 -1.710758e-01
7.557510e-01 -9.158147e-01 -1.806110e-01
7.651927e-01 -8.868866e-01 -1.887908e-01
7.734947e-01 -8.622328e-01 -1.957611e-01
7.807123e-01 -8.413764e-01 -2.016561e-01
7.869114e-01 -8.238807e-01 -2.065995e-01
7.921662e-01 -8.093451e-01 -2.107047e-01
7.965576e-01 -7.974017e-01 -2.140765e-01
8.001706e-01 -7.877120e-01 -2.168110e-01
8.030926e-01 -7.799648e-01 -2.189965e-01
8.054110e-01 -7.738740e-01 -2.207143e-01
8.072115e-01 -7.691780e-01 -2.220383e-01
8.085761e-01 -7.656384e-01 -2.230361e-01
8.095818e-01 -7.630406e-01 -2.237683e-01
8.102992e-01 -7.611928e-01 -2.242890e-01
8.107917e-01 -7.599272e-01 -2.246457e-01
8.111144e-01 -7.590992e-01 -2.248790e-01
8.113140e-01 -7.585874e-01 -2.250232e-01
8.114287e-01 -7.582934e-01 -2.251060e-01
8.114887e-01 -7.581399e-01 -2.251493e-01
8.115160e-01 -7.580697e-01 -2.251690e-01
8.115263e-01 -7.580434e-01 -2.251764e-01
8.115291e-01 -7.580363e-01 -2.251785e-01
8.115295e-01 -7.580352e-01 -2.251788e-01
8.115296e-01 -7.580351e-01 -2.251788e-01
8.115308e-01 -7.580319e-01 -2.251797e-01
8.115394e-01 -7.580099e-01 -2.251859e-01
8.115709e-01 -7.579294e-01 -2.252086e-01
8.116547e-01 -7.577146e-01 -2.252691e-01
8.118383e-01 -7.572448e-01 -2.254014e-01
8.121899e-01 -7.563459e-01 -2.256547e-01
8.128014e-01 -7.547851e-01 -2.260944e-01
8.137899e-01 -7.522690e-01 -2.268031e-01
8.152987e-01 -7.484454e-01 -2.278800e-01
8.174968e-01 -7.429109e-01 -2.294382e-01
8.205780e-01 -7.352240e-01 -2.316016e-01
8.247587e-01 -7.249257e-01 -2.344981e-01
8.302747e-01 -7.115658e-01 -2.382524e-01
8.373776e-01 -6.947369e-01 -2.429757e-01
8.463297e-01 -6.741112e-01 -2.487542e-01
8.573988e-01 -6.494804e-01 -2.556375e-01
8.708525e-01 -6.207912e-01 -2.636263e-01
8.869516e-01 -5.881748e-01 -2.726632e-01
9.059434e-01 -5.519625e-01 -2.826255e-01
9.280559e-01 -5.126852e-01 -2.933240e-01
9.534907e-01 -4.710535e-01 -3.045061e-01
9.824170e-01 -4.279186e-01 -3.158664e-01
1.014966e+00 -3.842179e-01 -3.270615e-01
1.051227e+00 -3.409104e-01 -3.377297e-01
1.091241e+00 -2.989102e-01 -3.475135e-01
1.134999e+00 -2.590266e-01 -3.560814e-01
1.182440e+00 -2.219168e-01 -3.631478e-01
1.233448e+00 -1.880574e-01 -3.684895e-01
1.287854e+00 -1.577349e-01 -3.719564e-01
1.345437e+00 -1.310542e-01 -3.734763e-01
1.405925e+00 -1.079620e-01 -3.730544e-01
1.468998e+00 -8.827822e-02 -3.707675e-01
1.534295e+00 -7.173231e-02 -3.667541e-01
1.601419e+00 -5.799777e-02 -3.612014e-01
1.669940e+00 -4.672323e-02 -3.543309e-01
1.739407e+00 -3.755717e-02 -3.463844e-01
1.809349e+00 -3.016609e-02 -3.376100e-01
1.879292e+00 -2.424617e-02 -3.282510e-01
1.948758e+00 -1.952950e-02 -3.185362e-01
2.017280e+00 -1.578604e-02 -3.086736e-01
2.084403e+00 -1.282251e-02 -2.988457e-01
2.149701e+00 -1.047949e-02 -2.892077e-01
2.212774e+00 -8.627412e-03 -2.798870e-01
2.273262e+00 -7.162245e-03 -2.709842e-01
2.330845e+00 -6.001284e-03 -2.625753e-01
2.385251e+00 -5.079272e-03 -2.547140e-01
2.436259e+00 -4.345006e-03 -2.474346e-01
2.483700e+00 -3.758474e-03 -2.407551e-01
2.527458e+00 -3.288486e-03 -2.346796e-01
2.567472e+00 -2.910752e-03 -2.292011e-01
2.603732e+00 -2.606356e-03 -2.243034e-01
2.636282e+00 -2.360540e-03 -2.199634e-01
2.665208e+00 -2.161764e-03 -2.161525e-01
2.690643e+00 -2.000966e-03 -2.128384e-01
2.712755e+00 -1.870999e-03 -2.099854e-01
2.731747e+00 -1.766184e-03 -2.075564e-01
2.747846e+00 -1.681982e-03 -2.055130e-01
2.761300e+00 -1.614726e-03 -2.038164e-01
2.772369e+00 -1.561427e-03 -2.024281e-01
2.781321e+00 -1.519621e-03 -2.013104e-01
2.788424e+00 -1.487256e-03 -2.004267e-01
2.793940e+00 -1.462601e-03 -1.997424e-01
2.798121e+00 -1.444189e-03 -1.992250e-01
2.801202e+00 -1.430770e-03 -1.988442e-01
2.803400e+00 -1.421273e-03 -1.985729e-01
2.804909e+00 -1.414791e-03 -1.983869e-01
2.805897e+00 -1.410561e-03 -1.982650e-01
2.806509e+00 -1.407950e-03 -1.981897e-01
2.806861e+00 -1.406451e-03 -1.981464e-01
2.807044e+00 -1.405670e-03 -1.981238e-01
2.807128e+00 -1.405312e-03 -1.981135e-01
2.807159e+00 -1.405178e-03 -1.981096e-01
2.807168e+00 -1.405142e-03 -1.981085e-01
2.807169e+00 -1.405137e-03 -1.981084e-01
2.807169e+00 -1.405136e-03 -1.981083e-01
2.807174e+00 -1.405117e-03 -1.981078e-01
2.807204e+00 -1.404990e-03 -1.981041e-01
2.807313e+00 -1.404523e-03 -1.980906e-01
2.807606e+00 -1.403279e-03 -1.980546e-01
2.808246e+00 -1.400559e-03 -1.979757e-01
2.809473e+00 -1.395365e-03 -1.978248e-01
2.811606e+00 -1.386378e-03 -1.975625e-01
2.815055e+00 -1.371972e-03 -1.971391e-01
2.820318e+00 -1.350275e-03 -1.964940e-01
2.827987e+00 -1.319283e-03 -1.955571e-01
2.838736e+00 -1.277042e-03 -1.942495e-01
2.853321e+00 -1.221897e-03 -1.924858e-01
2.872564e+00 -1.152790e-03 -1.901775e-01
2.897343e+00 -1.069568e-03 -1.872366e-01
2.928573e+00 -9.732393e-04 -1.835806e-01
2.967189e+00 -8.661169e-04 -1.791383e-01
3.014123e+00 -7.517633e-04 -1.738555e-01
3.070287e+00 -6.347107e-04 -1.677020e-01
3.136542e+00 -5.199644e-04 -1.606767e-01
3.213683e+00 -4.123712e-04 -1.528129e-01
3.302415e+00 -3.159824e-04 -1.441811e-01
3.403327e+00 -2.335581e-04 -1.348885e-01
3.516879e+00 -1.663261e-04 -1.250768e-01
3.643378e+00 -1.140344e-04 -1.149153e-01
3.782971e+00 -7.525227e-05 -1.045915e-01
3.935625e+00 -4.781369e-05 -9.430032e-02
4.101127e+00 -2.927703e-05 -8.423119e-02
4.279073e+00 -1.730099e-05 -7.455701e-02
4.468875e+00 -9.885139e-06 -6.542444e-02
4.669759e+00 -5.472024e-06 -5.694733e-02
4.880776e+00 -2.941449e-06 -4.920351e-02
5.100813e+00 -1.540513e-06 -4.223495e-02
5.328610e+00 -7.907020e-07 -3.605075e-02
5.562778e+00 -4.012300e-07 -3.063216e-02
5.801821e+00 -2.025161e-07 -2.593874e-02
6.044160e+00 -1.007742e-07 -2.191482e-02
6.288163e+00 -4.799516e-08 -1.849558e-02
6.532165e+00 -2.144497e-08 -1.561227e-02
6.774505e+00 -9.925539e-09 -1.319632e-02
7.013547e+00 -6.265900e-09 -1.118237e-02
7.247715e+00 -5.098563e-09 -9.510245e-03
7.475513e+00 -3.391078e-09 -8.126004e-03
7.695550e+00 -8.440810e-10 -6.982377e-03
7.906566e+00  1.182804e-09 -6.038653e-03
8.107450e+00  1.519582e-09 -5.260283e-03
8.297252e+00  3.278411e-10 -4.618275e-03
8.475199e+00 -1.157855e-09 -4.088531e-03
8.640700e+00 -1.729214e-09 -3.651161e-03
8.793354e+00 -1.070970e-09 -3.289835e-03
8.932947e+00  2.114226e-10 -2.991195e-03
9.059447e+00  1.210187e-09 -2.744337e-03
9.172998e+00  1.373439e-09 -2.540365e-03
9.273910e+00  7.543854e-10 -2.372016e-03
9.362642e+00 -1.792223e-10 -2.233350e-03
9.439784e+00 -9.148309e-10 -2.119485e-03
9.506039e+00 -1.168270e-09 -2.026395e-03
9.562202e+00 -9.456758e-10 -1.950735e-03
9.609136e+00 -4.427922e-10 -1.889707e-03
9.647752e+00  1.035107e-10 -1.840949e-03
9.678982e+00  5.220557e-10 -1.802450e-03
9.703762e+00  7.432810e-10 -1.772485e-03
9.723005e+00  7.811126e-10 -1.749564e-03
9.737589e+00  6.931453e-10 -1.732391e-03
9.748339e+00  5.445202e-10 -1.719845e-03
9.756007e+00  3.865506e-10 -1.710950e-03
9.761270e+00  2.498688e-10 -1.704872e-03
9.764719e+00  1.468001e-10 -1.700902e-03
9.766852e+00  7.740080e-11 -1.698450e-03
9.768079e+00  3.548153e-11 -1.697043e-03
9.768719e+00  1.299821e-11 -1.696308e-03
9.769012e+00  2.587520e-12 -1.695973e-03
9.769122e+00 -1.340303e-12 -1.695847e-03
9.769151e+00 -2.410887e-12 -1.695812e-03
9.769156e+00 -2.568980e-12 -1.695807e-03
9.769157e+00 -2.574089e-12 -1.695807e-03
9.769176e+00 -2.573966e-12 -1.695785e-03
9.769305e+00 -2.573137e-12 -1.695636e-03
9.769782e+00 -2.570091e-12 -1.695090e-03
9.771053e+00 -2.561984e-12 -1.693634e-03
9.773833e+00 -2.544318e-12 -1.690453e-03
9.779159e+00 -2.510766e-12 -1.684378e-03
9.788423e+00 -2.453292e-12 -1.673863e-03
9.803397e+00 -2.362702e-12 -1.657007e-03
9.826253e+00 -2.229824e-12 -1.631609e-03
9.859551e+00 -2.047418e-12 -1.595314e-03
9.906227e+00 -1.812741e-12 -1.545809e-03
9.969557e+00 -1.530343e-12 -1.481120e-03
1.005312e+01 -1.214217e-12 -1.399945e-03
1.016071e+01 -8.880605e-13 -1.302019e-03
1.029632e+01 -5.824297e-13 -1.188416e-03
1.046400e+01 -3.283652e-13 -1.061721e-03
1.066781e+01 -1.486251e-13 -9.259859e-04
1.091168e+01 -4.958186e-14 -7.864273e-04
1.119938e+01 -1.788517e-14 -6.488712e-04
1.153435e+01 -2.492466e-14 -5.190366e-04
1.191965e+01 -3.854542e-14 -4.017981e-04
1.235784e+01 -3.688901e-14 -3.005948e-04
1.285091e+01 -1.673738e-14 -2.171174e-04
1.340020e+01  8.985843e-15 -1.513285e-04
1.400635e+01  2.323082e-14 -1.017747e-04
1.466922e+01  1.823676e-14 -6.607616e-05
1.538787e+01  8.309878e-16 -4.145214e-05
1.616056e+01 -1.392766e-14 -2.516424e-05
1.698474e+01 -1.514096e-14 -1.481226e-05
1.785703e+01 -4.126898e-15 -8.474860e-06
1.877332e+01  8.223855e-15 -4.726462e-06
1.972878e+01  1.172333e-14 -2.576981e-06
2.071794e+01  5.321059e-15 -1.377795e-06
2.173476e+01 -3.415416e-15 -7.249978e-07
2.277275e+01 -6.283388e-15 -3.773974e-07
2.382505e+01 -1.854361e-15 -1.956702e-07
2.488458e+01  4.291846e-15 -1.016266e-07
2.594410e+01  5.752235e-15 -5.283187e-08
2.699641e+01  1.364218e-15 -2.724395e-08
2.803440e+01 -4.384132e-15 -1.386639e-08
2.905122e+01 -6.157396e-15 -7.156704e-09
3.004038e+01 -2.671680e-15 -4.023230e-09
3.099584e+01  2.704824e-15 -2.559004e-09
3.191213e+01  5.488314e-15 -1.672410e-09
3.278442e+01  4.002073e-15 -9.367112e-10
3.360859e+01  3.041724e-16 -3.472847e-10
3.438128e+01 -2.080522e-15 -1.742339e-11
3.509994e+01 -1.171050e-15  3.195573e-11
3.576280e+01  2.213227e-15 -8.928960e-11
3.636895e+01  5.508736e-15 -2.235046e-10
3.691825e+01  6.476535e-15 -2.633398e-10
3.741132e+01  4.603530e-15 -1.924143e-10
3.784951e+01  1.085105e-15 -6.229094e-11
3.823481e+01 -2.207207e-15  5.820654e-11
3.856978e+01 -3.860395e-15  1.233372e-10
3.885747e+01 -3.487278e-15  1.238427e-10
3.910135e+01 -1.614423e-15  7.806870e-11
3.930515e+01  8.133418e-16  1.454075e-11
3.947283e+01  2.934718e-15 -4.247715e-11
3.960844e+01  4.253626e-15 -7.966797e-11
3.971604e+01  4.672342e-15 -9.446805e-11
3.979960e+01  4.369104e-15 -9.128651e-11
3.986293e+01  3.635248e-15 -7.720747e-11
3.990960e+01  2.748340e-15 -5.888882e-11
3.994290e+01  1.906952e-15 -4.106480e-11
3.996576e+01  1.217888e-15 -2.630218e-11
3.998073e+01  7.136516e-16 -1.543832e-11
3.999000e+01  3.798647e-16 -8.225447e-12
3.999532e+01  1.801623e-16 -3.903217e-12
3.999810e+01  7.359678e-17 -1.594900e-12
3.999937e+01  2.437561e-17 -5.283023e-13
3.999985e+01  5.824858e-18 -1.262501e-13
3.999998e+01  7.704519e-19 -1.669926e-14
4.000000e+01  2.413669e-20 -5.231549e-16
