376 8
 0 0 0 0 1 1 1 2
 2 2 2 2 6 6 5 10
 -4.800903e+02 -6.163955e+01 -8.347907e+00 -6.731164e-01 -5.560571e+01 -6.237922e+00 -2.511993e-01 -2.462343e+00
0.000000e+00  4.076382e+02  1.274260e+02 -5.087740e+01  1.697489e+01  3.753435e-05 -1.555808e-05  4.270824e-06 -1.672756e-06
3.278564e-09  4.076381e+02  1.274260e+02 -5.087739e+01  1.697488e+01  3.365121e-05 -1.399542e-05  3.843389e-06 -1.672750e-06
1.046582e-07  4.076367e+02  1.274256e+02 -5.087721e+01  1.697482e+01 -8.642316e-05  3.432503e-05 -9.373706e-06 -1.672584e-06
7.915214e-07  4.076269e+02  1.274225e+02 -5.087599e+01  1.697442e+01 -8.999346e-04  3.616991e-04 -9.892036e-05 -1.671841e-06
3.316517e-06  4.075909e+02  1.274112e+02 -5.087149e+01  1.697292e+01 -3.890337e-03  1.565100e-03 -4.280866e-04 -1.674792e-06
1.004733e-05  4.074949e+02  1.273812e+02 -5.085951e+01  1.696892e+01 -1.186049e-02  4.772455e-03 -1.305395e-03 -1.726301e-06
2.477810e-05  4.072848e+02  1.273155e+02 -5.083329e+01  1.696017e+01 -2.929705e-02  1.178929e-02 -3.224711e-03 -2.060439e-06
5.299135e-05  4.068828e+02  1.271898e+02 -5.078310e+01  1.694342e+01 -6.266749e-02  2.521826e-02 -6.897937e-03 -3.548426e-06
1.020609e-04  4.061846e+02  1.269715e+02 -5.069590e+01  1.691433e+01 -1.206281e-01  4.854283e-02 -1.327791e-02 -8.787814e-06
1.813877e-04  4.050584e+02  1.266190e+02 -5.055516e+01  1.686737e+01 -2.141179e-01  8.616506e-02 -2.356872e-02 -2.436609e-05
3.024627e-04  4.033456e+02  1.260826e+02 -5.034092e+01  1.679589e+01 -3.563092e-01  1.433857e-01 -3.922029e-02 -6.502665e-05
4.788527e-04  4.008633e+02  1.253042e+02 -5.003002e+01  1.669215e+01 -5.623847e-01  2.263144e-01 -6.190377e-02 -1.606132e-04
7.261078e-04  3.974096e+02  1.242194e+02 -4.959664e+01  1.654755e+01 -8.491098e-01  3.416974e-01 -9.346442e-02 -3.667047e-04
1.061591e-03  3.927715e+02  1.227592e+02 -4.901311e+01  1.635283e+01 -1.234178e+00  4.966531e-01 -1.358493e-01 -7.797075e-04
1.504231e-03  3.867353e+02  1.208531e+02 -4.825105e+01  1.609853e+01 -1.735316e+00  6.983115e-01 -1.910086e-01 -1.556775e-03
2.074209e-03  3.791001e+02  1.184323e+02 -4.728279e+01  1.577539e+01 -2.369163e+00  9.533594e-01 -2.607711e-01 -2.940249e-03
2.792580e-03  3.696934e+02  1.154348e+02 -4.608307e+01  1.537498e+01 -3.149951e+00  1.267507e+00 -3.466979e-01 -5.285345e-03
3.680838e-03  3.583870e+02  1.118093e+02 -4.463089e+01  1.489024e+01 -4.088077e+00  1.644904e+00 -4.499231e-01 -9.088662e-03
4.760448e-03  3.451137e+02  1.075206e+02 -4.291146e+01  1.431623e+01 -5.188653e+00  2.087546e+00 -5.709907e-01 -1.501387e-02
6.052333e-03  3.298814e+02  1.025540e+02 -4.091803e+01  1.365063e+01 -6.450196e+00  2.594731e+00 -7.097051e-01 -2.390992e-02
7.576358e-03  3.127825e+02  9.691890e+01 -3.865343e+01  1.289436e+01 -7.863592e+00  3.162625e+00 -8.650117e-01 -3.681662e-02
9.350803e-03  2.939991e+02  9.065176e+01 -3.613119e+01  1.205188e+01 -9.411521e+00  3.784000e+00 -1.034925e+00 -5.495256e-02
1.139185e-02  2.737989e+02  8.381661e+01 -3.337596e+01  1.113136e+01 -1.106846e+01  4.448212e+00 -1.216522e+00 -7.968153e-02
1.371307e-02  2.525253e+02  7.650400e+01 -3.042316e+01  1.014459e+01 -1.280136e+01  5.141442e+00 -1.406004e+00 -1.124559e-01
1.632504e-02  2.305784e+02  6.882767e+01 -2.731783e+01  9.106584e+00 -1.457099e+01  5.847226e+00 -1.598847e+00 -1.547377e-01
1.923484e-02  2.083918e+02  6.091940e+01 -2.411272e+01  8.034946e+00 -1.633393e+01  6.547233e+00 -1.790008e+00 -2.079033e-01
2.244580e-02  1.864045e+02  5.292216e+01 -2.086563e+01  6.949003e+00 -1.804498e+01  7.222250e+00 -1.974197e+00 -2.731370e-01
2.595722e-02  1.650343e+02  4.498240e+01 -1.763647e+01  5.868808e+00 -1.965982e+01  7.853287e+00 -2.146184e+00 -3.513274e-01
2.976415e-02  1.446522e+02  3.724216e+01 -1.448403e+01  4.814087e+00 -2.113767e+01  8.422683e+00 -2.301096e+00 -4.429739e-01
3.385735e-02  1.255640e+02  2.983161e+01 -1.146300e+01  3.803215e+00 -2.244363e+01  8.915139e+00 -2.434708e+00 -5.481173e-01
3.822326e-02  1.079976e+02  2.286286e+01 -8.621276e+00  2.852339e+00 -2.355056e+01  9.318554e+00 -2.543674e+00 -6.663021e-01
4.284407e-02  9.209867e+01  1.642544e+01 -5.998005e+00  1.974681e+00 -2.444028e+01  9.624607e+00 -2.625687e+00 -7.965742e-01
4.769797e-02  7.793328e+01  1.058363e+01 -3.622232e+00  1.180101e+00 -2.510402e+01  9.829042e+00 -2.679563e+00 -9.375164e-01
5.275935e-02  6.549628e+01  5.375869e+00 -1.512407e+00  4.749079e-01 -2.554222e+01  9.931648e+00 -2.705235e+00 -1.087318e+00
5.799924e-02  5.472376e+01  8.158992e-01  3.233929e-01 -1.380790e-01 -2.576361e+01  9.935964e+00 -2.703678e+00 -1.243867e+00
6.338567e-02  4.550753e+01 -3.104643e+00  1.886618e+00 -6.592544e-01 -2.578391e+01  9.848761e+00 -2.676765e+00 -1.404866e+00
6.888423e-02  3.770979e+01 -6.412590e+00  3.186916e+00 -1.091790e+00 -2.562414e+01  9.679371e+00 -2.627085e+00 -1.567946e+00
7.445863e-02  3.117657e+01 -9.149070e+00  4.240506e+00 -1.441098e+00 -2.530894e+01  9.438944e+00 -2.557736e+00 -1.730777e+00
8.007127e-02  2.574907e+01 -1.136523e+01  5.068449e+00 -1.714246e+00 -2.486482e+01  9.139704e+00 -2.472119e+00 -1.891172e+00
8.568391e-02  2.127238e+01 -1.311818e+01  5.694932e+00 -1.919383e+00 -2.431870e+01  8.794251e+00 -2.373744e+00 -2.047167e+00
9.125831e-02  1.760154e+01 -1.446747e+01  6.145717e+00 -2.065215e+00 -2.369664e+01  8.414960e+00 -2.266065e+00 -2.197076e+00
9.675688e-02  1.460538e+01 -1.547215e+01  6.446807e+00 -2.160549e+00 -2.302289e+01  8.013509e+00 -2.152340e+00 -2.339529e+00
1.021433e-01  1.216823e+01 -1.618853e+01  6.623382e+00 -2.213930e+00 -2.231922e+01  7.600514e+00 -2.035536e+00 -2.473482e+00
1.073832e-01  1.019040e+01 -1.666866e+01  6.699009e+00 -2.233365e+00 -2.160456e+01  7.185311e+00 -1.918260e+00 -2.598212e+00
1.124446e-01  8.587408e+00 -1.695932e+01  6.695111e+00 -2.226143e+00 -2.089481e+01  6.775835e+00 -1.802729e+00 -2.713293e+00
1.172985e-01  7.288779e+00 -1.710160e+01  6.630664e+00 -2.198724e+00 -2.020292e+01  6.378597e+00 -1.690760e+00 -2.818564e+00
1.219193e-01  6.236385e+00 -1.713080e+01  6.522088e+00 -2.156699e+00 -1.953902e+01  5.998738e+00 -1.583785e+00 -2.914089e+00
1.262852e-01  5.382759e+00 -1.707667e+01  6.383273e+00 -2.104797e+00 -1.891073e+01  5.640126e+00 -1.482878e+00 -3.000116e+00
1.303784e-01  4.689428e+00 -1.696381e+01  6.225711e+00 -2.046927e+00 -1.832340e+01  5.305494e+00 -1.388794e+00 -3.077036e+00
1.341853e-01  4.125391e+00 -1.681218e+01  6.058702e+00 -1.986247e+00 -1.778050e+01  4.996581e+00 -1.302008e+00 -3.145342e+00
1.376967e-01  3.665774e+00 -1.663765e+01  5.889580e+00 -1.925244e+00 -1.728388e+01  4.714288e+00 -1.222759e+00 -3.205598e+00
1.409077e-01  3.290673e+00 -1.645259e+01  5.723972e+00 -1.865816e+00 -1.683410e+01  4.458821e+00 -1.151092e+00 -3.258407e+00
1.438175e-01  2.984176e+00 -1.626640e+01  5.566040e+00 -1.809360e+00 -1.643065e+01  4.229825e+00 -1.086895e+00 -3.304387e+00
1.464295e-01  2.733564e+00 -1.608599e+01  5.418714e+00 -1.756852e+00 -1.607225e+01  4.026503e+00 -1.029932e+00 -3.344156e+00
1.487507e-01  2.528655e+00 -1.591625e+01  5.283907e+00 -1.708918e+00 -1.575694e+01  3.847717e+00 -9.798721e-01 -3.378313e+00
1.507917e-01  2.361272e+00 -1.576040e+01  5.162702e+00 -1.665902e+00 -1.548233e+01  3.692073e+00 -9.363164e-01 -3.407434e+00
1.525662e-01  2.224826e+00 -1.562035e+01  5.055518e+00 -1.627918e+00 -1.524569e+01  3.557997e+00 -8.988150e-01 -3.432063e+00
1.540902e-01  2.113978e+00 -1.549696e+01  4.962249e+00 -1.594907e+00 -1.504406e+01  3.443793e+00 -8.668859e-01 -3.452708e+00
1.553821e-01  2.024371e+00 -1.539028e+01  4.882391e+00 -1.566671e+00 -1.487433e+01  3.347689e+00 -8.400276e-01 -3.469843e+00
1.564617e-01  1.952421e+00 -1.529976e+01  4.815141e+00 -1.542912e+00 -1.473336e+01  3.267882e+00 -8.177314e-01 -3.483907e+00
1.573500e-01  1.895154e+00 -1.522441e+01  4.759485e+00 -1.523261e+00 -1.461796e+01  3.202571e+00 -7.994902e-01 -3.495305e+00
1.580683e-01  1.850077e+00 -1.516291e+01  4.714273e+00 -1.507307e+00 -1.452504e+01  3.149986e+00 -7.848067e-01 -3.504409e+00
1.586383e-01  1.815079e+00 -1.511377e+01  4.678278e+00 -1.494610e+00 -1.445156e+01  3.108414e+00 -7.732005e-01 -3.511560e+00
1.590810e-01  1.788361e+00 -1.507541e+01  4.650254e+00 -1.484728e+00 -1.439466e+01  3.076221e+00 -7.642145e-01 -3.517069e+00
1.594164e-01  1.768374e+00 -1.504623e+01  4.628975e+00 -1.477226e+00 -1.435162e+01  3.051877e+00 -7.574198e-01 -3.521219e+00
1.596637e-01  1.753787e+00 -1.502465e+01  4.613270e+00 -1.471691e+00 -1.431996e+01  3.033964e+00 -7.524208e-01 -3.524264e+00
1.598401e-01  1.743455e+00 -1.500923e+01  4.602056e+00 -1.467738e+00 -1.429739e+01  3.021201e+00 -7.488591e-01 -3.526429e+00
1.599612e-01  1.736399e+00 -1.499863e+01  4.594353e+00 -1.465024e+00 -1.428192e+01  3.012448e+00 -7.464166e-01 -3.527911e+00
1.600405e-01  1.731791e+00 -1.499168e+01  4.589304e+00 -1.463245e+00 -1.427178e+01  3.006717e+00 -7.448173e-01 -3.528881e+00
1.600896e-01  1.728947e+00 -1.498738e+01  4.586180e+00 -1.462144e+00 -1.426552e+01  3.003173e+00 -7.438284e-01 -3.529480e+00
1.601178e-01  1.727314e+00 -1.498490e+01  4.584383e+00 -1.461511e+00 -1.426191e+01  3.001135e+00 -7.432599e-01 -3.529824e+00
1.601325e-01  1.726462e+00 -1.498361e+01  4.583445e+00 -1.461180e+00 -1.426003e+01  3.000072e+00 -7.429631e-01 -3.530004e+00
1.601392e-01  1.726073e+00 -1.498302e+01  4.583017e+00 -1.461029e+00 -1.425917e+01  2.999586e+00 -7.428276e-01 -3.530086e+00
1.601418e-01  1.725927e+00 -1.498280e+01  4.582856e+00 -1.460973e+00 -1.425885e+01  2.999404e+00 -7.427767e-01 -3.530117e+00
1.601424e-01  1.725887e+00 -1.498274e+01  4.582812e+00 -1.460957e+00 -1.425876e+01  2.999354e+00 -7.427629e-01 -3.530125e+00
1.601425e-01  1.725881e+00 -1.498273e+01  4.582805e+00 -1.460955e+00 -1.425875e+01  2.999347e+00 -7.427608e-01 -3.530126e+00
1.601426e-01  1.725880e+00 -1.498273e+01  4.582804e+00 -1.460955e+00 -1.425875e+01  2.999345e+00 -7.427605e-01 -3.530126e+00
1.601430e-01  1.725857e+00 -1.498269e+01  4.582778e+00 -1.460945e+00 -1.425870e+01  2.999316e+00 -7.427522e-01 -3.530131e+00
1.601458e-01  1.725695e+00 -1.498245e+01  4.582600e+00 -1.460883e+00 -1.425834e+01  2.999114e+00 -7.426959e-01 -3.530165e+00
1.601560e-01  1.725101e+00 -1.498154e+01  4.581946e+00 -1.460652e+00 -1.425703e+01  2.998373e+00 -7.424890e-01 -3.530291e+00
1.601834e-01  1.723520e+00 -1.497914e+01  4.580202e+00 -1.460038e+00 -1.425354e+01  2.996396e+00 -7.419376e-01 -3.530624e+00
1.602433e-01  1.720064e+00 -1.497388e+01  4.576385e+00 -1.458693e+00 -1.424589e+01  2.992073e+00 -7.407312e-01 -3.531354e+00
1.603581e-01  1.713464e+00 -1.496380e+01  4.569071e+00 -1.456116e+00 -1.423126e+01  2.983795e+00 -7.384217e-01 -3.532750e+00
1.605577e-01  1.702046e+00 -1.494623e+01  4.556343e+00 -1.451632e+00 -1.420582e+01  2.969413e+00 -7.344090e-01 -3.535172e+00
1.608803e-01  1.683749e+00 -1.491777e+01  4.535742e+00 -1.444376e+00 -1.416477e+01  2.946197e+00 -7.279323e-01 -3.539071e+00
1.613728e-01  1.656203e+00 -1.487417e+01  4.504249e+00 -1.433286e+00 -1.410226e+01  2.910848e+00 -7.180721e-01 -3.544983e+00
1.620903e-01  1.616882e+00 -1.481033e+01  4.458259e+00 -1.417097e+00 -1.401149e+01  2.859535e+00 -7.037614e-01 -3.553512e+00
1.630960e-01  1.563339e+00 -1.472021e+01  4.393593e+00 -1.394345e+00 -1.388490e+01  2.787979e+00 -6.838106e-01 -3.565300e+00
1.644606e-01  1.493529e+00 -1.459685e+01  4.305515e+00 -1.363377e+00 -1.371432e+01  2.691590e+00 -6.569467e-01 -3.580984e+00
1.662611e-01  1.406192e+00 -1.443233e+01  4.188798e+00 -1.322376e+00 -1.349138e+01  2.565663e+00 -6.218691e-01 -3.601135e+00
1.685795e-01  1.301247e+00 -1.421791e+01  4.037833e+00 -1.269403e+00 -1.320790e+01  2.405636e+00 -5.773243e-01 -3.626183e+00
1.715015e-01  1.180113e+00 -1.394426e+01  3.846837e+00 -1.202477e+00 -1.285646e+01  2.207411e+00 -5.221993e-01 -3.656327e+00
1.751145e-01  1.045872e+00 -1.360188e+01  3.610178e+00 -1.119692e+00 -1.243108e+01  1.967742e+00 -4.556326e-01 -3.691442e+00
1.795059e-01  9.031803e-01 -1.318184e+01  3.322845e+00 -1.019385e+00 -1.192790e+01  1.684673e+00 -3.771404e-01 -3.730979e+00
1.847607e-01  7.578742e-01 -1.267682e+01  2.981083e+00 -9.003697e-01 -1.134591e+01  1.357986e+00 -2.867482e-01 -3.773886e+00
1.909597e-01  6.163149e-01 -1.208226e+01  2.583149e+00 -7.622020e-01 -1.068769e+01  9.896363e-01 -1.851155e-01 -3.818553e+00
1.981774e-01  4.845619e-01 -1.139776e+01  2.130107e+00 -6.054668e-01 -9.959817e+00  5.840890e-01 -7.363443e-02 -3.862797e+00
2.064794e-01  3.675613e-01 -1.062816e+01  1.626543e+00 -4.320306e-01 -9.173124e+00  1.484912e-01  4.551839e-02 -3.903911e+00
2.159211e-01  2.685359e-01 -9.784272e+00  1.081009e+00 -2.452018e-01 -8.342420e+00 -3.073952e-01  1.694012e-01 -3.938779e+00
2.265454e-01  1.887185e-01 -8.882838e+00  5.060522e-01 -4.973880e-02 -7.485805e+00 -7.715568e-01  2.944118e-01 -3.964054e+00
2.383811e-01  1.274729e-01 -7.945661e+00 -8.229051e-02  1.483330e-01 -6.623505e+00 -1.230399e+00  4.164827e-01 -3.976397e+00
2.514418e-01  8.273180e-02 -6.997901e+00 -6.655458e-01  3.421057e-01 -5.776358e+00 -1.669680e+00  5.313568e-01 -3.972751e+00
2.657247e-01  5.159936e-02 -6.065791e+00 -1.224301e+00  5.243375e-01 -4.964168e+00 -2.075605e+00  6.349122e-01 -3.950609e+00
2.812096e-01  3.094704e-02 -5.174158e+00 -1.739932e+00  6.880936e-01 -4.204149e+00 -2.435945e+00  7.234976e-01 -3.908253e+00
2.978589e-01  1.787157e-02 -4.344180e+00 -2.196298e+00  8.273804e-01 -3.509708e+00 -2.741007e+00  7.942294e-01 -3.844925e+00
3.156174e-01  9.959570e-03 -3.591764e+00 -2.581121e+00  9.376745e-01 -2.889732e+00 -2.984337e+00  8.452104e-01 -3.760900e+00
3.344127e-01  5.374141e-03 -2.926730e+00 -2.886865e+00  1.016269e+00 -2.348436e+00 -3.163047e+00  8.756404e-01 -3.657463e+00
3.541562e-01  2.819103e-03 -2.352856e+00 -3.111003e+00  1.062395e+00 -1.885725e+00 -3.277765e+00  8.858108e-01 -3.536795e+00
3.747436e-01  1.441634e-03 -1.868602e+00 -3.255713e+00  1.077124e+00 -1.497944e+00 -3.332231e+00  8.769911e-01 -3.401772e+00
3.960570e-01  7.178941e-04 -1.468294e+00 -3.327097e+00  1.063085e+00 -1.178837e+00 -3.332643e+00  8.512356e-01 -3.255728e+00
4.179666e-01  3.466754e-04 -1.143480e+00 -3.334129e+00  1.024063e+00 -9.205526e-01 -3.286867e+00  8.111422e-01 -3.102197e+00
4.403322e-01  1.631506e-04 -8.842393e-01 -3.287493e+00  9.645511e-01 -7.145494e-01 -3.203624e+00  7.596001e-01 -2.944671e+00
4.630064e-01  7.783126e-05 -6.802808e-01 -3.198493e+00  8.893159e-01 -5.523303e-01 -3.091765e+00  6.995579e-01 -2.786401e+00
4.858360e-01  4.041809e-05 -5.217499e-01 -3.078160e+00  8.030300e-01 -4.259591e-01 -2.959687e+00  6.338327e-01 -2.630252e+00
5.086657e-01  2.269155e-05 -3.997442e-01 -2.936584e+00  7.099927e-01 -3.283738e-01 -2.814921e+00  5.649719e-01 -2.478618e+00
5.313398e-01  1.133673e-05 -3.065712e-01 -2.782518e+00  6.139502e-01 -2.535268e-01 -2.663900e+00  4.951683e-01 -2.333392e+00
5.537055e-01  2.986791e-06 -2.358144e-01 -2.623188e+00  5.180047e-01 -1.963977e-01 -2.511867e+00  4.262219e-01 -2.195974e+00
5.756150e-01 -1.396920e-06 -1.822722e-01 -2.464284e+00  4.245955e-01 -1.529232e-01 -2.362901e+00  3.595398e-01 -2.067319e+00
5.969285e-01 -1.382342e-06 -1.418246e-01 -2.310069e+00  3.355337e-01 -1.198825e-01 -2.220015e+00  2.961618e-01 -1.947991e+00
6.175159e-01  1.092941e-06 -1.112691e-01 -2.163554e+00  2.520696e-01 -9.476470e-02 -2.085299e+00  2.368022e-01 -1.838228e+00
6.372593e-01  3.018306e-06 -8.815205e-02 -2.026707e+00  1.749775e-01 -7.563863e-02 -1.960072e+00  1.819000e-01 -1.738015e+00
6.560547e-01  2.620568e-06 -7.061438e-02 -1.900662e+00  1.046462e-01 -6.103391e-02 -1.845046e+00  1.316707e-01 -1.647137e+00
6.738132e-01  3.912422e-07 -5.725816e-02 -1.785916e+00  4.116488e-02 -4.983940e-02 -1.740462e+00  8.615456e-02 -1.565242e+00
6.904625e-01 -1.797350e-06 -4.703815e-02 -1.682495e+00 -1.559878e-02 -4.121979e-02 -1.646218e+00  4.526144e-02 -1.491876e+00
7.059474e-01 -2.398331e-06 -3.917592e-02 -1.590093e+00 -6.593295e-02 -3.454922e-02 -1.561969e+00  8.807604e-03 -1.426526e+00
7.202302e-01 -1.250212e-06 -3.309322e-02 -1.508185e+00 -1.102275e-01 -2.935959e-02 -1.487209e+00 -2.345333e-02 -1.368644e+00
7.332910e-01  6.077007e-07 -2.836076e-02 -1.436109e+00 -1.489314e-01 -2.530080e-02 -1.421331e+00 -5.180601e-02 -1.317672e+00
7.451267e-01  1.893367e-06 -2.465929e-02 -1.373130e+00 -1.825212e-01 -2.211061e-02 -1.363678e+00 -7.655468e-02 -1.273052e+00
7.557510e-01  1.943125e-06 -2.175039e-02 -1.318484e+00 -2.114772e-01 -1.959200e-02 -1.313570e+00 -9.800948e-02 -1.234238e+00
7.651927e-01  9.463294e-07 -1.945508e-02 -1.271408e+00 -2.362678e-01 -1.759627e-02 -1.270334e+00 -1.164768e-01 -1.200705e+00
7.734947e-01 -3.932057e-07 -1.763824e-02 -1.231162e+00 -2.573397e-01 -1.601063e-02 -1.233312e+00 -1.322530e-01 -1.171951e+00
7.807123e-01 -1.377139e-06 -1.619729e-02 -1.197038e+00 -2.751120e-01 -1.474902e-02 -1.201875e+00 -1.456201e-01 -1.147497e+00
7.869114e-01 -1.657145e-06 -1.505395e-02 -1.168365e+00 -2.899735e-01 -1.374531e-02 -1.175425e+00 -1.568443e-01 -1.126893e+00
7.921662e-01 -1.283938e-06 -1.414801e-02 -1.144516e+00 -3.022822e-01 -1.294826e-02 -1.153399e+00 -1.661748e-01 -1.109710e+00
7.965576e-01 -5.497325e-07 -1.343271e-02 -1.124903e+00 -3.123667e-01 -1.231780e-02 -1.135267e+00 -1.738434e-01 -1.095547e+00
8.001706e-01  2.165423e-07 -1.287131e-02 -1.108983e+00 -3.205269e-01 -1.182221e-02 -1.120535e+00 -1.800655e-01 -1.084028e+00
8.030926e-01  7.875080e-07 -1.243449e-02 -1.096249e+00 -3.270365e-01 -1.143607e-02 -1.108744e+00 -1.850403e-01 -1.074799e+00
8.054110e-01  1.077876e-06 -1.209854e-02 -1.086235e+00 -3.321446e-01 -1.113873e-02 -1.099465e+00 -1.889511e-01 -1.067531e+00
8.072115e-01  1.114547e-06 -1.184399e-02 -1.078512e+00 -3.360769e-01 -1.091319e-02 -1.092307e+00 -1.919661e-01 -1.061920e+00
8.085761e-01  9.806988e-07 -1.165471e-02 -1.072691e+00 -3.390372e-01 -1.074532e-02 -1.086909e+00 -1.942384e-01 -1.057687e+00
8.095818e-01  7.670229e-07 -1.151720e-02 -1.068418e+00 -3.412080e-01 -1.062327e-02 -1.082945e+00 -1.959061e-01 -1.054577e+00
8.102992e-01  5.436998e-07 -1.142012e-02 -1.065378e+00 -3.427508e-01 -1.053706e-02 -1.080125e+00 -1.970921e-01 -1.052365e+00
8.107917e-01  3.519989e-07 -1.135398e-02 -1.063296e+00 -3.438071e-01 -1.047829e-02 -1.078194e+00 -1.979044e-01 -1.050849e+00
8.111144e-01  2.080658e-07 -1.131086e-02 -1.061934e+00 -3.444980e-01 -1.043997e-02 -1.076930e+00 -1.984359e-01 -1.049857e+00
8.113140e-01  1.113897e-07 -1.128428e-02 -1.061092e+00 -3.449248e-01 -1.041634e-02 -1.076148e+00 -1.987643e-01 -1.049243e+00
8.114287e-01  5.307517e-08 -1.126902e-02 -1.060609e+00 -3.451701e-01 -1.040277e-02 -1.075700e+00 -1.989531e-01 -1.048891e+00
8.114887e-01  2.182148e-08 -1.126107e-02 -1.060356e+00 -3.452981e-01 -1.039570e-02 -1.075465e+00 -1.990516e-01 -1.048707e+00
8.115160e-01  7.355016e-09 -1.125743e-02 -1.060241e+00 -3.453566e-01 -1.039247e-02 -1.075358e+00 -1.990966e-01 -1.048623e+00
8.115263e-01  1.897847e-09 -1.125607e-02 -1.060197e+00 -3.453785e-01 -1.039126e-02 -1.075318e+00 -1.991135e-01 -1.048591e+00
8.115291e-01  4.104989e-10 -1.125570e-02 -1.060186e+00 -3.453845e-01 -1.039093e-02 -1.075307e+00 -1.991181e-01 -1.048583e+00
8.115295e-01  1.908655e-10 -1.125564e-02 -1.060184e+00 -3.453854e-01 -1.039088e-02 -1.075305e+00 -1.991187e-01 -1.048581e+00
8.115296e-01  1.837620e-10 -1.125564e-02 -1.060184e+00 -3.453855e-01 -1.039087e-02 -1.075305e+00 -1.991188e-01 -1.048581e+00
8.115308e-01  1.837550e-10 -1.125547e-02 -1.060178e+00 -3.453882e-01 -1.039072e-02 -1.075300e+00 -1.991209e-01 -1.048577e+00
8.115394e-01  1.837074e-10 -1.125433e-02 -1.060142e+00 -3.454064e-01 -1.038971e-02 -1.075267e+00 -1.991350e-01 -1.048551e+00
8.115709e-01  1.835327e-10 -1.125015e-02 -1.060010e+00 -3.454736e-01 -1.038600e-02 -1.075144e+00 -1.991867e-01 -1.048454e+00
8.116547e-01  1.830677e-10 -1.123901e-02 -1.059657e+00 -3.456527e-01 -1.037611e-02 -1.074816e+00 -1.993245e-01 -1.048197e+00
8.118383e-01  1.820536e-10 -1.121468e-02 -1.058884e+00 -3.460444e-01 -1.035450e-02 -1.074099e+00 -1.996260e-01 -1.047634e+00
8.121899e-01  1.801253e-10 -1.116823e-02 -1.057405e+00 -3.467937e-01 -1.031323e-02 -1.072726e+00 -2.002029e-01 -1.046556e+00
8.128014e-01  1.768151e-10 -1.108789e-02 -1.054837e+00 -3.480942e-01 -1.024185e-02 -1.070342e+00 -2.012045e-01 -1.044684e+00
8.137899e-01  1.715790e-10 -1.095923e-02 -1.050698e+00 -3.501894e-01 -1.012750e-02 -1.066499e+00 -2.028191e-01 -1.041665e+00
8.152987e-01  1.638548e-10 -1.076573e-02 -1.044407e+00 -3.533699e-01 -9.955441e-03 -1.060656e+00 -2.052723e-01 -1.037073e+00
8.174968e-01  1.531594e-10 -1.048994e-02 -1.035300e+00 -3.579662e-01 -9.710000e-03 -1.052195e+00 -2.088224e-01 -1.030419e+00
8.205780e-01  1.392218e-10 -1.011520e-02 -1.022652e+00 -3.643348e-01 -9.376132e-03 -1.040435e+00 -2.137514e-01 -1.021163e+00
8.247587e-01  1.221356e-10 -9.628067e-03 -1.005705e+00 -3.728385e-01 -8.941458e-03 -1.024665e+00 -2.203510e-01 -1.008735e+00
8.302747e-01  1.024899e-10 -9.021074e-03 -9.837233e-01 -3.838178e-01 -8.398706e-03 -1.004184e+00 -2.289045e-01 -9.925661e-01
8.373776e-01  8.142052e-11 -8.295526e-03 -9.560412e-01 -3.975574e-01 -7.748186e-03 -9.783516e-01 -2.396631e-01 -9.721227e-01
8.463297e-01  6.051732e-11 -7.463691e-03 -9.221359e-01 -4.142447e-01 -6.999780e-03 -9.466452e-01 -2.528183e-01 -9.469504e-01
8.573988e-01  4.155432e-11 -6.549661e-03 -8.816962e-01 -4.339268e-01 -6.173837e-03 -9.087267e-01 -2.684717e-01 -9.167186e-01
8.708525e-01  2.607429e-11 -5.588253e-03 -8.346928e-01 -4.564677e-01 -5.300403e-03 -8.645034e-01 -2.866054e-01 -8.812650e-01
8.869516e-01  1.495022e-11 -4.621687e-03 -7.814349e-01 -4.815127e-01 -4.416530e-03 -8.141817e-01 -3.070549e-01 -8.406348e-01
9.059434e-01  8.110296e-12 -3.694370e-03 -7.226059e-01 -5.084654e-01 -3.561886e-03 -7.583030e-01 -3.294907e-01 -7.951080e-01
9.280559e-01  4.593398e-12 -2.846756e-03 -6.592651e-01 -5.364868e-01 -2.773432e-03 -6.977511e-01 -3.534114e-01 -7.452101e-01
9.534907e-01  2.968389e-12 -2.109707e-03 -5.928084e-01 -5.645193e-01 -2.080373e-03 -6.337267e-01 -3.781529e-01 -6.917023e-01
9.824170e-01  1.947745e-12 -1.500772e-03 -5.248863e-01 -5.913410e-01 -1.500587e-03 -5.676838e-01 -4.029163e-01 -6.355483e-01
1.014966e+00  8.777091e-13 -1.023242e-03 -4.572827e-01 -6.156471e-01 -1.039385e-03 -5.012325e-01 -4.268129e-01 -5.778610e-01
1.051227e+00 -1.760823e-13 -6.680119e-04 -3.917702e-01 -6.361516e-01 -6.907176e-04 -4.360175e-01 -4.489251e-01 -5.198313e-01
1.091241e+00 -7.843752e-13 -4.174114e-04 -3.299617e-01 -6.516981e-01 -4.402432e-04 -3.735894e-01 -4.683739e-01 -4.626494e-01
1.134999e+00 -6.835240e-13 -2.497258e-04 -2.731806e-01 -6.613635e-01 -2.692121e-04 -3.152845e-01 -4.843884e-01 -4.074264e-01
1.182440e+00 -8.110142e-14 -1.432137e-04 -2.223698e-01 -6.645403e-01 -1.581085e-04 -2.621339e-01 -4.963643e-01 -3.551258e-01
1.233448e+00  4.815594e-13 -7.887553e-05 -1.780520e-01 -6.609851e-01 -8.933028e-05 -2.148111e-01 -5.039069e-01 -3.065137e-01
1.287854e+00  5.650373e-13 -4.180241e-05 -1.403422e-01 -6.508280e-01 -4.864833e-05 -1.736229e-01 -5.068526e-01 -2.621311e-01
1.345437e+00  1.734614e-13 -2.133962e-05 -1.090033e-01 -6.345434e-01 -2.557797e-05 -1.385410e-01 -5.052677e-01 -2.222888e-01
1.405925e+00 -2.956206e-13 -1.048870e-05 -8.353156e-02 -6.128882e-01 -1.299936e-05 -1.092618e-01 -4.994257e-01 -1.870828e-01
1.468998e+00 -4.319979e-13 -4.973964e-06 -6.325126e-02 -5.868201e-01 -6.405245e-06 -8.528256e-02 -4.897698e-01 -1.564247e-01
1.534295e+00 -1.683266e-13 -2.312810e-06 -4.740582e-02 -5.574072e-01 -3.091853e-06 -6.597994e-02 -4.768648e-01 -1.300814e-01
1.601419e+00  2.028667e-13 -1.097169e-06 -3.523288e-02 -5.257401e-01 -1.493503e-06 -5.068092e-02 -4.613457e-01 -1.077161e-01
1.669940e+00  3.343244e-13 -5.449752e-07 -2.601885e-02 -4.928584e-01 -7.323377e-07 -3.871943e-02 -4.438697e-01 -8.892997e-02
1.739407e+00  1.422154e-13 -2.593929e-07 -1.913213e-02 -4.596937e-01 -3.498049e-07 -2.947624e-02 -4.250744e-01 -7.329591e-02
1.809349e+00 -1.533450e-13 -8.627113e-08 -1.403824e-02 -4.270347e-01 -1.416611e-07 -2.240276e-02 -4.055460e-01 -6.038735e-02
1.879292e+00 -2.687372e-13  4.216281e-09 -1.030114e-02 -3.955110e-01 -3.690317e-08 -1.703147e-02 -3.857988e-01 -4.979838e-02
1.948758e+00 -1.225580e-13  1.731557e-08 -7.575725e-03 -3.655930e-01 -7.110157e-09 -1.297628e-02 -3.662640e-01 -4.115707e-02
2.017280e+00  1.188655e-13 -1.529586e-08 -5.595633e-03 -3.376039e-01 -1.914915e-08 -9.926614e-03 -3.472871e-01 -3.413271e-02
2.084403e+00  2.257702e-13 -4.362860e-08 -4.159493e-03 -3.117381e-01 -3.372657e-08 -7.637914e-03 -3.291313e-01 -2.843828e-02
2.149701e+00  1.185973e-13 -3.610491e-08 -3.117627e-03 -2.880842e-01 -2.670582e-08 -5.920980e-03 -3.119856e-01 -2.382952e-02
2.212774e+00 -8.373020e-14 -3.359984e-10 -2.360275e-03 -2.666474e-01 -1.669896e-09 -4.631504e-03 -2.959746e-01 -2.010191e-02
2.273262e+00 -1.957486e-13  3.117851e-08 -1.807777e-03 -2.473712e-01  2.021683e-08 -3.660641e-03 -2.811690e-01 -1.708647e-02
2.330845e+00 -1.324698e-13  3.327392e-08 -1.402739e-03 -2.301560e-01  2.217664e-08 -2.926991e-03 -2.675969e-01 -1.464503e-02
2.385251e+00  3.589016e-14  8.057839e-09 -1.104006e-03 -2.148744e-01  5.537293e-09 -2.370041e-03 -2.552531e-01 -1.266562e-02
2.436259e+00  1.648519e-13 -2.128985e-08 -8.821425e-04 -2.013838e-01 -1.417044e-08 -1.944977e-03 -2.441077e-01 -1.105801e-02
2.483700e+00  1.598760e-13 -3.217155e-08 -7.161156e-04 -1.895351e-01 -2.166441e-08 -1.618684e-03 -2.341130e-01 -9.749897e-03
2.527458e+00  3.822693e-14 -1.921135e-08 -5.908890e-04 -1.791796e-01 -1.315320e-08 -1.366697e-03 -2.252093e-01 -8.683450e-03
2.567472e+00 -1.035895e-13  5.457914e-09 -4.956908e-04 -1.701732e-01  3.352209e-09 -1.170928e-03 -2.173295e-01 -7.812532e-03
2.603732e+00 -1.705711e-13  2.424491e-08 -4.227736e-04 -1.623794e-01  1.606439e-08 -1.017968e-03 -2.104023e-01 -7.100342e-03
2.636282e+00 -1.300865e-13  2.670993e-08 -3.665336e-04 -1.556709e-01  1.790410e-08 -8.978448e-04 -2.043547e-01 -6.517504e-03
2.665208e+00 -1.814537e-14  1.417102e-08 -3.228891e-04 -1.499301e-01  9.657390e-09 -8.031010e-04 -1.991136e-01 -6.040526e-03
2.690643e+00  9.709658e-14 -4.146320e-09 -2.888453e-04 -1.450489e-01 -2.551166e-09 -7.281317e-04 -1.946076e-01 -5.650560e-03
2.712755e+00  1.596973e-13 -1.831191e-08 -2.621887e-04 -1.409288e-01 -1.207124e-08 -6.686942e-04 -1.907670e-01 -5.332411e-03
2.731747e+00  1.504603e-13 -2.293180e-08 -2.412706e-04 -1.374796e-01 -1.525554e-08 -6.215523e-04 -1.875247e-01 -5.073755e-03
2.747846e+00  8.525874e-14 -1.826763e-08 -2.248517e-04 -1.346192e-01 -1.223623e-08 -5.842157e-04 -1.848167e-01 -4.864525e-03
2.761300e+00 -2.538698e-15 -8.224510e-09 -2.119908e-04 -1.322727e-01 -5.596314e-09 -5.547482e-04 -1.825819e-01 -4.696428e-03
2.772369e+00 -8.107866e-14  2.550282e-09 -2.019629e-04 -1.303717e-01  1.567024e-09 -5.316266e-04 -1.807622e-01 -4.562567e-03
2.781321e+00 -1.312765e-13  1.073230e-08 -1.942019e-04 -1.288534e-01  7.027874e-09 -5.136375e-04 -1.793030e-01 -4.457154e-03
2.788424e+00 -1.487045e-13  1.499731e-08 -1.882582e-04 -1.276609e-01  9.891482e-09 -4.998008e-04 -1.781532e-01 -4.375282e-03
2.793940e+00 -1.393843e-13  1.565055e-08 -1.837696e-04 -1.267422e-01  1.035177e-08 -4.893145e-04 -1.772650e-01 -4.312757e-03
2.798121e+00 -1.138113e-13  1.384143e-08 -1.804403e-04 -1.260501e-01  9.169160e-09 -4.815146e-04 -1.765947e-01 -4.265974e-03
2.801202e+00 -8.218235e-14  1.085683e-08 -1.780260e-04 -1.255424e-01  7.198866e-09 -4.758462e-04 -1.761022e-01 -4.231824e-03
2.803400e+00 -5.188247e-14  7.705532e-09 -1.763240e-04 -1.251814e-01  5.112748e-09 -4.718436e-04 -1.757516e-01 -4.207632e-03
2.804909e+00 -2.693981e-14  4.987056e-09 -1.751654e-04 -1.249342e-01  3.310878e-09 -4.691158e-04 -1.755114e-01 -4.191108e-03
2.805897e+00 -8.633585e-15  2.940359e-09 -1.744106e-04 -1.247724e-01  1.953368e-09 -4.673372e-04 -1.753541e-01 -4.180318e-03
2.806509e+00  3.505339e-15  1.563474e-09 -1.739454e-04 -1.246725e-01  1.039781e-09 -4.662405e-04 -1.752569e-01 -4.173657e-03
2.806861e+00  1.077508e-14  7.322025e-10 -1.736785e-04 -1.246151e-01  4.881017e-10 -4.656110e-04 -1.752011e-01 -4.169832e-03
2.807044e+00  1.465642e-14  2.864679e-10 -1.735393e-04 -1.245851e-01  1.922541e-10 -4.652827e-04 -1.751719e-01 -4.167836e-03
2.807128e+00  1.644962e-14  8.010100e-11 -1.734757e-04 -1.245714e-01  5.527465e-11 -4.651328e-04 -1.751586e-01 -4.166925e-03
2.807159e+00  1.712553e-14  2.245563e-12 -1.734519e-04 -1.245663e-01  3.595625e-12 -4.650766e-04 -1.751536e-01 -4.166583e-03
2.807168e+00  1.730970e-14 -1.897463e-11 -1.734454e-04 -1.245649e-01 -1.049007e-11 -4.650613e-04 -1.751522e-01 -4.166490e-03
2.807169e+00  1.733689e-14 -2.210819e-11 -1.734445e-04 -1.245647e-01 -1.257009e-11 -4.650590e-04 -1.751520e-01 -4.166476e-03
2.807169e+00  1.733773e-14 -2.220951e-11 -1.734443e-04 -1.245646e-01 -1.263734e-11 -4.650587e-04 -1.751520e-01 -4.166474e-03
2.807174e+00  1.733658e-14 -2.220851e-11 -1.734410e-04 -1.245639e-01 -1.263680e-11 -4.650508e-04 -1.751513e-01 -4.166426e-03
2.807204e+00  1.732881e-14 -2.220175e-11 -1.734184e-04 -1.245590e-01 -1.263308e-11 -4.649975e-04 -1.751466e-01 -4.166102e-03
2.807313e+00  1.730026e-14 -2.217691e-11 -1.733352e-04 -1.245411e-01 -1.261941e-11 -4.648015e-04 -1.751291e-01 -4.164910e-03
2.807606e+00  1.722432e-14 -2.211082e-11 -1.731138e-04 -1.244934e-01 -1.258305e-11 -4.642794e-04 -1.750827e-01 -4.161733e-03
2.808246e+00  1.705895e-14 -2.196675e-11 -1.726303e-04 -1.243889e-01 -1.250378e-11 -4.631388e-04 -1.749810e-01 -4.154790e-03
2.809473e+00  1.674534e-14 -2.169305e-11 -1.717080e-04 -1.241892e-01 -1.235316e-11 -4.609621e-04 -1.747865e-01 -4.141525e-03
2.811606e+00  1.620961e-14 -2.122389e-11 -1.701155e-04 -1.238424e-01 -1.209491e-11 -4.572007e-04 -1.744487e-01 -4.118556e-03
2.815055e+00  1.536912e-14 -2.048362e-11 -1.675721e-04 -1.232839e-01 -1.168720e-11 -4.511849e-04 -1.739039e-01 -4.081698e-03
2.820318e+00  1.414546e-14 -1.939593e-11 -1.637631e-04 -1.224361e-01 -1.108766e-11 -4.421557e-04 -1.730755e-01 -4.026088e-03
2.827987e+00  1.248508e-14 -1.789896e-11 -1.583679e-04 -1.212110e-01 -1.026148e-11 -4.293246e-04 -1.718753e-01 -3.946449e-03
2.838736e+00  1.038630e-14 -1.596567e-11 -1.511023e-04 -1.195137e-01 -9.192500e-12 -4.119646e-04 -1.702063e-01 -3.837505e-03
2.853321e+00  7.927488e-15 -1.362648e-11 -1.417732e-04 -1.172475e-01 -7.895530e-12 -3.895301e-04 -1.679663e-01 -3.694562e-03
2.872564e+00  5.285775e-15 -1.098731e-11 -1.303389e-04 -1.143210e-01 -6.426370e-12 -3.617939e-04 -1.650540e-01 -3.514211e-03
2.897343e+00  2.732088e-15 -8.233583e-12 -1.169624e-04 -1.106569e-01 -4.884360e-12 -3.289771e-04 -1.613751e-01 -3.295094e-03
2.928573e+00  5.891503e-16 -5.610143e-12 -1.020425e-04 -1.062012e-01 -3.402163e-12 -2.918382e-04 -1.568507e-01 -3.038593e-03
2.967189e+00 -8.501937e-16 -3.373078e-12 -8.620317e-05 -1.009330e-01 -2.120346e-12 -2.516839e-04 -1.514254e-01 -2.749292e-03
3.014123e+00 -1.426871e-15 -1.720905e-12 -7.023306e-05 -9.487289e-02 -1.150630e-12 -2.102744e-04 -1.450763e-01 -2.435043e-03
3.070287e+00 -1.200971e-15 -7.278141e-13 -5.497677e-05 -8.808841e-02 -5.396357e-13 -1.696176e-04 -1.378196e-01 -2.106519e-03
3.136542e+00 -4.668304e-16 -3.110192e-13 -4.120026e-05 -8.069590e-02 -2.501204e-13 -1.316859e-04 -1.297159e-01 -1.776239e-03
3.213683e+00  3.362541e-16 -2.580022e-13 -2.946570e-05 -7.285653e-02 -1.737054e-13 -9.811817e-05 -1.208716e-01 -1.457185e-03
3.302415e+00  8.010487e-16 -3.133102e-13 -2.005303e-05 -6.476698e-02 -1.754848e-13 -6.998540e-05 -1.114362e-01 -1.161247e-03
3.403327e+00  7.384008e-16 -2.883978e-13 -1.295123e-05 -5.664492e-02 -1.518994e-13 -4.768459e-05 -1.015955e-01 -8.978254e-04
3.516879e+00  2.635311e-16 -1.351964e-13 -7.916106e-06 -4.871114e-02 -7.087489e-14 -3.098083e-05 -9.155981e-02 -6.728790e-04
3.643378e+00 -2.863088e-16  6.275020e-14 -4.566625e-06 -4.117077e-02  3.048210e-14 -1.916894e-05 -8.154995e-02 -4.886017e-04
3.782971e+00 -5.689469e-16  1.778846e-13 -2.482738e-06 -3.419646e-02  8.968462e-14 -1.129035e-05 -7.178148e-02 -3.437376e-04
3.935625e+00 -4.542822e-16  1.454233e-13 -1.276631e-06 -2.791608e-02  7.395268e-14 -6.337515e-06 -6.244989e-02 -2.343836e-04
4.101127e+00 -9.108378e-17  1.255720e-14 -6.299521e-07 -2.240642e-02  6.729838e-15 -3.402118e-06 -5.371834e-02 -1.550333e-04
4.279073e+00  2.252744e-16 -1.045270e-13 -3.055928e-07 -1.769355e-02 -5.304841e-14 -1.755469e-06 -4.570935e-02 -9.960482e-05
4.468875e+00  2.821072e-16 -1.172018e-13 -1.457862e-07 -1.375856e-02 -5.988449e-14 -8.717190e-07 -3.850130e-02 -6.226324e-05
4.669759e+00  9.618269e-17 -3.235259e-14 -6.188731e-08 -1.054740e-02 -1.680055e-14 -4.109247e-07 -3.212925e-02 -3.794738e-05
4.880776e+00 -1.324059e-16  6.410173e-14 -1.592128e-08 -7.982325e-03  3.254718e-14 -1.774070e-07 -2.658962e-02 -2.260441e-05
5.100813e+00 -2.067287e-16  8.878455e-14  3.632127e-09 -5.973259e-03  4.538862e-14 -6.822742e-08 -2.184730e-02 -1.319791e-05
5.328610e+00 -9.280148e-17  3.189822e-14  3.342865e-09 -4.427458e-03  1.641238e-14 -2.747874e-08 -1.784402e-02 -7.578075e-06
5.562778e+00  7.865890e-17 -4.377196e-14 -5.509051e-09 -3.256769e-03 -2.239161e-14 -1.857869e-08 -1.450678e-02 -4.294949e-06
5.801821e+00  1.507388e-16 -6.791428e-14 -1.042898e-08 -2.382258e-03 -3.490824e-14 -1.628186e-08 -1.175530e-02 -2.411486e-06
6.044160e+00  8.034741e-17 -2.647674e-14 -6.054968e-09 -1.736505e-03 -1.372797e-14 -8.878998e-09 -9.508234e-03 -1.345315e-06
6.288163e+00 -4.343314e-17  3.338500e-14  3.033041e-09 -1.264107e-03  1.706883e-14  1.863137e-09 -7.687682e-03 -7.474446e-07
6.532165e+00 -1.007561e-16  5.442074e-14  8.176441e-09 -9.209758e-04  2.801755e-14  8.081404e-09 -6.222184e-03 -4.150313e-07
6.774505e+00 -5.293666e-17  2.257511e-14  5.238270e-09 -6.729648e-04  1.171902e-14  5.593671e-09 -5.048373e-03 -2.321109e-07
7.013547e+00  3.711962e-17 -2.633510e-14 -2.141093e-09 -4.942132e-04 -1.353283e-14 -1.958233e-09 -4.111574e-03 -1.322461e-07
7.247715e+00  7.897587e-17 -4.588773e-14 -6.822248e-09 -3.654926e-04 -2.380807e-14 -7.075331e-09 -3.365651e-03 -7.717138e-08
7.475513e+00  4.060037e-17 -2.200111e-14 -4.984814e-09 -2.727104e-04 -1.167285e-14 -5.464020e-09 -2.772373e-03 -4.549306e-08
7.695550e+00 -3.252462e-17  1.927221e-14  1.011236e-09 -2.056514e-04  9.630531e-15  7.151522e-10 -2.300524e-03 -2.632573e-08
7.906566e+00 -7.004594e-17  4.015959e-14  5.580159e-09 -1.569746e-04  2.066087e-14  5.688644e-09 -1.924923e-03 -1.479638e-08
8.107450e+00 -4.213759e-17  2.500619e-14  5.103749e-09 -1.214395e-04  1.319223e-14  5.490172e-09 -1.625446e-03 -8.592539e-09
8.297252e+00  2.073447e-17 -1.006986e-14  5.662547e-10 -9.532365e-05 -4.685718e-15  9.077202e-10 -1.386135e-03 -5.897026e-09
8.475199e+00  6.147704e-17 -3.508264e-14 -4.016358e-09 -7.598877e-05 -1.763623e-14 -3.962972e-09 -1.194399e-03 -4.859665e-09
8.640700e+00  4.549299e-17 -3.175648e-14 -5.219199e-09 -6.156332e-05 -1.618662e-14 -5.457608e-09 -1.040344e-03 -4.020076e-09
8.793354e+00 -1.653301e-17 -5.265310e-15 -2.618113e-09 -5.071441e-05 -2.832467e-15 -2.958575e-09 -9.162110e-04 -2.773384e-09
8.932947e+00 -8.360000e-17  2.358646e-14  1.516745e-09 -4.248808e-05  1.187185e-14  1.292532e-09 -8.159187e-04 -1.328705e-09
9.059447e+00 -1.174075e-16  3.546716e-14  4.324995e-09 -3.619894e-05  1.803160e-14  4.324569e-09 -7.347003e-04 -2.254903e-10
9.172998e+00 -1.060253e-16  2.474201e-14  4.317660e-09 -3.135330e-05  1.269334e-14  4.505212e-09 -6.688137e-04  1.822002e-10
9.273910e+00 -6.507392e-17  4.309872e-17  1.944178e-09 -2.759467e-05  1.890592e-16  2.199579e-09 -6.153142e-04 -5.464256e-11
9.362642e+00 -2.210744e-17 -2.387144e-14 -1.164465e-09 -2.466408e-05 -1.198654e-14 -9.609873e-10 -5.718752e-04 -5.902658e-10
9.439784e+00  1.319765e-18 -3.548190e-14 -3.393052e-09 -2.237138e-05 -1.795225e-14 -3.306303e-09 -5.366492e-04 -1.040531e-09
9.506039e+00 -1.077268e-18 -3.139720e-14 -3.945926e-09 -2.057487e-05 -1.595132e-14 -3.977607e-09 -5.081594e-04 -1.181518e-09
9.562202e+00 -2.178546e-17 -1.565473e-14 -2.963358e-09 -1.916741e-05 -8.012848e-15 -3.075107e-09 -4.852160e-04 -9.997429e-10
9.609136e+00 -4.711270e-17  4.228264e-15 -1.150608e-09 -1.806689e-05  2.050695e-15 -1.293928e-09 -4.668521e-04 -6.235469e-10
9.647752e+00 -6.494335e-17  2.134714e-14  7.066749e-10 -1.720985e-05  1.072757e-14  5.698677e-10 -4.522738e-04 -2.169026e-10
9.678982e+00 -6.899910e-17  3.174004e-14  2.070081e-09 -1.654680e-05  1.599757e-14  1.960343e-09 -4.408226e-04  9.896692e-11
9.703762e+00 -5.916033e-17  3.468323e-14  2.743388e-09 -1.603876e-05  1.748675e-14  2.666153e-09 -4.319467e-04  2.735255e-10
9.723005e+00 -3.936343e-17  3.169927e-14  2.799280e-09 -1.565466e-05  1.596521e-14  2.750936e-09 -4.251791e-04  3.155336e-10
9.737589e+00 -1.493424e-17  2.522319e-14  2.444083e-09 -1.536934e-05  1.266904e-14  2.417576e-09 -4.201215e-04  2.653216e-10
9.748339e+00  9.421614e-18  1.756057e-14  1.900129e-09 -1.516213e-05  8.769922e-15  1.888458e-09 -4.164331e-04  1.691307e-10
9.756007e+00  3.058456e-17  1.035277e-14  1.338430e-09 -1.501584e-05  5.102411e-15  1.336119e-09 -4.138219e-04  6.372900e-11
9.761270e+00  4.712143e-17  4.474935e-15  8.588641e-10 -1.491615e-05  2.111629e-15  8.621607e-10 -4.120391e-04 -2.865579e-11
9.764719e+00  5.890335e-17  1.837516e-16  4.998092e-10 -1.485115e-05 -7.184729e-17  5.063433e-10 -4.108753e-04 -9.878162e-11
9.766852e+00  6.658302e-17 -2.653115e-15  2.590154e-10 -1.481106e-05 -1.515338e-15  2.673579e-10 -4.101570e-04 -1.461691e-10
9.768079e+00  7.113772e-17 -4.349143e-15  1.138941e-10 -1.478805e-05 -2.378338e-15  1.232044e-10 -4.097446e-04 -1.748489e-10
9.768719e+00  7.355683e-17 -5.253824e-15  3.615135e-11 -1.477605e-05 -2.838675e-15  4.594530e-11 -4.095295e-04 -1.902472e-10
9.769012e+00  7.467162e-17 -5.671604e-15  1.743348e-13 -1.477057e-05 -3.051257e-15  1.018420e-11 -4.094312e-04 -1.973808e-10
9.769122e+00  7.509136e-17 -5.829047e-15 -1.339596e-11 -1.476852e-05 -3.131370e-15 -3.305924e-12 -4.093943e-04 -2.000728e-10
9.769151e+00  7.520568e-17 -5.871943e-15 -1.709442e-11 -1.476796e-05 -3.153197e-15 -6.982651e-12 -4.093843e-04 -2.008066e-10
9.769156e+00  7.522256e-17 -5.878277e-15 -1.764056e-11 -1.476788e-05 -3.156420e-15 -7.525585e-12 -4.093828e-04 -2.009150e-10
9.769157e+00  7.522298e-17 -5.878468e-15 -1.765819e-11 -1.476786e-05 -3.156518e-15 -7.543131e-12 -4.093826e-04 -2.009182e-10
9.769176e+00  7.521923e-17 -5.878041e-15 -1.765717e-11 -1.476751e-05 -3.156322e-15 -7.542721e-12 -4.093762e-04 -2.009099e-10
9.769305e+00  7.519380e-17 -5.875149e-15 -1.765026e-11 -1.476511e-05 -3.154992e-15 -7.539944e-12 -4.093326e-04 -2.008536e-10
9.769782e+00  7.510039e-17 -5.864528e-15 -1.762489e-11 -1.475629e-05 -3.150106e-15 -7.529743e-12 -4.091727e-04 -2.006468e-10
9.771053e+00  7.485197e-17 -5.836280e-15 -1.755740e-11 -1.473280e-05 -3.137107e-15 -7.502603e-12 -4.087467e-04 -2.000964e-10
9.773833e+00  7.431120e-17 -5.774792e-15 -1.741038e-11 -1.468153e-05 -3.108779e-15 -7.443475e-12 -4.078159e-04 -1.988965e-10
9.779159e+00  7.328660e-17 -5.658296e-15 -1.713142e-11 -1.458382e-05 -3.054990e-15 -7.331255e-12 -4.060392e-04 -1.966160e-10
9.788423e+00  7.153885e-17 -5.459607e-15 -1.665438e-11 -1.441540e-05 -2.962884e-15 -7.139250e-12 -4.029678e-04 -1.927044e-10
9.803397e+00  6.880329e-17 -5.148737e-15 -1.590466e-11 -1.414719e-05 -2.817810e-15 -6.837225e-12 -3.980522e-04 -1.865255e-10
9.826253e+00  6.483407e-17 -4.698109e-15 -1.481005e-11 -1.374729e-05 -2.605288e-15 -6.395635e-12 -3.906667e-04 -1.774304e-10
9.859551e+00  5.947160e-17 -4.090721e-15 -1.331815e-11 -1.318459e-05 -2.314235e-15 -5.792440e-12 -3.801550e-04 -1.648783e-10
9.906227e+00  5.272448e-17 -3.330629e-15 -1.141931e-11 -1.243395e-05 -1.941397e-15 -5.022143e-12 -3.659012e-04 -1.486002e-10
9.969557e+00  4.484149e-17 -2.453385e-15 -9.170831e-12 -1.148269e-05 -1.496360e-15 -4.105414e-12 -3.474237e-04 -1.287824e-10
1.005312e+01  3.633221e-17 -1.531994e-15 -6.713927e-12 -1.033716e-05 -1.005758e-15 -3.096027e-12 -3.244838e-04 -1.062176e-10
1.016071e+01  2.789050e-17 -6.725690e-16 -4.271538e-12 -9.027838e-06 -5.144764e-16 -2.080523e-12 -2.971912e-04 -8.234800e-11
1.029632e+01  2.019912e-17  5.109545e-18 -2.116195e-12 -7.610537e-06 -8.133753e-17 -1.166348e-12 -2.660817e-04 -5.912368e-11
1.046400e+01  1.365812e-17  4.019054e-16 -5.053889e-13 -6.161881e-06  2.324428e-16 -4.572804e-13 -2.321377e-04 -3.864100e-11
1.066781e+01  8.165437e-18  4.794972e-16  4.020103e-13 -4.768527e-06  3.812821e-16 -2.111657e-14 -1.967291e-04 -2.261508e-11
1.091168e+01  3.130474e-18  2.883801e-16  6.163717e-13 -3.511875e-06  3.550537e-16  1.383708e-13 -1.614680e-04 -1.185464e-11
1.119938e+01 -2.157019e-18 -3.665527e-17  3.345368e-13 -2.452457e-06  1.920594e-16  8.972134e-14 -1.279974e-04 -5.978920e-12
1.153435e+01 -7.883925e-18 -3.231398e-16 -1.228006e-13 -1.619276e-06 -2.469326e-17 -4.818964e-14 -9.775646e-05 -3.572179e-12
1.191965e+01 -1.313916e-17 -4.358291e-16 -4.411787e-13 -1.008099e-06 -1.932596e-16 -1.544060e-13 -7.178094e-05 -2.782054e-12
1.235784e+01 -1.586227e-17 -3.421261e-16 -4.511007e-13 -5.890937e-07 -2.351069e-16 -1.588000e-13 -5.058938e-05 -2.107765e-12
1.285091e+01 -1.354441e-17 -1.251531e-16 -1.955834e-13 -3.199785e-07 -1.355839e-16 -6.957328e-14 -3.417897e-05 -9.601625e-13
1.340020e+01 -4.401963e-18  7.237820e-17  1.225208e-13 -1.585983e-07  4.233248e-17  4.383337e-14 -2.212063e-05  3.353280e-13
1.400635e+01  1.166958e-17  1.436177e-16  2.877116e-13 -7.014362e-08  1.870129e-16  1.039526e-13 -1.371359e-05  1.080736e-12
1.466922e+01  3.293316e-17  8.820499e-17  2.179152e-13 -2.822950e-08  2.014786e-16  7.971885e-14 -8.150332e-06  9.019171e-13
1.538787e+01  5.634345e-17  4.800118e-18  7.354426e-15 -1.282881e-08  6.580570e-17  3.929074e-15 -4.652223e-06  9.168287e-14
1.616056e+01  7.808316e-17  8.612677e-18 -1.624101e-13 -8.822886e-09 -1.446240e-16 -5.789691e-14 -2.556657e-06 -6.332037e-13
1.698474e+01  9.362766e-17  1.375367e-16 -1.698694e-13 -6.519411e-09 -3.043970e-16 -6.111261e-14 -1.354982e-06 -7.218904e-13
1.785703e+01  9.786793e-17  3.223340e-16 -4.003848e-14 -2.460357e-09 -3.212493e-16 -1.417918e-14 -6.916374e-07 -2.096490e-13
1.877332e+01  8.650186e-17  4.441151e-16  9.571998e-14  1.846001e-09 -1.985643e-16  3.526275e-14 -3.386114e-07  3.810471e-13
1.972878e+01  5.904764e-17  4.287276e-16  1.228137e-13  3.496027e-09 -2.860911e-17  4.516368e-14 -1.593684e-07  5.394406e-13
2.071794e+01  2.168996e-17  2.982858e-16  3.752430e-14  1.702062e-09  8.030540e-17  1.380478e-14 -7.452138e-08  2.009035e-13
2.173476e+01 -1.318378e-17  1.417263e-16 -6.601203e-14 -1.385227e-09  8.562168e-17 -2.450846e-14 -3.727330e-08 -2.574114e-13
2.277275e+01 -3.236174e-17  3.905606e-17 -9.252909e-14 -2.800948e-09  3.541897e-17 -3.470054e-14 -2.027865e-08 -4.094352e-13
2.382505e+01 -2.967465e-17  9.258507e-18 -3.026906e-14 -1.487930e-09  1.814844e-17 -1.215255e-14 -9.911383e-09 -1.657953e-13
2.488458e+01 -1.075009e-17  1.994784e-17  5.073258e-14  1.001175e-09  8.315427e-17  1.759055e-14 -2.294138e-09  1.940453e-13
2.594410e+01  9.783023e-18  3.468642e-17  7.373968e-14  2.254716e-09  2.013535e-16  2.622992e-14  1.740946e-09  3.262215e-13
2.699641e+01  1.763206e-17  4.433705e-17  2.570678e-14  1.300202e-09  2.969505e-16  8.711778e-15  1.580246e-09  1.417360e-13
2.803440e+01  8.258403e-18  5.617091e-17 -4.010429e-14 -7.188106e-10  3.166261e-16 -1.552503e-14 -9.575932e-10 -1.503340e-13
2.905122e+01 -1.065225e-17  6.362976e-17 -6.159740e-14 -1.865170e-09  2.716497e-16 -2.352072e-14 -2.806095e-09 -2.732736e-13
3.004038e+01 -2.549331e-17  3.785440e-17 -2.457938e-14 -1.235849e-09  2.172607e-16 -9.767731e-15 -2.194199e-09 -1.380061e-13
3.099584e+01 -2.688924e-17 -4.574552e-17  3.157967e-14  4.066822e-10  1.926030e-16  1.144150e-14  1.542581e-10  1.067061e-13
3.191213e+01 -1.606515e-17 -1.729849e-16  5.588848e-14  1.544037e-09  1.783409e-16  2.125942e-14  2.090275e-09  2.380273e-13
3.278442e+01 -3.152227e-18 -2.859327e-16  3.087050e-14  1.293145e-09  1.099156e-16  1.293578e-14  2.094109e-09  1.582224e-13
3.360859e+01  5.613498e-19 -3.171629e-16 -1.788084e-14  2.117003e-11 -6.605085e-17 -4.443895e-15  4.180103e-10 -4.469016e-14
3.438128e+01 -9.647882e-18 -2.366866e-16 -4.894291e-14 -1.160270e-09 -3.400722e-16 -1.577000e-14 -1.422480e-09 -1.973910e-13
3.509994e+01 -2.943077e-17 -7.441006e-17 -3.994897e-14 -1.378888e-09 -6.335579e-16 -1.269635e-14 -2.038686e-09 -1.894821e-13
3.576280e+01 -4.888049e-17  9.768009e-17 -1.351282e-15 -5.979584e-10 -8.407407e-16  1.174368e-15 -1.161951e-09 -4.453266e-14
3.636895e+01 -5.880428e-17  2.081661e-16  3.667247e-14  5.242921e-10 -8.868340e-16  1.493127e-14  4.021826e-10  1.213490e-13
3.691825e+01 -5.545514e-17  2.232701e-16  4.848828e-14  1.223190e-09 -7.641479e-16  1.917933e-14  1.553360e-09  1.963342e-13
3.741132e+01 -4.137937e-17  1.570834e-16  2.889086e-14  1.138826e-09 -5.284513e-16  1.190012e-14  1.668368e-09  1.441349e-13
3.784951e+01 -2.289998e-17  5.487835e-17 -7.730028e-15  4.364960e-10 -2.651348e-16 -1.756835e-15  8.585898e-10  9.743312e-15
3.823481e+01 -6.472767e-18 -3.480068e-17 -3.980506e-14 -4.203474e-10 -4.934059e-17 -1.394104e-14 -2.887634e-10 -1.250311e-13
3.856978e+01  3.947276e-18 -8.179306e-17 -5.177019e-14 -9.974016e-10  7.917718e-17 -1.890622e-14 -1.159943e-09 -1.943375e-13
3.885747e+01  7.625245e-18 -8.107763e-17 -4.032125e-14 -1.097283e-09  1.194248e-16 -1.533105e-14 -1.431158e-09 -1.768018e-13
3.910135e+01  6.206484e-18 -4.651147e-17 -1.267439e-14 -7.784557e-10  9.651003e-17 -5.735902e-15 -1.128572e-09 -9.277666e-14
3.930515e+01  2.266307e-18  9.234339e-19  1.951036e-14 -2.464381e-10  4.393898e-17  5.696607e-15 -4.989789e-10  1.703915e-14
3.947283e+01 -1.911578e-18  4.322054e-17  4.606326e-14  2.798984e-10 -1.019339e-17  1.527389e-14  1.697573e-10  1.143330e-13
3.960844e+01 -4.943683e-18  7.033163e-17  6.149140e-14  6.554546e-10 -4.948794e-17  2.096458e-14  6.741716e-10  1.764437e-13
3.971604e+01 -6.382305e-18  8.025214e-17  6.517797e-14  8.315279e-10 -6.896967e-17  2.249078e-14  9.348641e-10  1.984023e-13
3.979960e+01 -6.427448e-18  7.633811e-17  5.976923e-14  8.332043e-10 -7.132303e-17  2.075949e-14  9.723978e-10  1.877461e-13
3.986293e+01 -5.568891e-18  6.407880e-17  4.914455e-14  7.210143e-10 -6.254989e-17  1.713631e-14  8.585499e-10  1.572962e-13
3.990960e+01 -4.312500e-18  4.868357e-17  3.687580e-14  5.583811e-10 -4.874590e-17  1.289015e-14  6.729221e-10  1.194316e-13
3.994290e+01 -3.036787e-18  3.387582e-17  2.546231e-14  3.933757e-10 -3.444828e-17  8.914661e-15  4.776305e-10  8.309518e-14
3.996576e+01 -1.957357e-18  2.167161e-17  1.621092e-14  2.536681e-10 -2.224957e-17  5.681417e-15  3.094540e-10  5.316181e-14
3.998073e+01 -1.153446e-18  1.271174e-17  9.480567e-15  1.495390e-10 -1.312732e-17  3.324759e-15  1.829587e-10  3.118537e-14
3.999000e+01 -6.160185e-19  6.770167e-18  5.040386e-15  7.988428e-11 -7.015784e-18  1.768300e-15  9.790795e-11  1.661029e-14
3.999532e+01 -2.927146e-19  3.211985e-18  2.388957e-15  3.796460e-11 -3.334987e-18  8.382905e-16  4.657606e-11  7.880834e-15
3.999810e+01 -1.196905e-19  1.312319e-18  9.755575e-16  1.552494e-11 -1.363938e-18  3.423638e-16  1.905612e-11  3.219956e-15
3.999937e+01 -3.965947e-20  4.346786e-19  3.230585e-16  5.144391e-12 -4.519814e-19  1.133805e-16  6.315952e-12  1.066558e-15
3.999985e+01 -9.478684e-21  1.038748e-19  7.719433e-17  1.229536e-12 -1.080279e-19  2.709261e-17  1.509676e-12  2.548756e-16
3.999998e+01 -1.253798e-21  1.373958e-20  1.021030e-17  1.626382e-13 -1.428958e-20  3.583490e-18  1.996987e-13  3.371260e-17
4.000000e+01 -3.927921e-23  4.304336e-22  3.198673e-19  5.095163e-15 -4.476671e-22  1.122633e-19  6.256221e-15  1.056149e-18
