376 3
 0 0 1
 2 2 2
 -9.884111e+00 -4.573827e-01 -1.579523e-01
0.000000e+00 -2.741576e+01  6.223662e+00 -1.314504e-13
3.278564e-09 -2.741576e+01  6.223661e+00 -2.048252e-08
1.046582e-07 -2.741574e+01  6.223658e+00 -6.538383e-07
7.915214e-07 -2.741563e+01  6.223632e+00 -4.944913e-06
3.316517e-06 -2.741521e+01  6.223538e+00 -2.071929e-05
1.004733e-05 -2.741411e+01  6.223286e+00 -6.276749e-05
2.477810e-05 -2.741168e+01  6.222736e+00 -1.547864e-04
5.299135e-05 -2.740704e+01  6.221683e+00 -3.310038e-04
1.020609e-04 -2.739898e+01  6.219851e+00 -6.374167e-04
1.813877e-04 -2.738594e+01  6.216891e+00 -1.132579e-03
3.024627e-04 -2.736605e+01  6.212376e+00 -1.887882e-03
4.788527e-04 -2.733711e+01  6.205802e+00 -2.987275e-03
7.261078e-04 -2.729659e+01  6.196598e+00 -4.526394e-03
1.061591e-03 -2.724170e+01  6.184127e+00 -6.611066e-03
1.504231e-03 -2.716947e+01  6.167706e+00 -9.355191e-03
2.074209e-03 -2.707674e+01  6.146616e+00 -1.287802e-02
2.792580e-03 -2.696033e+01  6.120123e+00 -1.730086e-02
3.680838e-03 -2.681711e+01  6.087500e+00 -2.274334e-02
4.760448e-03 -2.664408e+01  6.048048e+00 -2.931926e-02
6.052333e-03 -2.643855e+01  6.001126e+00 -3.713226e-02
7.576358e-03 -2.619819e+01  5.946171e+00 -4.627146e-02
9.350803e-03 -2.592117e+01  5.882728e+00 -5.680727e-02
1.139185e-02 -2.560628e+01  5.810465e+00 -6.878757e-02
1.371307e-02 -2.525296e+01  5.729203e+00 -8.223455e-02
1.632504e-02 -2.486143e+01  5.638919e+00 -9.714230e-02
1.923484e-02 -2.443266e+01  5.539766e+00 -1.134754e-01
2.244580e-02 -2.396843e+01  5.432070e+00 -1.311688e-01
2.595722e-02 -2.347124e+01  5.316330e+00 -1.501283e-01
2.976415e-02 -2.294434e+01  5.193209e+00 -1.702330e-01
3.385735e-02 -2.239157e+01  5.063517e+00 -1.913379e-01
3.822326e-02 -2.181729e+01  4.928193e+00 -2.132784e-01
4.284407e-02 -2.122624e+01  4.788275e+00 -2.358742e-01
4.769797e-02 -2.062342e+01  4.644878e+00 -2.589353e-01
5.275935e-02 -2.001392e+01  4.499160e+00 -2.822664e-01
5.799924e-02 -1.940283e+01  4.352293e+00 -3.056726e-01
6.338567e-02 -1.879506e+01  4.205436e+00 -3.289643e-01
6.888423e-02 -1.819526e+01  4.059706e+00 -3.519612e-01
7.445863e-02 -1.760772e+01  3.916158e+00 -3.744962e-01
8.007127e-02 -1.703631e+01  3.775765e+00 -3.964184e-01
8.568391e-02 -1.648441e+01  3.639403e+00 -4.175948e-01
9.125831e-02 -1.595491e+01  3.507842e+00 -4.379121e-01
9.675688e-02 -1.545015e+01  3.381740e+00 -4.572768e-01
1.021433e-01 -1.497199e+01  3.261639e+00 -4.756155e-01
1.073832e-01 -1.452180e+01  3.147970e+00 -4.928739e-01
1.124446e-01 -1.410049e+01  3.041053e+00 -5.090158e-01
1.172985e-01 -1.370854e+01  2.941107e+00 -5.240216e-01
1.219193e-01 -1.334608e+01  2.848253e+00 -5.378869e-01
1.262852e-01 -1.301289e+01  2.762526e+00 -5.506206e-01
1.303784e-01 -1.270847e+01  2.683882e+00 -5.622429e-01
1.341853e-01 -1.243207e+01  2.612206e+00 -5.727841e-01
1.376967e-01 -1.218274e+01  2.547323e+00 -5.822826e-01
1.409077e-01 -1.195935e+01  2.489005e+00 -5.907833e-01
1.438175e-01 -1.176064e+01  2.436978e+00 -5.983368e-01
1.464295e-01 -1.158523e+01  2.390932e+00 -6.049975e-01
1.487507e-01 -1.143166e+01  2.350524e+00 -6.108234e-01
1.507917e-01 -1.129839e+01  2.315388e+00 -6.158741e-01
1.525662e-01 -1.118386e+01  2.285137e+00 -6.202112e-01
1.540902e-01 -1.108646e+01  2.259373e+00 -6.238964e-01
1.553821e-01 -1.100460e+01  2.237690e+00 -6.269918e-01
1.564617e-01 -1.093668e+01  2.219680e+00 -6.295587e-01
1.573500e-01 -1.088113e+01  2.204935e+00 -6.316571e-01
1.580683e-01 -1.083642e+01  2.193060e+00 -6.333452e-01
1.586383e-01 -1.080108e+01  2.183668e+00 -6.346790e-01
1.590810e-01 -1.077372e+01  2.176394e+00 -6.357114e-01
1.594164e-01 -1.075304e+01  2.170891e+00 -6.364919e-01
1.596637e-01 -1.073782e+01  2.166842e+00 -6.370660e-01
1.598401e-01 -1.072697e+01  2.163956e+00 -6.374750e-01
1.599612e-01 -1.071954e+01  2.161977e+00 -6.377555e-01
1.600405e-01 -1.071467e+01  2.160681e+00 -6.379391e-01
1.600896e-01 -1.071166e+01  2.159879e+00 -6.380527e-01
1.601178e-01 -1.070993e+01  2.159418e+00 -6.381179e-01
1.601325e-01 -1.070902e+01  2.159178e+00 -6.381520e-01
1.601392e-01 -1.070861e+01  2.159068e+00 -6.381676e-01
1.601418e-01 -1.070846e+01  2.159027e+00 -6.381734e-01
1.601424e-01 -1.070841e+01  2.159016e+00 -6.381750e-01
1.601425e-01 -1.070841e+01  2.159014e+00 -6.381752e-01
1.601426e-01 -1.070841e+01  2.159014e+00 -6.381753e-01
1.601430e-01 -1.070838e+01  2.159007e+00 -6.381762e-01
1.601458e-01 -1.070821e+01  2.158961e+00 -6.381827e-01
1.601560e-01 -1.070758e+01  2.158794e+00 -6.382065e-01
1.601834e-01 -1.070590e+01  2.158347e+00 -6.382698e-01
1.602433e-01 -1.070223e+01  2.157369e+00 -6.384083e-01
1.603581e-01 -1.069520e+01  2.155496e+00 -6.386734e-01
1.605577e-01 -1.068298e+01  2.152243e+00 -6.391341e-01
1.608803e-01 -1.066326e+01  2.146990e+00 -6.398775e-01
1.613728e-01 -1.063323e+01  2.138990e+00 -6.410092e-01
1.620903e-01 -1.058964e+01  2.127370e+00 -6.426514e-01
1.630960e-01 -1.052886e+01  2.111153e+00 -6.449404e-01
1.644606e-01 -1.044698e+01  2.089282e+00 -6.480219e-01
1.662611e-01 -1.033997e+01  2.060656e+00 -6.520456e-01
1.685795e-01 -1.020386e+01  2.024180e+00 -6.571568e-01
1.715015e-01 -1.003500e+01  1.978817e+00 -6.634878e-01
1.751145e-01 -9.830251e+00  1.923650e+00 -6.711478e-01
1.795059e-01 -9.587285e+00  1.857950e+00 -6.802122e-01
1.847607e-01 -9.304806e+00  1.781233e+00 -6.907127e-01
1.909597e-01 -8.982754e+00  1.693323e+00 -7.026285e-01
1.981774e-01 -8.622452e+00  1.594391e+00 -7.158797e-01
2.064794e-01 -8.226661e+00  1.484982e+00 -7.303245e-01
2.159211e-01 -7.799545e+00  1.366018e+00 -7.457591e-01
2.265454e-01 -7.346525e+00  1.238779e+00 -7.619236e-01
2.383811e-01 -6.874046e+00  1.104856e+00 -7.785105e-01
2.514418e-01 -6.389262e+00  9.660888e-01 -7.951784e-01
2.657247e-01 -5.899669e+00  8.244812e-01 -8.115674e-01
2.812096e-01 -5.412727e+00  6.821098e-01 -8.273169e-01
2.978589e-01 -4.935493e+00  5.410298e-01 -8.420834e-01
3.156174e-01 -4.474311e+00  4.031854e-01 -8.555569e-01
3.344127e-01 -4.034568e+00  2.703332e-01 -8.674755e-01
3.541562e-01 -3.620541e+00  1.439804e-01 -8.776355e-01
3.747436e-01 -3.235333e+00  2.534441e-02 -8.858984e-01
3.960570e-01 -2.880883e+00 -8.466870e-02 -8.921928e-01
4.179666e-01 -2.558056e+00 -1.854656e-01 -8.965132e-01
4.403322e-01 -2.266770e+00 -2.767504e-01 -8.989137e-01
4.630064e-01 -2.006168e+00 -3.584961e-01 -8.995007e-01
4.858360e-01 -1.774785e+00 -4.309072e-01 -8.984225e-01
5.086657e-01 -1.570730e+00 -4.943759e-01 -8.958590e-01
5.313398e-01 -1.391836e+00 -5.494384e-01 -8.920105e-01
5.537055e-01 -1.235801e+00 -5.967320e-01 -8.870885e-01
5.756150e-01 -1.100301e+00 -6.369559e-01 -8.813063e-01
5.969285e-01 -9.830665e-01 -6.708376e-01 -8.748729e-01
6.175159e-01 -8.819520e-01 -6.991050e-01 -8.679862e-01
6.372593e-01 -7.949684e-01 -7.224647e-01 -8.608296e-01
6.560547e-01 -7.203067e-01 -7.415858e-01 -8.535684e-01
6.738132e-01 -6.563452e-01 -7.570883e-01 -8.463485e-01
6.904625e-01 -6.016473e-01 -7.695368e-01 -8.392948e-01
7.059474e-01 -5.549521e-01 -7.794362e-01 -8.325116e-01
7.202302e-01 -5.151616e-01 -7.872319e-01 -8.260826e-01
7.332910e-01 -4.813242e-01 -7.933107e-01 -8.200721e-01
7.451267e-01 -4.526192e-01 -7.980044e-01 -8.145261e-01
7.557510e-01 -4.283396e-01 -8.015930e-01 -8.094739e-01
7.651927e-01 -4.078772e-01 -8.043106e-01 -8.049298e-01
7.734947e-01 -3.907083e-01 -8.063494e-01 -8.008950e-01
7.807123e-01 -3.763806e-01 -8.078655e-01 -7.973592e-01
7.869114e-01 -3.645024e-01 -8.089836e-01 -7.943028e-01
7.921662e-01 -3.547326e-01 -8.098023e-01 -7.916985e-01
7.965576e-01 -3.467728e-01 -8.103978e-01 -7.895131e-01
8.001706e-01 -3.403602e-01 -8.108285e-01 -7.877091e-01
8.030926e-01 -3.352624e-01 -8.111383e-01 -7.862463e-01
8.054110e-01 -3.312730e-01 -8.113600e-01 -7.850833e-01
8.072115e-01 -3.282082e-01 -8.115177e-01 -7.841788e-01
8.085761e-01 -3.259046e-01 -8.116287e-01 -7.834924e-01
8.095818e-01 -3.242173e-01 -8.117060e-01 -7.829861e-01
8.102992e-01 -3.230190e-01 -8.117587e-01 -7.826246e-01
8.107917e-01 -3.221992e-01 -8.117938e-01 -7.823764e-01
8.111144e-01 -3.216631e-01 -8.118163e-01 -7.822138e-01
8.113140e-01 -3.213320e-01 -8.118300e-01 -7.821132e-01
8.114287e-01 -3.211418e-01 -8.118378e-01 -7.820553e-01
8.114887e-01 -3.210425e-01 -8.118418e-01 -7.820251e-01
8.115160e-01 -3.209972e-01 -8.118437e-01 -7.820113e-01
8.115263e-01 -3.209802e-01 -8.118444e-01 -7.820061e-01
8.115291e-01 -3.209755e-01 -8.118446e-01 -7.820047e-01
8.115295e-01 -3.209749e-01 -8.118446e-01 -7.820045e-01
8.115296e-01 -3.209748e-01 -8.118446e-01 -7.820044e-01
8.115308e-01 -3.209727e-01 -8.118447e-01 -7.820038e-01
8.115394e-01 -3.209585e-01 -8.118452e-01 -7.819995e-01
8.115709e-01 -3.209064e-01 -8.118474e-01 -7.819836e-01
8.116547e-01 -3.207675e-01 -8.118530e-01 -7.819413e-01
8.118383e-01 -3.204638e-01 -8.118652e-01 -7.818487e-01
8.121899e-01 -3.198830e-01 -8.118883e-01 -7.816713e-01
8.128014e-01 -3.188754e-01 -8.119273e-01 -7.813627e-01
8.137899e-01 -3.172532e-01 -8.119873e-01 -7.808636e-01
8.152987e-01 -3.147935e-01 -8.120719e-01 -7.801010e-01
8.174968e-01 -3.112448e-01 -8.121798e-01 -7.789887e-01
8.205780e-01 -3.063387e-01 -8.123011e-01 -7.774268e-01
8.247587e-01 -2.998074e-01 -8.124105e-01 -7.753026e-01
8.302747e-01 -2.914060e-01 -8.124595e-01 -7.724915e-01
8.373776e-01 -2.809392e-01 -8.123673e-01 -7.688584e-01
8.463297e-01 -2.682897e-01 -8.120107e-01 -7.642599e-01
8.573988e-01 -2.534456e-01 -8.112153e-01 -7.585465e-01
8.708525e-01 -2.365216e-01 -8.097495e-01 -7.515668e-01
8.869516e-01 -2.177704e-01 -8.073235e-01 -7.431723e-01
9.059434e-01 -1.975786e-01 -8.035949e-01 -7.332236e-01
9.280559e-01 -1.764476e-01 -7.981835e-01 -7.215981e-01
9.534907e-01 -1.549572e-01 -7.906940e-01 -7.081989e-01
9.824170e-01 -1.337187e-01 -7.807466e-01 -6.929640e-01
1.014966e+00 -1.133207e-01 -7.680115e-01 -6.758754e-01
1.051227e+00 -9.427929e-02 -7.522443e-01 -6.569670e-01
1.091241e+00 -7.699674e-02 -7.333168e-01 -6.363294e-01
1.134999e+00 -6.173761e-02 -7.112380e-01 -6.141116e-01
1.182440e+00 -4.862243e-02 -6.861633e-01 -5.905182e-01
1.233448e+00 -3.763890e-02 -6.583894e-01 -5.658022e-01
1.287854e+00 -2.866609e-02 -6.283356e-01 -5.402543e-01
1.345437e+00 -2.150595e-02 -5.965148e-01 -5.141885e-01
1.405925e+00 -1.591610e-02 -5.634970e-01 -4.879273e-01
1.468998e+00 -1.163924e-02 -5.298720e-01 -4.617865e-01
1.534295e+00 -8.426084e-03 -4.962134e-01 -4.360617e-01
1.601419e+00 -6.050803e-03 -4.630491e-01 -4.110177e-01
1.669940e+00 -4.319309e-03 -4.308391e-01 -3.868805e-01
1.739407e+00 -3.071833e-03 -3.999625e-01 -3.638336e-01
1.809349e+00 -2.181496e-03 -3.707116e-01 -3.420166e-01
1.879292e+00 -1.550536e-03 -3.432941e-01 -3.215270e-01
1.948758e+00 -1.105520e-03 -3.178388e-01 -3.024236e-01
2.017280e+00 -7.924499e-04 -2.944059e-01 -2.847311e-01
2.084403e+00 -5.722993e-04 -2.729987e-01 -2.684457e-01
2.149701e+00 -4.172489e-04 -2.535749e-01 -2.535405e-01
2.212774e+00 -3.076755e-04 -2.360587e-01 -2.399706e-01
2.273262e+00 -2.298447e-04 -2.203501e-01 -2.276782e-01
2.330845e+00 -1.741976e-04 -2.063343e-01 -2.165963e-01
2.385251e+00 -1.341038e-04 -1.938882e-01 -2.066522e-01
2.436259e+00 -1.049698e-04 -1.828861e-01 -1.977706e-01
2.483700e+00 -8.360797e-05 -1.732035e-01 -1.898753e-01
2.527458e+00 -6.779815e-05 -1.647203e-01 -1.828910e-01
2.567472e+00 -5.598575e-05 -1.573224e-01 -1.767446e-01
2.603732e+00 -4.707669e-05 -1.509026e-01 -1.713653e-01
2.636282e+00 -4.029727e-05 -1.453613e-01 -1.666857e-01
2.665208e+00 -3.509741e-05 -1.406066e-01 -1.626417e-01
2.690643e+00 -3.108316e-05 -1.365537e-01 -1.591726e-01
2.712755e+00 -2.796936e-05 -1.331248e-01 -1.562210e-01
2.731747e+00 -2.554692e-05 -1.302483e-01 -1.537327e-01
2.747846e+00 -2.366033e-05 -1.278586e-01 -1.516566e-01
2.761300e+00 -2.219247e-05 -1.258951e-01 -1.499448e-01
2.772369e+00 -2.105413e-05 -1.243023e-01 -1.485518e-01
2.781321e+00 -2.017660e-05 -1.230288e-01 -1.474354e-01
2.788424e+00 -1.950631e-05 -1.220276e-01 -1.465560e-01
2.793940e+00 -1.900087e-05 -1.212558e-01 -1.458770e-01
2.798121e+00 -1.862623e-05 -1.206740e-01 -1.453645e-01
2.801202e+00 -1.835462e-05 -1.202470e-01 -1.449881e-01
2.803400e+00 -1.816313e-05 -1.199433e-01 -1.447202e-01
2.804909e+00 -1.803277e-05 -1.197353e-01 -1.445366e-01
2.805897e+00 -1.794782e-05 -1.195993e-01 -1.444165e-01
2.806509e+00 -1.789546e-05 -1.195152e-01 -1.443422e-01
2.806861e+00 -1.786541e-05 -1.194668e-01 -1.442996e-01
2.807044e+00 -1.784974e-05 -1.194416e-01 -1.442773e-01
2.807128e+00 -1.784259e-05 -1.194301e-01 -1.442671e-01
2.807159e+00 -1.783990e-05 -1.194258e-01 -1.442633e-01
2.807168e+00 -1.783918e-05 -1.194246e-01 -1.442622e-01
2.807169e+00 -1.783907e-05 -1.194244e-01 -1.442621e-01
2.807169e+00 -1.783905e-05 -1.194244e-01 -1.442621e-01
2.807174e+00 -1.783868e-05 -1.194238e-01 -1.442615e-01
2.807204e+00 -1.783615e-05 -1.194197e-01 -1.442579e-01
2.807313e+00 -1.782685e-05 -1.194046e-01 -1.442446e-01
2.807606e+00 -1.780210e-05 -1.193644e-01 -1.442091e-01
2.808246e+00 -1.774805e-05 -1.192765e-01 -1.441314e-01
2.809473e+00 -1.764498e-05 -1.191083e-01 -1.439828e-01
2.811606e+00 -1.746712e-05 -1.188164e-01 -1.437248e-01
2.815055e+00 -1.718336e-05 -1.183459e-01 -1.433086e-01
2.820318e+00 -1.675906e-05 -1.176315e-01 -1.426759e-01
2.827987e+00 -1.615948e-05 -1.165984e-01 -1.417595e-01
2.838736e+00 -1.535476e-05 -1.151655e-01 -1.404856e-01
2.853321e+00 -1.432630e-05 -1.132494e-01 -1.387766e-01
2.872564e+00 -1.307363e-05 -1.107701e-01 -1.365558e-01
2.897343e+00 -1.162022e-05 -1.076575e-01 -1.337519e-01
2.928573e+00 -1.001620e-05 -1.038591e-01 -1.303056e-01
2.967189e+00 -8.335989e-06 -9.934787e-02 -1.261752e-01
3.014123e+00 -6.669773e-06 -9.412895e-02 -1.213428e-01
3.070287e+00 -5.109824e-06 -8.824488e-02 -1.158190e-01
3.136542e+00 -3.734624e-06 -8.177762e-02 -1.096464e-01
3.213683e+00 -2.595505e-06 -7.484688e-02 -1.028995e-01
3.302415e+00 -1.710123e-06 -6.760421e-02 -9.568318e-02
3.403327e+00 -1.064752e-06 -6.022316e-02 -8.812728e-02
3.516879e+00 -6.237677e-07 -5.288649e-02 -8.037895e-02
3.643378e+00 -3.419277e-07 -4.577205e-02 -7.259329e-02
3.782971e+00 -1.746609e-07 -3.903927e-02 -6.492336e-02
3.935625e+00 -8.382412e-08 -3.281801e-02 -5.751063e-02
4.101127e+00 -3.943165e-08 -2.720136e-02 -5.047697e-02
4.279073e+00 -1.956694e-08 -2.224279e-02 -4.391905e-02
4.468875e+00 -1.008794e-08 -1.795777e-02 -3.790540e-02
4.669759e+00 -4.031554e-09 -1.432882e-02 -3.247613e-02
4.880776e+00  2.034029e-10 -1.131292e-02 -2.764498e-02
5.100813e+00  1.927517e-09 -8.849671e-03 -2.340300e-02
5.328610e+00  1.051228e-09 -6.869297e-03 -1.972321e-02
5.562778e+00 -8.956698e-10 -5.299391e-03 -1.656567e-02
5.801821e+00 -1.870137e-09 -4.070090e-03 -1.388222e-02
6.044160e+00 -1.051044e-09 -3.117523e-03 -1.162065e-02
6.288163e+00  6.163230e-10 -2.385730e-03 -9.728173e-03
6.532165e+00  1.516969e-09 -1.827340e-03 -8.153857e-03
6.774505e+00  9.285890e-10 -1.403374e-03 -6.850401e-03
7.013547e+00 -4.368169e-10 -1.082509e-03 -5.775119e-03
7.247715e+00 -1.264212e-09 -8.400571e-04 -4.890382e-03
7.475513e+00 -8.864044e-10 -6.568638e-04 -4.163653e-03
7.695550e+00  2.266838e-10 -5.182588e-04 -3.567233e-03
7.906566e+00  1.042164e-09 -4.131174e-04 -3.077841e-03
8.107450e+00  9.186344e-10 -3.330697e-04 -2.676119e-03
8.297252e+00  6.623854e-11 -2.718532e-04 -2.346097e-03
8.475199e+00 -7.653749e-10 -2.247996e-04 -2.074692e-03
8.640700e+00 -9.577050e-10 -1.884343e-04 -1.851232e-03
8.793354e+00 -4.539436e-10 -1.601710e-04 -1.667046e-03
8.932947e+00  3.133592e-10 -1.380824e-04 -1.515099e-03
9.059447e+00  8.169395e-10 -1.207284e-04 -1.389691e-03
9.172998e+00  7.927221e-10 -1.070301e-04 -1.286198e-03
9.273910e+00  3.359216e-10 -9.617584e-05 -1.200865e-03
9.362642e+00 -2.451601e-10 -8.755145e-05 -1.130634e-03
9.439784e+00 -6.518630e-10 -8.068920e-05 -1.073002e-03
9.506039e+00 -7.415005e-10 -7.522984e-05 -1.025909e-03
9.562202e+00 -5.455596e-10 -7.089488e-05 -9.876501e-04
9.609136e+00 -1.987006e-10 -6.746618e-05 -9.568003e-04
9.647752e+00  1.517531e-10 -6.477100e-05 -9.321593e-04
9.678982e+00  4.061384e-10 -6.267086e-05 -9.127069e-04
9.703762e+00  5.292381e-10 -6.105339e-05 -8.975689e-04
9.723005e+00  5.359582e-10 -5.982625e-05 -8.859902e-04
9.737589e+00  4.657902e-10 -5.891267e-05 -8.773165e-04
9.748339e+00  3.608123e-10 -5.824829e-05 -8.709795e-04
9.756007e+00  2.532009e-10 -5.777890e-05 -8.664874e-04
9.761270e+00  1.616400e-10 -5.745889e-05 -8.634177e-04
9.764719e+00  9.321434e-11 -5.725018e-05 -8.614126e-04
9.766852e+00  4.737366e-11 -5.712145e-05 -8.601746e-04
9.768079e+00  1.976253e-11 -5.704757e-05 -8.594636e-04
9.768719e+00  4.975597e-12 -5.700903e-05 -8.590926e-04
9.769012e+00 -1.866317e-12 -5.699143e-05 -8.589232e-04
9.769122e+00 -4.446876e-12 -5.698483e-05 -8.588596e-04
9.769151e+00 -5.150167e-12 -5.698303e-05 -8.588423e-04
9.769156e+00 -5.254019e-12 -5.698277e-05 -8.588398e-04
9.769157e+00 -5.257368e-12 -5.698272e-05 -8.588394e-04
9.769176e+00 -5.257055e-12 -5.698157e-05 -8.588283e-04
9.769305e+00 -5.254935e-12 -5.697379e-05 -8.587532e-04
9.769782e+00 -5.247149e-12 -5.694520e-05 -8.584773e-04
9.771053e+00 -5.226436e-12 -5.686906e-05 -8.577423e-04
9.773833e+00 -5.181319e-12 -5.670278e-05 -8.561361e-04
9.779159e+00 -5.095728e-12 -5.638565e-05 -8.530682e-04
9.788423e+00 -4.949400e-12 -5.583832e-05 -8.477592e-04
9.803397e+00 -4.719529e-12 -5.496470e-05 -8.392480e-04
9.826253e+00 -4.384150e-12 -5.365760e-05 -8.264257e-04
9.859551e+00 -3.927542e-12 -5.180880e-05 -8.081031e-04
9.906227e+00 -3.347348e-12 -4.932406e-05 -7.831165e-04
9.969557e+00 -2.662046e-12 -4.614242e-05 -7.504720e-04
1.005312e+01 -1.916093e-12 -4.225704e-05 -7.095183e-04
1.016071e+01 -1.179057e-12 -3.773325e-05 -6.601269e-04
1.029632e+01 -5.353507e-13 -3.271765e-05 -6.028440e-04
1.046400e+01 -6.386236e-14 -2.743230e-05 -5.389747e-04
1.066781e+01  1.881754e-13 -2.215088e-05 -4.705574e-04
1.091168e+01  2.269769e-13 -1.715888e-05 -4.002084e-04
1.119938e+01  1.169578e-13 -1.270633e-05 -3.308428e-04
1.153435e+01 -3.971424e-14 -8.966381e-06 -2.653165e-04
1.191965e+01 -1.445791e-13 -6.012479e-06 -2.060618e-04
1.235784e+01 -1.465279e-13 -3.820654e-06 -1.547982e-04
1.285091e+01 -6.235364e-14 -2.293853e-06 -1.123808e-04
1.340020e+01  4.102884e-14 -1.296991e-06 -7.881207e-05
1.400635e+01  9.406043e-14 -6.894036e-07 -5.339368e-05
1.466922e+01  7.099005e-14 -3.461935e-07 -3.496394e-05
1.538787e+01  2.872414e-15 -1.676459e-07 -2.215318e-05
1.616056e+01 -5.159784e-14 -8.100856e-08 -1.360152e-05
1.698474e+01 -5.355169e-14 -3.897630e-08 -8.107512e-06
1.785703e+01 -1.144401e-14 -1.616974e-08 -4.701899e-06
1.877332e+01  3.221942e-14 -3.000135e-09 -2.659653e-06
1.972878e+01  4.060447e-14  2.464658e-09 -1.472011e-06
2.071794e+01  1.270098e-14  1.607361e-09 -8.005780e-07
2.173476e+01 -2.104091e-14 -1.882450e-09 -4.301358e-07
2.277275e+01 -2.989798e-14 -3.706299e-09 -2.292593e-07
2.382505e+01 -1.006278e-14 -2.114102e-09 -1.211402e-07
2.488458e+01  1.595602e-14  1.131802e-09 -6.310330e-08
2.594410e+01  2.347696e-14  2.919386e-09 -3.243476e-08
2.699641e+01  8.246247e-15  1.830894e-09 -1.696481e-08
2.803440e+01 -1.271890e-14 -7.882387e-10 -9.604082e-09
2.905122e+01 -1.954953e-14 -2.411130e-09 -5.942933e-09
3.004038e+01 -7.699295e-15 -1.731586e-09 -3.553422e-09
3.099584e+01  1.024444e-14  3.811617e-10 -1.634465e-09
3.191213e+01  1.798208e-14  1.962210e-09 -3.307211e-10
3.278442e+01  9.931980e-15  1.769697e-09  1.107860e-10
3.360859e+01 -5.728621e-15  1.751353e-10 -1.506911e-10
3.438128e+01 -1.577986e-14 -1.412235e-09 -6.016313e-10
3.509994e+01 -1.309725e-14 -1.811503e-09 -7.600943e-10
3.576280e+01 -1.022583e-15 -8.933107e-10 -4.869391e-10
3.636895e+01  1.084173e-14  5.433939e-10  7.888827e-12
3.691825e+01  1.438288e-14  1.507783e-09  3.957978e-10
3.741132e+01  8.021989e-15  1.492602e-09  4.744220e-10
3.784951e+01 -3.591467e-15  6.621921e-10  2.618269e-10
3.823481e+01 -1.357078e-14 -4.150146e-10 -7.152353e-11
3.856978e+01 -1.700196e-14 -1.181321e-09 -3.375496e-10
3.885747e+01 -1.291723e-14 -1.365199e-09 -4.307797e-10
3.910135e+01 -3.707330e-15 -1.018649e-09 -3.516152e-10
3.930515e+01  6.844431e-15 -3.874143e-10 -1.700658e-10
3.947283e+01  1.546756e-14  2.566120e-10  2.822934e-11
3.960844e+01  2.041801e-14  7.279718e-10  1.810250e-10
3.971604e+01  2.152949e-14  9.597371e-10  2.627590e-10
3.979960e+01  1.968453e-14  9.777512e-10  2.781494e-10
3.986293e+01  1.615573e-14  8.537503e-10  2.478354e-10
3.990960e+01  1.210820e-14  6.647541e-10  1.952947e-10
3.994290e+01  8.354136e-15  4.698955e-10  1.390775e-10
3.996576e+01  5.316126e-15  3.036557e-10  9.029473e-11
3.998073e+01  3.108034e-15  1.792428e-10  5.345356e-11
3.999000e+01  1.652087e-15  9.582753e-11  2.862690e-11
3.999532e+01  7.829444e-16  4.556175e-11  1.362405e-11
3.999810e+01  3.197065e-16  1.863593e-11  5.575384e-12
3.999937e+01  1.058690e-16  6.175900e-12  1.848090e-12
3.999985e+01  2.529699e-17  1.476130e-12  4.417580e-13
3.999998e+01  3.345962e-18  1.952587e-13  5.843598e-14
4.000000e+01  1.048219e-19  6.117113e-15  1.830703e-15
