376 6
 0 0 0 0 1 1
 2 2 2 2 6 6
 -1.438486e+02 -1.498114e+01 -1.655845e+00 -1.113595e-01 -1.221829e+01 -9.813918e-01
0.000000e+00  1.743107e+02 -5.021132e+01  1.810536e+01  4.909139e+00  1.984525e-07 -6.684277e-08
3.278564e-09  1.743107e+02 -5.021131e+01  1.810536e+01  4.909139e+00 -6.169113e-07  2.112206e-07
1.046582e-07  1.743103e+02 -5.021121e+01  1.810533e+01  4.909129e+00 -2.582954e-05  8.809479e-06
7.915214e-07  1.743079e+02 -5.021052e+01  1.810508e+01  4.909061e+00 -1.966477e-04  6.706357e-05
3.316517e-06  1.742991e+02 -5.020799e+01  1.810416e+01  4.908813e+00 -8.245766e-04  2.812060e-04
1.004733e-05  1.742757e+02 -5.020123e+01  1.810173e+01  4.908153e+00 -2.498276e-03  8.519874e-04
2.477810e-05  1.742243e+02 -5.018644e+01  1.809639e+01  4.906707e+00 -6.160474e-03  2.100906e-03
5.299135e-05  1.741260e+02 -5.015812e+01  1.808618e+01  4.903938e+00 -1.317152e-02  4.491883e-03
1.020609e-04  1.739552e+02 -5.010891e+01  1.806844e+01  4.899126e+00 -2.535599e-02  8.647147e-03
1.813877e-04  1.736795e+02 -5.002942e+01  1.803977e+01  4.891355e+00 -4.502834e-02  1.535601e-02
3.024627e-04  1.732595e+02 -4.990831e+01  1.799610e+01  4.879512e+00 -7.499374e-02  2.557510e-02
4.788527e-04  1.726494e+02 -4.973227e+01  1.793261e+01  4.862297e+00 -1.185195e-01  4.041866e-02
7.261078e-04  1.717978e+02 -4.948634e+01  1.784391e+01  4.838246e+00 -1.792735e-01  6.113753e-02
1.061591e-03  1.706492e+02 -4.915421e+01  1.772410e+01  4.805759e+00 -2.612260e-01  8.908564e-02
1.504231e-03  1.691456e+02 -4.871870e+01  1.756697e+01  4.763152e+00 -3.685141e-01  1.256736e-01
2.074209e-03  1.672292e+02 -4.816241e+01  1.736623e+01  4.708717e+00 -5.052674e-01  1.723096e-01
2.792580e-03  1.648451e+02 -4.746848e+01  1.711574e+01  4.640791e+00 -6.754020e-01  2.303281e-01
3.680838e-03  1.619447e+02 -4.662140e+01  1.680986e+01  4.557841e+00 -8.823863e-01  3.009108e-01
4.760448e-03  1.584892e+02 -4.560794e+01  1.644376e+01  4.458552e+00 -1.128994e+00  3.850009e-01
6.052333e-03  1.544523e+02 -4.441807e+01  1.601370e+01  4.341914e+00 -1.417060e+00  4.832193e-01
7.576358e-03  1.498239e+02 -4.304579e+01  1.551742e+01  4.207306e+00 -1.747250e+00  5.957862e-01
9.350803e-03  1.446122e+02 -4.148989e+01  1.495436e+01  4.054572e+00 -2.118885e+00  7.224578e-01
1.139185e-02  1.388448e+02 -3.975447e+01  1.432584e+01  3.884068e+00 -2.529812e+00  8.624832e-01
1.371307e-02  1.325693e+02 -3.784922e+01  1.363522e+01  3.696697e+00 -2.976369e+00  1.014588e+00
1.632504e-02  1.258522e+02 -3.578934e+01  1.288784e+01  3.493905e+00 -3.453434e+00  1.176993e+00
1.923484e-02  1.187762e+02 -3.359524e+01  1.209093e+01  3.277649e+00 -3.954570e+00  1.347456e+00
2.244580e-02  1.114368e+02 -3.129179e+01  1.125339e+01  3.050336e+00 -4.472265e+00  1.523360e+00
2.595722e-02  1.039383e+02 -2.890735e+01  1.038540e+01  2.814731e+00 -4.998244e+00  1.701816e+00
2.976415e-02  9.638810e+01 -2.647264e+01  9.498066e+00  2.573841e+00 -5.523842e+00  1.879788e+00
3.385735e-02  8.889199e+01 -2.401939e+01  8.602908e+00  2.330795e+00 -6.040392e+00  2.054234e+00
3.822326e-02  8.154945e+01 -2.157901e+01  7.711414e+00  2.088712e+00 -6.539618e+00  2.222235e+00
4.284407e-02  7.444949e+01 -1.918136e+01  6.834570e+00  1.850578e+00 -7.013987e+00  2.381130e+00
4.769797e-02  6.766767e+01 -1.685368e+01  5.982466e+00  1.619139e+00 -7.457007e+00  2.528612e+00
5.275935e-02  6.126419e+01 -1.461967e+01  5.163969e+00  1.396807e+00 -7.863444e+00  2.662818e+00
5.799924e-02  5.528308e+01 -1.249897e+01  4.386493e+00  1.185605e+00 -8.229456e+00  2.782373e+00
6.338567e-02  4.975251e+01 -1.050678e+01  3.655857e+00  9.871201e-01 -8.552642e+00  2.886414e+00
6.888423e-02  4.468595e+01 -8.653823e+00  2.976251e+00  8.024996e-01 -8.831997e+00  2.974584e+00
7.445863e-02  4.008387e+01 -6.946525e+00  2.350273e+00  6.324566e-01 -9.067815e+00  3.046992e+00
8.007127e-02  3.593596e+01 -5.387337e+00  1.779043e+00  4.773022e-01 -9.261527e+00  3.104167e+00
8.568391e-02  3.222339e+01 -3.975242e+00  1.262366e+00  3.369892e-01 -9.415504e+00  3.146987e+00
9.125831e-02  2.892112e+01 -2.706312e+00  7.989334e-01  2.111656e-01 -9.532848e+00  3.176605e+00
9.675688e-02  2.599997e+01 -1.574305e+00  3.865330e-01  9.923275e-02 -9.617177e+00  3.194373e+00
1.021433e-01  2.342847e+01 -5.712547e-01  2.226713e-02  4.039359e-04 -9.672419e+00  3.201766e+00
1.073832e-01  2.117438e+01  3.119776e-01 -2.972420e-01 -8.623967e-02 -9.702633e+00  3.200315e+00
1.124446e-01  1.920586e+01  1.085217e+00 -5.756669e-01 -1.616983e-01 -9.711852e+00  3.191549e+00
1.172985e-01  1.749232e+01  1.758558e+00 -8.168136e-01 -2.270095e-01 -9.703958e+00  3.176946e+00
1.219193e-01  1.600508e+01  2.342025e+00 -1.024488e+00 -2.832117e-01 -9.682584e+00  3.157893e+00
1.262852e-01  1.471766e+01  2.845316e+00 -1.202393e+00 -3.313153e-01 -9.651051e+00  3.135662e+00
1.303784e-01  1.360601e+01  3.277609e+00 -1.354044e+00 -3.722809e-01 -9.612317e+00  3.111389e+00
1.341853e-01  1.264849e+01  3.647436e+00 -1.482721e+00 -4.070041e-01 -9.568967e+00  3.086063e+00
1.376967e-01  1.182587e+01  3.962613e+00 -1.591431e+00 -4.363064e-01 -9.523199e+00  3.060526e+00
1.409077e-01  1.112109e+01  4.230202e+00 -1.682890e+00 -4.609299e-01 -9.476836e+00  3.035472e+00
1.438175e-01  1.051919e+01  4.456522e+00 -1.759525e+00 -4.815373e-01 -9.431349e+00  3.011454e+00
1.464295e-01  1.000701e+01  4.647172e+00 -1.823478e+00 -4.987129e-01 -9.387879e+00  2.988894e+00
1.487507e-01  9.573051e+00  4.807076e+00 -1.876621e+00 -5.129679e-01 -9.347272e+00  2.968094e+00
1.507917e-01  9.207226e+00  4.940542e+00 -1.920580e+00 -5.247452e-01 -9.310108e+00  2.949250e+00
1.525662e-01  8.900693e+00  5.051323e+00 -1.956756e+00 -5.344263e-01 -9.276741e+00  2.932465e+00
1.540902e-01  8.645672e+00  5.142680e+00 -1.986353e+00 -5.423380e-01 -9.247330e+00  2.917761e+00
1.553821e-01  8.435291e+00  5.217444e+00 -2.010400e+00 -5.487598e-01 -9.221872e+00  2.905095e+00
1.564617e-01  8.263455e+00  5.278079e+00 -2.029777e+00 -5.539299e-01 -9.200239e+00  2.894374e+00
1.573500e-01  8.124733e+00  5.326729e+00 -2.045237e+00 -5.580517e-01 -9.182201e+00  2.885461e+00
1.580683e-01  8.014268e+00  5.365269e+00 -2.057426e+00 -5.612992e-01 -9.167458e+00  2.878194e+00
1.586383e-01  7.927703e+00  5.395341e+00 -2.066900e+00 -5.638219e-01 -9.155665e+00  2.872392e+00
1.590810e-01  7.861130e+00  5.418389e+00 -2.074138e+00 -5.657483e-01 -9.146448e+00  2.867863e+00
1.594164e-01  7.811050e+00  5.435680e+00 -2.079554e+00 -5.671894e-01 -9.139430e+00  2.864418e+00
1.596637e-01  7.774348e+00  5.448326e+00 -2.083508e+00 -5.682412e-01 -9.134238e+00  2.861872e+00
1.598401e-01  7.748271e+00  5.457298e+00 -2.086309e+00 -5.689861e-01 -9.130525e+00  2.860052e+00
1.599612e-01  7.730423e+00  5.463432e+00 -2.088222e+00 -5.694949e-01 -9.127972e+00  2.858801e+00
1.600405e-01  7.718752e+00  5.467440e+00 -2.089472e+00 -5.698271e-01 -9.126298e+00  2.857980e+00
1.600896e-01  7.711541e+00  5.469915e+00 -2.090243e+00 -5.700321e-01 -9.125261e+00  2.857473e+00
1.601178e-01  7.707398e+00  5.471337e+00 -2.090686e+00 -5.701499e-01 -9.124665e+00  2.857181e+00
1.601325e-01  7.705236e+00  5.472079e+00 -2.090917e+00 -5.702113e-01 -9.124353e+00  2.857028e+00
1.601392e-01  7.704248e+00  5.472418e+00 -2.091022e+00 -5.702393e-01 -9.124211e+00  2.856958e+00
1.601418e-01  7.703878e+00  5.472545e+00 -2.091062e+00 -5.702499e-01 -9.124157e+00  2.856932e+00
1.601424e-01  7.703777e+00  5.472579e+00 -2.091073e+00 -5.702527e-01 -9.124143e+00  2.856925e+00
1.601425e-01  7.703762e+00  5.472585e+00 -2.091074e+00 -5.702532e-01 -9.124141e+00  2.856924e+00
1.601426e-01  7.703760e+00  5.472585e+00 -2.091075e+00 -5.702532e-01 -9.124140e+00  2.856924e+00
1.601430e-01  7.703699e+00  5.472606e+00 -2.091081e+00 -5.702549e-01 -9.124132e+00  2.856920e+00
1.601458e-01  7.703289e+00  5.472747e+00 -2.091125e+00 -5.702666e-01 -9.124073e+00  2.856891e+00
1.601560e-01  7.701783e+00  5.473264e+00 -2.091286e+00 -5.703094e-01 -9.123855e+00  2.856784e+00
1.601834e-01  7.697768e+00  5.474641e+00 -2.091715e+00 -5.704234e-01 -9.123276e+00  2.856501e+00
1.602433e-01  7.688988e+00  5.477652e+00 -2.092652e+00 -5.706725e-01 -9.122008e+00  2.855880e+00
1.603581e-01  7.672201e+00  5.483404e+00 -2.094441e+00 -5.711481e-01 -9.119577e+00  2.854690e+00
1.605577e-01  7.643092e+00  5.493368e+00 -2.097537e+00 -5.719710e-01 -9.115340e+00  2.852617e+00
1.608803e-01  7.596271e+00  5.509364e+00 -2.102499e+00 -5.732894e-01 -9.108471e+00  2.849258e+00
1.613728e-01  7.525367e+00  5.533515e+00 -2.109969e+00 -5.752733e-01 -9.097937e+00  2.844112e+00
1.620903e-01  7.423265e+00  5.568132e+00 -2.120630e+00 -5.781030e-01 -9.082487e+00  2.836575e+00
1.630960e-01  7.282497e+00  5.615540e+00 -2.135138e+00 -5.819501e-01 -9.060623e+00  2.825932e+00
1.644606e-01  7.095806e+00  5.677812e+00 -2.154019e+00 -5.869504e-01 -9.030585e+00  2.811347e+00
1.662611e-01  6.856865e+00  5.756442e+00 -2.177548e+00 -5.931694e-01 -8.990318e+00  2.791860e+00
1.685795e-01  6.561124e+00  5.851944e+00 -2.205594e+00 -6.005614e-01 -8.937454e+00  2.766376e+00
1.715015e-01  6.206678e+00  5.963439e+00 -2.237461e+00 -6.089259e-01 -8.869301e+00  2.733669e+00
1.751145e-01  5.795039e+00  6.088270e+00 -2.271746e+00 -6.178676e-01 -8.782858e+00  2.692387e+00
1.795059e-01  5.331665e+00  6.221722e+00 -2.306226e+00 -6.267681e-01 -8.674880e+00  2.641083e+00
1.847607e-01  4.826080e+00  6.356929e+00 -2.337832e+00 -6.347766e-01 -8.541987e+00  2.578262e+00
1.909597e-01  4.291494e+00  6.485035e+00 -2.362712e+00 -6.408293e-01 -8.380858e+00  2.502456e+00
1.981774e-01  3.743873e+00  6.595656e+00 -2.376421e+00 -6.437002e-01 -8.188483e+00  2.412332e+00
2.064794e-01  3.200555e+00  6.677627e+00 -2.374225e+00 -6.420865e-01 -7.962476e+00  2.306820e+00
2.159211e-01  2.678593e+00  6.719982e+00 -2.351507e+00 -6.347194e-01 -7.701406e+00  2.185250e+00
2.265454e-01  2.193102e+00  6.713045e+00 -2.304222e+00 -6.204908e-01 -7.405112e+00  2.047493e+00
2.383811e-01  1.755875e+00  6.649473e+00 -2.229346e+00 -5.985778e-01 -7.074938e+00  1.894065e+00
2.514418e-01  1.374525e+00  6.525090e+00 -2.125255e+00 -5.685468e-01 -6.713845e+00  1.726191e+00
2.657247e-01  1.052237e+00  6.339382e+00 -1.991957e+00 -5.304209e-01 -6.326371e+00  1.545811e+00
2.812096e-01  7.881208e-01  6.095569e+00 -1.831168e+00 -4.847000e-01 -5.918418e+00  1.355508e+00
2.978589e-01  5.780281e-01  5.800251e+00 -1.646191e+00 -4.323295e-01 -5.496904e+00  1.158384e+00
3.156174e-01  4.156033e-01  5.462708e+00 -1.441644e+00 -3.746247e-01 -5.069309e+00  9.578734e-01
3.344127e-01  2.933680e-01  5.093972e+00 -1.223061e+00 -3.131606e-01 -4.643185e+00  7.575425e-01
3.541562e-01  2.036587e-01  4.705812e+00 -9.964421e-01 -2.496442e-01 -4.225687e+00  5.608731e-01
3.747436e-01  1.393196e-01  4.309789e+00 -7.677941e-01 -1.857867e-01 -3.823178e+00  3.710708e-01
3.960570e-01  9.412408e-02  3.916469e+00 -5.427310e-01 -1.231886e-01 -3.440947e+00  1.909083e-01
4.179666e-01  6.295287e-02  3.534862e+00 -3.261580e-01 -6.324870e-02 -3.083042e+00  2.261689e-02
4.403322e-01  4.179082e-02  3.172111e+00 -1.220624e-01 -7.103008e-03 -2.752235e+00 -1.321719e-01
4.630064e-01  2.761102e-02  2.833400e+00  6.658685e-02  4.440598e-02 -2.450071e+00 -2.724341e-01
4.858360e-01  1.820687e-02  2.522046e+00  2.378440e-01  9.073241e-02 -2.177008e+00 -3.977204e-01
5.086657e-01  1.201552e-02  2.239707e+00  3.907141e-01  1.316077e-01 -1.932593e+00 -5.080908e-01
5.313398e-01  7.957352e-03  1.986680e+00  5.250268e-01  1.670055e-01 -1.715665e+00 -6.040287e-01
5.537055e-01  5.302185e-03  1.762201e+00  6.412817e-01  1.970966e-01 -1.524549e+00 -6.863457e-01
5.756150e-01  3.564216e-03  1.564754e+00  7.404833e-01  2.222022e-01 -1.357247e+00 -7.560868e-01
5.969285e-01  2.423716e-03  1.392339e+00  8.239841e-01  2.427468e-01 -1.211587e+00 -8.144418e-01
6.175159e-01  1.671509e-03  1.242691e+00  8.933446e-01  2.592170e-01 -1.085353e+00 -8.626700e-01
6.372593e-01  1.171345e-03  1.113453e+00  9.502170e-01  2.721266e-01 -9.763793e-01 -9.020378e-01
6.560547e-01  8.350840e-04  1.002305e+00  9.962545e-01  2.819889e-01 -8.826125e-01 -9.337717e-01
6.738132e-01  6.062244e-04  9.070457e-01  1.033044e+00  2.892956e-01 -8.021563e-01 -9.590240e-01
6.904625e-01  4.487158e-04  8.256433e-01  1.062061e+00  2.945030e-01 -7.332914e-01 -9.788508e-01
7.059474e-01  3.393213e-04  7.562631e-01  1.084642e+00  2.980231e-01 -6.744818e-01 -9.941993e-01
7.202302e-01  2.626526e-04  6.972734e-01  1.101969e+00  3.002186e-01 -6.243718e-01 -1.005903e+00
7.332910e-01  2.082265e-04  6.472407e-01  1.115070e+00  3.014023e-01 -5.817752e-01 -1.014684e+00
7.451267e-01  1.688610e-04  6.049170e-01  1.124821e+00  3.018379e-01 -5.456607e-01 -1.021154e+00
7.557510e-01  1.397613e-04  5.692222e-01  1.131956e+00  3.017434e-01 -5.151361e-01 -1.025829e+00
7.651927e-01  1.178595e-04  5.392253e-01  1.137082e+00  3.012947e-01 -4.894309e-01 -1.029130e+00
7.734947e-01  1.012373e-04  5.141249e-01  1.140690e+00  3.006307e-01 -4.678804e-01 -1.031401e+00
7.807123e-01  8.864707e-05  4.932314e-01  1.143173e+00  2.998575e-01 -4.499105e-01 -1.032916e+00
7.869114e-01  7.918343e-05  4.759496e-01  1.144840e+00  2.990537e-01 -4.350239e-01 -1.033889e+00
7.921662e-01  7.211621e-05  4.617643e-01  1.145926e+00  2.982746e-01 -4.227880e-01 -1.034483e+00
7.965576e-01  6.683852e-05  4.502274e-01  1.146611e+00  2.975569e-01 -4.128249e-01 -1.034823e+00
8.001706e-01  6.286606e-05  4.409470e-01  1.147026e+00  2.969219e-01 -4.048026e-01 -1.034998e+00
8.030926e-01  5.983952e-05  4.335786e-01  1.147265e+00  2.963797e-01 -3.984280e-01 -1.035071e+00
8.054110e-01  5.751102e-05  4.278181e-01  1.147395e+00  2.959316e-01 -3.934411e-01 -1.035086e+00
8.072115e-01  5.571710e-05  4.233963e-01  1.147460e+00  2.955728e-01 -3.896111e-01 -1.035073e+00
8.085761e-01  5.434871e-05  4.200748e-01  1.147488e+00  2.952946e-01 -3.867330e-01 -1.035048e+00
8.095818e-01  5.332686e-05  4.176431e-01  1.147498e+00  2.950861e-01 -3.846253e-01 -1.035022e+00
8.102992e-01  5.258729e-05  4.159168e-01  1.147499e+00  2.949357e-01 -3.831286e-01 -1.034999e+00
8.107917e-01  5.207315e-05  4.147359e-01  1.147496e+00  2.948315e-01 -3.821047e-01 -1.034981e+00
8.111144e-01  5.173297e-05  4.139640e-01  1.147494e+00  2.947630e-01 -3.814353e-01 -1.034968e+00
8.113140e-01  5.152111e-05  4.134872e-01  1.147491e+00  2.947204e-01 -3.810218e-01 -1.034960e+00
8.114287e-01  5.139877e-05  4.132133e-01  1.147490e+00  2.946959e-01 -3.807842e-01 -1.034955e+00
8.114887e-01  5.133474e-05  4.130704e-01  1.147489e+00  2.946830e-01 -3.806603e-01 -1.034953e+00
8.115160e-01  5.130544e-05  4.130051e-01  1.147489e+00  2.946772e-01 -3.806036e-01 -1.034952e+00
8.115263e-01  5.129445e-05  4.129806e-01  1.147489e+00  2.946750e-01 -3.805824e-01 -1.034951e+00
8.115291e-01  5.129145e-05  4.129739e-01  1.147489e+00  2.946744e-01 -3.805766e-01 -1.034951e+00
8.115295e-01  5.129101e-05  4.129729e-01  1.147489e+00  2.946743e-01 -3.805758e-01 -1.034951e+00
8.115296e-01  5.129096e-05  4.129728e-01  1.147489e+00  2.946743e-01 -3.805756e-01 -1.034951e+00
8.115308e-01  5.128981e-05  4.129698e-01  1.147489e+00  2.946740e-01 -3.805730e-01 -1.034951e+00
8.115394e-01  5.128199e-05  4.129494e-01  1.147488e+00  2.946722e-01 -3.805553e-01 -1.034951e+00
8.115709e-01  5.125327e-05  4.128744e-01  1.147488e+00  2.946654e-01 -3.804903e-01 -1.034949e+00
8.116547e-01  5.117677e-05  4.126744e-01  1.147487e+00  2.946474e-01 -3.803169e-01 -1.034946e+00
8.118383e-01  5.100975e-05  4.122372e-01  1.147484e+00  2.946080e-01 -3.799377e-01 -1.034938e+00
8.121899e-01  5.069137e-05  4.114012e-01  1.147477e+00  2.945322e-01 -3.792124e-01 -1.034921e+00
8.128014e-01  5.014230e-05  4.099510e-01  1.147463e+00  2.943996e-01 -3.779543e-01 -1.034891e+00
8.137899e-01  4.926704e-05  4.076171e-01  1.147433e+00  2.941830e-01 -3.759292e-01 -1.034837e+00
8.152987e-01  4.796015e-05  4.040801e-01  1.147370e+00  2.938472e-01 -3.728591e-01 -1.034743e+00
8.174968e-01  4.611725e-05  3.989810e-01  1.147240e+00  2.933467e-01 -3.684309e-01 -1.034578e+00
8.205780e-01  4.365125e-05  3.919392e-01  1.146984e+00  2.926233e-01 -3.623114e-01 -1.034296e+00
8.247587e-01  4.051279e-05  3.825791e-01  1.146502e+00  2.916014e-01 -3.541695e-01 -1.033816e+00
8.302747e-01  3.671169e-05  3.705641e-01  1.145633e+00  2.901839e-01 -3.437044e-01 -1.033018e+00
8.373776e-01  3.233438e-05  3.556367e-01  1.144138e+00  2.882468e-01 -3.306803e-01 -1.031722e+00
8.463297e-01  2.755023e-05  3.376618e-01  1.141675e+00  2.856337e-01 -3.149621e-01 -1.029677e+00
8.573988e-01  2.260057e-05  3.166668e-01  1.137787e+00  2.821531e-01 -2.965506e-01 -1.026544e+00
8.708525e-01  1.776797e-05  2.928720e-01  1.131892e+00  2.775773e-01 -2.756091e-01 -1.021896e+00
8.869516e-01  1.332956e-05  2.667043e-01  1.123290e+00  2.716473e-01 -2.524767e-01 -1.015217e+00
9.059434e-01  9.506376e-06  2.387864e-01  1.111198e+00  2.640841e-01 -2.276626e-01 -1.005923e+00
9.280559e-01  6.424457e-06  2.099009e-01  1.094795e+00  2.546067e-01 -2.018188e-01 -9.933964e-01
9.534907e-01  4.101633e-06  1.809281e-01  1.073298e+00  2.429573e-01 -1.756918e-01 -9.770329e-01
9.824170e-01  2.463961e-06  1.527669e-01  1.046052e+00  2.289312e-01 -1.500585e-01 -9.563046e-01
1.014966e+00  1.383095e-06  1.262487e-01  1.012619e+00  2.124083e-01 -1.256557e-01 -9.308237e-01
1.051227e+00  7.172398e-07  1.020604e-01  9.728601e-01  1.933802e-01 -1.031137e-01 -9.004029e-01
1.091241e+00  3.396457e-07  8.068720e-02  9.269885e-01  1.719692e-01 -8.290513e-02 -8.650984e-01
1.134999e+00  1.489839e-07  6.238668e-02  8.755878e-01  1.484344e-01 -6.531617e-02 -8.252301e-01
1.182440e+00  6.761525e-08  4.719387e-02  8.195824e-01  1.231629e-01 -5.044402e-02 -7.813721e-01
1.233448e+00  3.818550e-08  3.495423e-02  7.601694e-01  9.664644e-02 -3.821698e-02 -7.343155e-01
1.287854e+00  2.387582e-08  2.537432e-02  6.987188e-01  6.944634e-02 -2.843152e-02 -6.850074e-01
1.345437e+00  9.242299e-09  1.807886e-02  6.366598e-01  4.215246e-02 -2.079727e-02 -6.344767e-01
1.405925e+00 -4.382680e-09  1.266375e-02  5.753694e-01  1.534112e-02 -1.498160e-02 -5.837580e-01
1.468998e+00 -9.832050e-09  8.738180e-03  5.160777e-01 -1.046237e-02 -1.064744e-02 -5.338215e-01
1.534295e+00 -5.005274e-09  5.952571e-03  4.598011e-01 -3.481267e-02 -7.480841e-03 -4.855187e-01
1.601419e+00  3.932703e-09  4.012925e-03  4.073055e-01 -5.736293e-02 -5.207588e-03 -4.395462e-01
1.669940e+00  8.230819e-09  2.684191e-03  3.590995e-01 -7.787250e-02 -3.600228e-03 -3.964290e-01
1.739407e+00  4.514007e-09  1.786247e-03  3.154499e-01 -9.620503e-02 -2.478013e-03 -3.565200e-01
1.809349e+00 -2.851572e-09  1.185925e-03  2.764148e-01 -1.123192e-01 -1.702386e-03 -3.200130e-01
1.879292e+00 -6.708096e-09  7.877290e-04  2.418845e-01 -1.262544e-01 -1.170309e-03 -2.869646e-01
1.948758e+00 -3.984166e-09  5.249233e-04  2.116256e-01 -1.381137e-01 -8.070988e-04 -2.573194e-01
2.017280e+00  2.055017e-09  3.518701e-04  1.853218e-01 -1.480465e-01 -5.597665e-04 -2.309381e-01
2.084403e+00  5.598445e-09  2.378934e-04  1.626100e-01 -1.562322e-01 -3.913578e-04 -2.076219e-01
2.149701e+00  3.806121e-09  1.626341e-04  1.431084e-01 -1.628661e-01 -2.764447e-04 -1.871358e-01
2.212774e+00 -1.136811e-09  1.126949e-04  1.264391e-01 -1.681474e-01 -1.977032e-04 -1.692262e-01
2.273262e+00 -4.650569e-09  7.931171e-05  1.122420e-01 -1.722707e-01 -1.434136e-04 -1.536359e-01
2.330845e+00 -3.979773e-09  5.677976e-05  1.001849e-01 -1.754194e-01 -1.056870e-04 -1.401143e-01
2.385251e+00 -1.514980e-10  4.140258e-05  8.996835e-02 -1.777619e-01 -7.922856e-05 -1.284242e-01
2.436259e+00  3.480669e-09  3.078822e-05  8.132702e-02 -1.794488e-01 -6.048632e-05 -1.183466e-01
2.483700e+00  4.220667e-09  2.338002e-05  7.402933e-02 -1.806127e-01 -4.707021e-05 -1.096826e-01
2.527458e+00  1.894345e-09  1.815088e-05  6.787530e-02 -1.813676e-01 -3.736196e-05 -1.022538e-01
2.567472e+00 -1.526615e-09  1.441226e-05  6.269363e-02 -1.818104e-01 -3.025741e-05 -9.590211e-02
2.603732e+00 -3.701674e-09  1.169897e-05  5.833849e-02 -1.820214e-01 -2.499822e-05 -9.048814e-02
2.636282e+00 -3.498548e-09  9.698223e-06  5.468616e-02 -1.820668e-01 -2.106132e-05 -8.588986e-02
2.665208e+00 -1.389408e-09  8.202137e-06  5.163192e-02 -1.819993e-01 -1.808455e-05 -8.200057e-02
2.690643e+00  1.224479e-09  7.072819e-06  4.908712e-02 -1.818605e-01 -1.581538e-05 -7.872715e-02
2.712755e+00  3.011448e-09  6.216693e-06  4.697655e-02 -1.816824e-01 -1.407538e-05 -7.598819e-02
2.731747e+00  3.353590e-09  5.567151e-06  4.523624e-02 -1.814883e-01 -1.273606e-05 -7.371237e-02
2.747846e+00  2.414944e-09  5.074364e-06  4.381150e-02 -1.812953e-01 -1.170312e-05 -7.183698e-02
2.761300e+00  8.148015e-10  4.700095e-06  4.265527e-02 -1.811144e-01 -1.090621e-05 -7.030661e-02
2.772369e+00 -7.802506e-10  4.415161e-06  4.172686e-02 -1.809526e-01 -1.029239e-05 -6.907212e-02
2.781321e+00 -1.924790e-09  4.197806e-06  4.099079e-02 -1.808134e-01 -9.821541e-06 -6.808972e-02
2.788424e+00 -2.466351e-09  4.032170e-06  4.041601e-02 -1.806977e-01 -9.463029e-06 -6.732026e-02
2.793940e+00 -2.478158e-09  3.906758e-06  3.997519e-02 -1.806047e-01 -9.193156e-06 -6.672876e-02
2.798121e+00 -2.142727e-09  3.813058e-06  3.964429e-02 -1.805324e-01 -8.993260e-06 -6.628393e-02
2.801202e+00 -1.652458e-09  3.744490e-06  3.940217e-02 -1.804781e-01 -8.848345e-06 -6.595800e-02
2.803400e+00 -1.153637e-09  3.695720e-06  3.923034e-02 -1.804388e-01 -8.746151e-06 -6.572648e-02
2.804909e+00 -7.307106e-10  3.662272e-06  3.911283e-02 -1.804116e-01 -8.676554e-06 -6.556803e-02
2.805897e+00 -4.152473e-10  3.640357e-06  3.903603e-02 -1.803937e-01 -8.631190e-06 -6.546442e-02
2.806509e+00 -2.041332e-10  3.626798e-06  3.898860e-02 -1.803826e-01 -8.603221e-06 -6.540042e-02
2.806861e+00 -7.704905e-11  3.618999e-06  3.896136e-02 -1.803762e-01 -8.587170e-06 -6.536364e-02
2.807044e+00 -9.011710e-12  3.614926e-06  3.894714e-02 -1.803728e-01 -8.578799e-06 -6.534445e-02
2.807128e+00  2.246428e-11  3.613065e-06  3.894064e-02 -1.803713e-01 -8.574976e-06 -6.533569e-02
2.807159e+00  3.433527e-11  3.612367e-06  3.893821e-02 -1.803707e-01 -8.573542e-06 -6.533240e-02
2.807168e+00  3.757045e-11  3.612177e-06  3.893755e-02 -1.803706e-01 -8.573152e-06 -6.533150e-02
2.807169e+00  3.804817e-11  3.612149e-06  3.893745e-02 -1.803705e-01 -8.573094e-06 -6.533137e-02
2.807169e+00  3.806356e-11  3.612145e-06  3.893743e-02 -1.803705e-01 -8.573086e-06 -6.533135e-02
2.807174e+00  3.806141e-11  3.612054e-06  3.893709e-02 -1.803705e-01 -8.572889e-06 -6.533089e-02
2.807204e+00  3.804689e-11  3.611437e-06  3.893478e-02 -1.803699e-01 -8.571551e-06 -6.532777e-02
2.807313e+00  3.799356e-11  3.609170e-06  3.892628e-02 -1.803679e-01 -8.566634e-06 -6.531630e-02
2.807606e+00  3.785166e-11  3.603133e-06  3.890364e-02 -1.803625e-01 -8.553541e-06 -6.528573e-02
2.808246e+00  3.754253e-11  3.589956e-06  3.885414e-02 -1.803508e-01 -8.524955e-06 -6.521889e-02
2.809473e+00  3.695588e-11  3.564849e-06  3.875950e-02 -1.803282e-01 -8.470468e-06 -6.509105e-02
2.811606e+00  3.595232e-11  3.521589e-06  3.859545e-02 -1.802886e-01 -8.376519e-06 -6.486932e-02
2.815055e+00  3.437420e-11  3.452736e-06  3.833171e-02 -1.802237e-01 -8.226806e-06 -6.451247e-02
2.820318e+00  3.206799e-11  3.350175e-06  3.793263e-02 -1.801227e-01 -8.003376e-06 -6.397162e-02
2.827987e+00  2.892036e-11  3.206068e-06  3.735865e-02 -1.799713e-01 -7.688544e-06 -6.319185e-02
2.838736e+00  2.490597e-11  3.014230e-06  3.656866e-02 -1.797509e-01 -7.267719e-06 -6.211489e-02
2.853321e+00  2.013846e-11  2.771827e-06  3.552341e-02 -1.794366e-01 -6.732934e-06 -6.068316e-02
2.872564e+00  1.490713e-11  2.481098e-06  3.418987e-02 -1.789962e-01 -6.086545e-06 -5.884487e-02
2.897343e+00  9.674992e-12  2.150620e-06  3.254616e-02 -1.783874e-01 -5.344153e-06 -5.656016e-02
2.928573e+00  5.015011e-12  1.795511e-06  3.058663e-02 -1.775567e-01 -4.535558e-06 -5.380756e-02
2.967189e+00  1.477770e-12  1.436062e-06  2.832614e-02 -1.764378e-01 -3.702666e-06 -5.059001e-02
3.014123e+00 -5.834074e-13  1.094698e-06  2.580258e-02 -1.749522e-01 -2.893929e-06 -4.693936e-02
3.070287e+00 -1.165327e-12  7.917960e-07  2.307692e-02 -1.730108e-01 -2.156149e-06 -4.291839e-02
3.136542e+00 -6.607742e-13  5.415700e-07  2.022984e-02 -1.705183e-01 -1.525727e-06 -3.861918e-02
3.213683e+00  2.624148e-13  3.494935e-07  1.735529e-02 -1.673799e-01 -1.022221e-06 -3.415778e-02
3.302415e+00  9.302090e-13  2.123330e-07  1.455139e-02 -1.635104e-01 -6.465559e-07 -2.966515e-02
3.403327e+00  9.608648e-13  1.207509e-07  1.191028e-02 -1.588439e-01 -3.844174e-07 -2.527559e-02
3.516879e+00  4.228770e-13  6.321061e-08  9.508564e-03 -1.533438e-01 -2.130899e-07 -2.111441e-02
3.643378e+00 -2.615630e-13  2.932525e-08  7.400293e-03 -1.470116e-01 -1.085457e-07 -1.728674e-02
3.782971e+00 -6.254657e-13  1.131966e-08  5.613510e-03 -1.398915e-01 -5.000660e-08 -1.386926e-02
3.935625e+00 -4.790478e-13  3.625817e-09  4.150844e-03 -1.320712e-01 -2.119791e-08 -1.090615e-02
4.101127e+00 -1.779560e-14  1.808794e-09  2.993500e-03 -1.236782e-01 -9.634695e-09 -8.409430e-03
4.279073e+00  3.604588e-13  2.123619e-09  2.107423e-03 -1.148714e-01 -5.933754e-09 -6.363018e-03
4.468875e+00  3.800526e-13  2.016041e-09  1.450125e-03 -1.058292e-01 -4.029985e-09 -4.729457e-03
4.669759e+00  8.911918e-14  7.576951e-10  9.768984e-04 -9.673664e-02 -1.543608e-09 -3.457642e-03
4.880776e+00 -2.197281e-13 -7.864120e-10  6.455545e-04 -8.777219e-02  9.511646e-10 -2.490284e-03
5.100813e+00 -2.837258e-13 -1.373154e-09  4.193976e-04 -7.909650e-02  1.934022e-09 -1.770094e-03
5.328610e+00 -8.893912e-14 -6.529315e-10  2.685359e-04 -7.084413e-02  9.632172e-10 -1.244197e-03
5.562778e+00  1.514812e-13  5.522823e-10  1.699193e-04 -6.311863e-02 -7.726540e-10 -8.667100e-04
5.801821e+00  2.160285e-13  1.094255e-09  1.065737e-04 -5.599109e-02 -1.591281e-09 -5.997407e-04
6.044160e+00  7.334759e-14  5.687420e-10  6.647329e-05 -4.950147e-02 -8.599791e-10 -4.132595e-04
6.288163e+00 -1.161112e-13 -4.083513e-10  4.137038e-05 -4.366217e-02  5.629278e-10 -2.842758e-04
6.532165e+00 -1.721906e-13 -8.895929e-10  2.576959e-05 -3.846279e-02  1.296165e-09 -1.957023e-04
6.774505e+00 -6.136884e-14 -4.999771e-10  1.610679e-05 -3.387550e-02  7.593870e-10 -1.351602e-04
7.013547e+00  9.333647e-14  3.002532e-10  1.012654e-05 -2.986018e-02 -4.067132e-10 -9.387295e-05
7.247715e+00  1.454718e-13  7.434371e-10  6.425932e-06 -2.636920e-02 -1.081577e-09 -6.572215e-05
7.475513e+00  5.980680e-14  4.793849e-10  4.135667e-06 -2.335131e-02 -7.266160e-10 -4.649290e-05
7.695550e+00 -7.205560e-14 -1.789446e-10  2.712618e-06 -2.075468e-02  2.284079e-10 -3.330417e-05
7.906566e+00 -1.296280e-13 -6.237361e-10  1.816103e-06 -1.852915e-02  8.997698e-10 -2.419933e-05
8.107450e+00 -7.086984e-14 -5.088122e-10  1.237046e-06 -1.662774e-02  7.623372e-10 -1.785940e-05
8.297252e+00  4.405494e-14  9.057753e-12  8.535142e-07 -1.500746e-02  2.079425e-11 -1.340193e-05
8.475199e+00  1.168841e-13  4.790429e-10  5.975093e-07 -1.362978e-02 -6.763306e-10 -1.023834e-05
8.640700e+00  9.437995e-14  5.538073e-10  4.294100e-07 -1.246064e-02 -8.124058e-10 -7.973192e-06
8.793354e+00  1.509230e-15  2.267163e-10  3.216992e-07 -1.147030e-02 -3.587584e-10 -6.336356e-06
8.932947e+00 -8.960156e-14 -2.298872e-10  2.522737e-07 -1.063306e-02  3.014943e-10 -5.140244e-06
9.059447e+00 -1.176962e-13 -5.056997e-10  2.041000e-07 -9.926780e-03  7.174042e-10 -4.254152e-06
9.172998e+00 -7.047295e-14 -4.590408e-10  1.665173e-07 -9.332538e-03  6.731910e-10 -3.588172e-06
9.273910e+00  1.743565e-14 -1.628811e-10  1.350345e-07 -8.834165e-03  2.626249e-10 -3.081584e-06
9.362642e+00  9.432511e-14  1.902642e-10  1.091860e-07 -8.417859e-03 -2.426203e-10 -2.693530e-06
9.439784e+00  1.231044e-13  4.227798e-10  8.977778e-08 -8.071826e-03 -5.858224e-10 -2.395730e-06
9.506039e+00  9.624644e-14  4.561253e-10  7.696090e-08 -7.785954e-03 -6.488720e-10 -2.167489e-06
9.562202e+00  3.145636e-14  3.171838e-10  6.966845e-08 -7.551537e-03 -4.646599e-10 -1.992840e-06
9.609136e+00 -4.307803e-14  9.253585e-11  6.605800e-08 -7.361042e-03 -1.535411e-10 -1.859204e-06
9.647752e+00 -1.030150e-13 -1.268834e-10  6.426529e-08 -7.207908e-03  1.555174e-10 -1.756794e-06
9.678982e+00 -1.354811e-13 -2.814766e-10  6.294493e-08 -7.086389e-03  3.766310e-10 -1.678223e-06
9.703762e+00 -1.394426e-13 -3.519072e-10  6.142719e-08 -6.991427e-03  4.806589e-10 -1.618056e-06
9.723005e+00 -1.217047e-13 -3.493993e-10  5.958322e-08 -6.918557e-03  4.820579e-10 -1.572321e-06
9.737589e+00 -9.193894e-14 -2.996749e-10  5.757882e-08 -6.863834e-03  4.163236e-10 -1.538046e-06
9.748339e+00 -5.893673e-14 -2.294165e-10  5.565666e-08 -6.823779e-03  3.207695e-10 -1.512908e-06
9.756007e+00 -2.877251e-14 -1.587329e-10  5.400670e-08 -6.795346e-03  2.237233e-10 -1.494998e-06
9.761270e+00 -4.546286e-15 -9.912438e-11  5.272166e-08 -6.775898e-03  1.415130e-10 -1.482702e-06
9.764719e+00  1.298739e-14 -5.479120e-11  5.180651e-08 -6.763187e-03  8.022036e-11 -1.474639e-06
9.766852e+00  2.452060e-14 -2.517120e-11  5.120979e-08 -6.755335e-03  3.921295e-11 -1.469648e-06
9.768079e+00  3.139612e-14 -7.357213e-12  5.085573e-08 -6.750825e-03  1.453139e-11 -1.466777e-06
9.768719e+00  3.505798e-14  2.175239e-12  5.066762e-08 -6.748472e-03  1.318600e-12 -1.465277e-06
9.769012e+00  3.674775e-14  6.584166e-12  5.058093e-08 -6.747397e-03 -4.793773e-12 -1.464592e-06
9.769122e+00  3.738435e-14  8.246798e-12  5.054828e-08 -6.746993e-03 -7.098981e-12 -1.464335e-06
9.769151e+00  3.755777e-14  8.699896e-12  5.053939e-08 -6.746884e-03 -7.727212e-12 -1.464265e-06
9.769156e+00  3.758338e-14  8.766802e-12  5.053808e-08 -6.746867e-03 -7.819979e-12 -1.464254e-06
9.769157e+00  3.758412e-14  8.768948e-12  5.053798e-08 -6.746865e-03 -7.822964e-12 -1.464253e-06
9.769176e+00  3.758142e-14  8.768393e-12  5.053620e-08 -6.746794e-03 -7.822483e-12 -1.464211e-06
9.769305e+00  3.756319e-14  8.764637e-12  5.052412e-08 -6.746318e-03 -7.819222e-12 -1.463930e-06
9.769782e+00  3.749619e-14  8.750841e-12  5.047977e-08 -6.744567e-03 -7.807242e-12 -1.462898e-06
9.771053e+00  3.731799e-14  8.714140e-12  5.036172e-08 -6.739902e-03 -7.775374e-12 -1.460151e-06
9.773833e+00  3.693002e-14  8.634211e-12  5.010425e-08 -6.729704e-03 -7.705965e-12 -1.454155e-06
9.779159e+00  3.619461e-14  8.482621e-12  4.961450e-08 -6.710215e-03 -7.574310e-12 -1.442737e-06
9.788423e+00  3.493930e-14  8.223595e-12  4.877321e-08 -6.676452e-03 -7.349296e-12 -1.423084e-06
9.803397e+00  3.297247e-14  7.817043e-12  4.744095e-08 -6.622230e-03 -6.995990e-12 -1.391859e-06
9.826253e+00  3.011500e-14  7.224727e-12  4.547216e-08 -6.540318e-03 -6.480924e-12 -1.345472e-06
9.859551e+00  2.625023e-14  6.420082e-12  4.273867e-08 -6.422791e-03 -5.780535e-12 -1.280559e-06
9.906227e+00  2.138880e-14  5.401073e-12  3.916224e-08 -6.261592e-03 -4.892231e-12 -1.194646e-06
9.969557e+00  1.573490e-14  4.203579e-12  3.475219e-08 -6.049318e-03 -3.845954e-12 -1.086968e-06
1.005312e+01  9.727692e-15  2.910311e-12  2.963859e-08 -5.780210e-03 -2.712008e-12 -9.592458e-07
1.016071e+01  4.022789e-15  1.648516e-12  2.408731e-08 -5.451246e-03 -1.599349e-12 -8.161918e-07
1.029632e+01 -6.169914e-16  5.703562e-13  1.848165e-08 -5.063190e-03 -6.391095e-13 -6.654334e-07
1.046400e+01 -3.524765e-15 -1.850909e-13  1.326204e-08 -4.621388e-03  4.766689e-14 -5.166295e-07
1.066781e+01 -4.378858e-15 -5.398028e-13  8.830092e-09 -4.136084e-03  3.910258e-13 -3.797998e-07
1.091168e+01 -3.395099e-15 -5.157431e-13  5.444156e-09 -3.622043e-03  4.057836e-13 -2.632301e-07
1.119938e+01 -1.337683e-15 -2.412473e-13  3.148110e-09 -3.097427e-03  1.978602e-13 -1.716416e-07
1.153435e+01  7.236025e-16  8.970933e-14  1.771964e-09 -2.581973e-03 -6.934041e-14 -1.053703e-07
1.191965e+01  1.852330e-15  2.964437e-13  1.014123e-09 -2.094772e-03 -2.413344e-13 -6.096809e-08
1.235784e+01  1.676420e-15  2.924939e-13  5.715781e-10 -1.652052e-03 -2.414136e-13 -3.298068e-08
1.285091e+01  5.518381e-16  1.210328e-13  2.518322e-10 -1.265426e-03 -1.017695e-13 -1.603691e-08
1.340020e+01 -6.821325e-16 -8.272890e-14  6.295974e-12 -9.409618e-04  6.677659e-14 -6.231086e-09
1.400635e+01 -1.240858e-15 -1.839617e-13 -1.265878e-10 -6.792137e-04  1.517497e-13 -1.272263e-09
1.466922e+01 -8.850368e-16 -1.359920e-13 -1.190013e-10 -4.761038e-04  1.130408e-13  2.880908e-10
1.538787e+01 -2.296339e-17 -2.201141e-15 -1.569013e-11 -3.243456e-04  2.315778e-15 -1.261362e-10
1.616056e+01  6.483887e-16  1.027184e-13  8.402356e-11 -2.150164e-04 -8.520932e-14 -9.745237e-10
1.698474e+01  6.844614e-16  1.047464e-13  1.002674e-10 -1.389441e-04 -8.744929e-14 -1.127693e-09
1.785703e+01  1.928698e-16  2.212678e-14  3.225382e-11 -8.771021e-05 -1.899327e-14 -4.053695e-10
1.877332e+01 -3.286788e-16 -6.208187e-14 -5.058342e-11 -5.422207e-05  5.123751e-14  5.182016e-10
1.972878e+01 -4.477228e-16 -7.734541e-14 -7.578173e-11 -3.291074e-05  6.430986e-14  8.432052e-10
2.071794e+01 -1.416017e-16 -2.301970e-14 -3.068298e-11 -1.966253e-05  1.933839e-14  3.789407e-10
2.173476e+01  2.469683e-16  4.143686e-14  3.416248e-11 -1.159505e-05 -3.434617e-14 -3.499322e-10
2.277275e+01  3.594738e-16  5.725899e-14  5.805912e-11 -6.773860e-06 -4.774309e-14 -6.551972e-10
2.382505e+01  1.345061e-16  1.823188e-14  2.569101e-11 -3.940952e-06 -1.550888e-14 -3.226193e-10
2.488458e+01 -1.850097e-16 -3.160272e-14 -2.543337e-11 -2.296383e-06  2.578773e-14  2.575432e-10
2.594410e+01 -3.127031e-16 -4.508626e-14 -4.624105e-11 -1.343701e-06  3.688655e-14  5.251412e-10
2.699641e+01 -1.762036e-16 -1.504656e-14 -2.200525e-11 -7.867410e-07  1.180024e-14  2.795826e-10
2.803440e+01  5.647099e-17  2.509369e-14  1.936158e-11 -4.582192e-07 -2.162733e-14 -1.905092e-10
2.905122e+01  1.663600e-16  3.740814e-14  3.848766e-11 -2.669416e-07 -3.180535e-14 -4.357160e-10
3.004038e+01  8.409089e-17  1.413276e-14  2.111606e-11 -1.603680e-07 -1.231950e-14 -2.669278e-10
3.099584e+01 -7.643343e-17 -1.978603e-14 -1.317962e-11 -1.033716e-07  1.595346e-14  1.187787e-10
3.191213e+01 -1.493023e-16 -3.321896e-14 -3.296713e-11 -7.093403e-08  2.702028e-14  3.663761e-10
3.278442e+01 -6.814431e-17 -1.648689e-14 -2.326601e-11 -4.796038e-08  1.286581e-14  2.855961e-10
3.360859e+01  9.444095e-17  1.360456e-14  4.767020e-12 -2.900026e-08 -1.235647e-14 -2.037358e-11
3.438128e+01  2.094434e-16  3.134477e-14  2.702560e-11 -1.478608e-08 -2.706009e-14 -2.863399e-10
3.509994e+01  2.032599e-16  2.374007e-14  2.723987e-11 -7.182750e-09 -2.034992e-14 -3.169457e-10
3.576280e+01  1.040755e-16 -1.573592e-15  7.646572e-12 -5.767616e-09  1.333419e-15 -1.178591e-10
3.636895e+01  2.168214e-18 -2.518078e-14 -1.605492e-11 -7.595043e-09  2.162452e-14  1.472617e-10
3.691825e+01 -2.619363e-17 -3.129109e-14 -2.797572e-11 -9.155548e-09  2.716225e-14  2.993489e-10
3.741132e+01  3.174655e-17 -1.742324e-14 -2.226728e-11 -8.403621e-09  1.574909e-14  2.616191e-10
3.784951e+01  1.290927e-16  6.595109e-15 -4.425619e-12 -5.417412e-09 -4.440816e-15  8.215317e-11
3.823481e+01  1.995602e-16  2.678895e-14  1.453093e-11 -1.663851e-09 -2.167797e-14 -1.242799e-10
3.856978e+01  1.990348e-16  3.342028e-14  2.532784e-11  1.250640e-09 -2.771416e-14 -2.548633e-10
3.885747e+01  1.238926e-16  2.478928e-14  2.455903e-11  2.465511e-09 -2.100376e-14 -2.664249e-10
3.910135e+01  3.396331e-18  5.913998e-15  1.454610e-11  2.050429e-09 -5.639365e-15 -1.774634e-10
3.930515e+01 -1.212784e-16 -1.548494e-14  5.582454e-13  6.697060e-10  1.198298e-14 -4.040515e-11
3.947283e+01 -2.165619e-16 -3.281277e-14 -1.226302e-11 -8.962683e-10  2.636160e-14  9.095869e-11
3.960844e+01 -2.662588e-16 -4.260385e-14 -2.076083e-11 -2.088866e-09  3.457533e-14  1.820417e-10
3.971604e+01 -2.712057e-16 -4.458709e-14 -2.411401e-11 -2.680325e-09  3.635515e-14  2.222330e-10
3.979960e+01 -2.430586e-16 -4.059641e-14 -2.319320e-11 -2.711597e-09  3.318888e-14  2.188605e-10
3.986293e+01 -1.970111e-16 -3.323384e-14 -1.961576e-11 -2.363191e-09  2.721397e-14  1.875910e-10
3.990960e+01 -1.464656e-16 -2.486709e-14 -1.498115e-11 -1.839416e-09  2.038398e-14  1.444425e-10
3.994290e+01 -1.005232e-16 -1.713908e-14 -1.046205e-11 -1.300399e-09  1.405871e-14  1.013917e-10
3.996576e+01 -6.374954e-17 -1.089896e-14 -6.709174e-12 -8.405348e-10  8.944011e-15  6.523350e-11
3.998073e+01 -3.719057e-17 -6.369265e-15 -3.941504e-12 -4.962526e-10  5.228242e-15  3.840118e-11
3.999000e+01 -1.974311e-17 -3.384732e-15 -2.101229e-12 -2.653462e-10  2.778833e-15  2.049668e-11
3.999532e+01 -9.349614e-18 -1.603831e-15 -9.974379e-13 -1.261714e-10  1.316853e-15  9.736298e-12
3.999810e+01 -3.816352e-18 -6.548566e-16 -4.076393e-13 -5.160977e-11  5.377075e-16  3.980502e-12
3.999937e+01 -1.263544e-18 -2.168446e-16 -1.350397e-13 -1.710373e-11  1.780566e-16  1.318844e-12
3.999985e+01 -3.018994e-19 -5.181351e-17 -3.227190e-14 -4.088073e-12  4.254574e-17  3.151973e-13
3.999998e+01 -3.993068e-20 -6.853203e-18 -4.268682e-15 -5.407612e-13  5.627398e-18  4.169259e-14
4.000000e+01 -1.250940e-21 -2.146962e-19 -1.337295e-16 -1.694110e-14  1.762944e-19  1.306151e-15
