376 5
 0 0 0 1 1
 2 2 2 6 5
 -1.002866e+02 -9.125222e+00 -7.064384e-01 -6.976378e+00 -2.745678e-01
0.000000e+00 -1.360962e+02  3.788370e+01 -1.236015e+01  3.285548e-08 -9.032064e-09
3.278564e-09 -1.360962e+02  3.788369e+01 -1.236015e+01 -4.749380e-07  1.351401e-07
1.046582e-07 -1.360959e+02  3.788363e+01 -1.236013e+01 -1.617690e-05  4.593225e-06
7.915214e-07 -1.360943e+02  3.788319e+01 -1.235998e+01 -1.225595e-04  3.479724e-05
3.316517e-06 -1.360885e+02  3.788156e+01 -1.235945e+01 -5.136244e-04  1.458280e-04
1.004733e-05 -1.360729e+02  3.787723e+01 -1.235804e+01 -1.555995e-03  4.417766e-04
2.477810e-05 -1.360389e+02  3.786774e+01 -1.235494e+01 -3.836863e-03  1.089358e-03
5.299135e-05 -1.359736e+02  3.784958e+01 -1.234902e+01 -8.203726e-03  2.329193e-03
1.020609e-04 -1.358602e+02  3.781801e+01 -1.233872e+01 -1.579375e-02  4.484144e-03
1.813877e-04 -1.356772e+02  3.776702e+01 -1.232208e+01 -2.805054e-02  7.964080e-03
3.024627e-04 -1.353982e+02  3.768930e+01 -1.229672e+01 -4.672601e-02  1.326640e-02
4.788527e-04 -1.349928e+02  3.757631e+01 -1.225985e+01 -7.386488e-02  2.097163e-02
7.261078e-04 -1.344267e+02  3.741838e+01 -1.220831e+01 -1.117699e-01  3.173358e-02
1.061591e-03 -1.336623e+02  3.720494e+01 -1.213866e+01 -1.629460e-01  4.626338e-02
1.504231e-03 -1.326606e+02  3.692482e+01 -1.204722e+01 -2.300218e-01  6.530735e-02
2.074209e-03 -1.313819e+02  3.656660e+01 -1.193028e+01 -3.156507e-01  8.961869e-02
2.792580e-03 -1.297881e+02  3.611908e+01 -1.178415e+01 -4.223907e-01  1.199234e-01
3.680838e-03 -1.278444e+02  3.557178e+01 -1.160540e+01 -5.525697e-01  1.568821e-01
4.760448e-03 -1.255218e+02  3.491550e+01 -1.139098e+01 -7.081408e-01  2.010484e-01
6.052333e-03 -1.227987e+02  3.414285e+01 -1.113845e+01 -8.905364e-01  2.528276e-01
7.576358e-03 -1.196635e+02  3.324884e+01 -1.084613e+01 -1.100532e+00  3.124374e-01
9.350803e-03 -1.161155e+02  3.223130e+01 -1.051324e+01 -1.338128e+00  3.798745e-01
1.139185e-02 -1.121666e+02  3.109128e+01 -1.014006e+01 -1.602469e+00  4.548904e-01
1.371307e-02 -1.078416e+02  2.983326e+01 -9.727990e+00 -1.891797e+00  5.369781e-01
1.632504e-02 -1.031777e+02  2.846521e+01 -9.279549e+00 -2.203462e+00  6.253740e-01
1.923484e-02 -9.822388e+01  2.699844e+01 -8.798364e+00 -2.533977e+00  7.190741e-01
2.244580e-02 -9.303845e+01  2.544728e+01 -8.289060e+00 -2.879138e+00  8.168660e-01
2.595722e-02 -8.768712e+01  2.382858e+01 -7.757097e+00 -3.234177e+00  9.173732e-01
2.976415e-02 -8.223985e+01  2.216106e+01 -7.208570e+00 -3.593958e+00  1.019111e+00
3.385735e-02 -7.676782e+01  2.046455e+01 -6.649968e+00 -3.953196e+00  1.120549e+00
3.822326e-02 -7.134035e+01  1.875925e+01 -6.087919e+00 -4.306680e+00  1.220175e+00
4.284407e-02 -6.602211e+01  1.706491e+01 -5.528942e+00 -4.649483e+00  1.316556e+00
4.769797e-02 -6.087084e+01  1.540013e+01 -4.979210e+00 -4.977156e+00  1.408395e+00
5.275935e-02 -5.593563e+01  1.378179e+01 -4.444353e+00 -5.285875e+00  1.494578e+00
5.799924e-02 -5.125589e+01  1.222457e+01 -3.929301e+00 -5.572555e+00  1.574200e+00
6.338567e-02 -4.686099e+01  1.074065e+01 -3.438176e+00 -5.834911e+00  1.646595e+00
6.888423e-02 -4.277040e+01  9.339550e+00 -2.974232e+00 -6.071472e+00  1.711333e+00
7.445863e-02 -3.899448e+01  8.028110e+00 -2.539845e+00 -6.281557e+00  1.768218e+00
8.007127e-02 -3.553542e+01  6.810626e+00 -2.136542e+00 -6.465212e+00  1.817274e+00
8.568391e-02 -3.238858e+01  5.689042e+00 -1.765062e+00 -6.623126e+00  1.858714e+00
9.125831e-02 -2.954377e+01  4.663231e+00 -1.425447e+00 -6.756521e+00  1.892913e+00
9.675688e-02 -2.698664e+01  3.731313e+00 -1.117135e+00 -6.867042e+00  1.920378e+00
1.021433e-01 -2.469990e+01  2.889997e+00 -8.390786e-01 -6.956637e+00  1.941705e+00
1.073832e-01 -2.266443e+01  2.134904e+00 -5.898498e-01 -7.027451e+00  1.957557e+00
1.124446e-01 -2.086023e+01  1.460885e+00 -3.677446e-01 -7.081726e+00  1.968623e+00
1.172985e-01 -1.926713e+01  8.622964e-01 -1.708784e-01 -7.121713e+00  1.975601e+00
1.219193e-01 -1.786545e+01  3.332406e-01  2.731896e-03 -7.149606e+00  1.979168e+00
1.262852e-01 -1.663632e+01 -1.322349e-01  1.550981e-01 -7.167478e+00  1.979967e+00
1.303784e-01 -1.556202e+01 -5.399812e-01  2.882054e-01 -7.177249e+00  1.978595e+00
1.341853e-01 -1.462614e+01 -8.956301e-01  4.039698e-01 -7.180655e+00  1.975587e+00
1.376967e-01 -1.381361e+01 -1.204511e+00  5.042075e-01 -7.179231e+00  1.971419e+00
1.409077e-01 -1.311076e+01 -1.471600e+00  5.906146e-01 -7.174306e+00  1.966499e+00
1.438175e-01 -1.250521e+01 -1.701489e+00  6.647561e-01 -7.167010e+00  1.961171e+00
1.464295e-01 -1.198584e+01 -1.898383e+00  7.280619e-01 -7.158273e+00  1.955717e+00
1.487507e-01 -1.154268e+01 -2.066102e+00  7.818280e-01 -7.148847e+00  1.950359e+00
1.507917e-01 -1.116675e+01 -2.208104e+00  8.272224e-01 -7.139315e+00  1.945264e+00
1.525662e-01 -1.085004e+01 -2.327509e+00  8.652935e-01 -7.130117e+00  1.940553e+00
1.540902e-01 -1.058530e+01 -2.427127e+00  8.969801e-01 -7.121559e+00  1.936305e+00
1.553821e-01 -1.036603e+01 -2.509488e+00  9.231223e-01 -7.113841e+00  1.932560e+00
1.564617e-01 -1.018632e+01 -2.576877e+00  9.444721e-01 -7.107072e+00  1.929331e+00
1.573500e-01 -1.004083e+01 -2.631352e+00  9.617033e-01 -7.101290e+00  1.926609e+00
1.580683e-01 -9.924716e+00 -2.674776e+00  9.754204e-01 -7.096474e+00  1.924365e+00
1.586383e-01 -9.833555e+00 -2.708832e+00  9.861665e-01 -7.092567e+00  1.922557e+00
1.590810e-01 -9.763346e+00 -2.735038e+00  9.944283e-01 -7.089479e+00  1.921136e+00
1.594164e-01 -9.710473e+00 -2.754760e+00  1.000642e+00 -7.087108e+00  1.920050e+00
1.596637e-01 -9.671690e+00 -2.769219e+00  1.005195e+00 -7.085345e+00  1.919245e+00
1.598401e-01 -9.644119e+00 -2.779494e+00  1.008429e+00 -7.084078e+00  1.918667e+00
1.599612e-01 -9.625240e+00 -2.786527e+00  1.010642e+00 -7.083204e+00  1.918270e+00
1.600405e-01 -9.612891e+00 -2.791128e+00  1.012090e+00 -7.082630e+00  1.918009e+00
1.600896e-01 -9.605261e+00 -2.793970e+00  1.012984e+00 -7.082274e+00  1.917847e+00
1.601178e-01 -9.600876e+00 -2.795603e+00  1.013497e+00 -7.082069e+00  1.917754e+00
1.601325e-01 -9.598588e+00 -2.796455e+00  1.013766e+00 -7.081962e+00  1.917705e+00
1.601392e-01 -9.597542e+00 -2.796844e+00  1.013888e+00 -7.081913e+00  1.917683e+00
1.601418e-01 -9.597150e+00 -2.796990e+00  1.013934e+00 -7.081894e+00  1.917675e+00
1.601424e-01 -9.597044e+00 -2.797030e+00  1.013946e+00 -7.081889e+00  1.917672e+00
1.601425e-01 -9.597028e+00 -2.797036e+00  1.013948e+00 -7.081889e+00  1.917672e+00
1.601426e-01 -9.597025e+00 -2.797037e+00  1.013949e+00 -7.081888e+00  1.917672e+00
1.601430e-01 -9.596961e+00 -2.797061e+00  1.013956e+00 -7.081885e+00  1.917671e+00
1.601458e-01 -9.596527e+00 -2.797222e+00  1.014007e+00 -7.081865e+00  1.917661e+00
1.601560e-01 -9.594932e+00 -2.797816e+00  1.014194e+00 -7.081790e+00  1.917627e+00
1.601834e-01 -9.590682e+00 -2.799399e+00  1.014692e+00 -7.081591e+00  1.917537e+00
1.602433e-01 -9.581387e+00 -2.802860e+00  1.015780e+00 -7.081154e+00  1.917339e+00
1.603581e-01 -9.563610e+00 -2.809479e+00  1.017861e+00 -7.080316e+00  1.916959e+00
1.605577e-01 -9.532772e+00 -2.820957e+00  1.021470e+00 -7.078850e+00  1.916295e+00
1.608803e-01 -9.483131e+00 -2.839424e+00  1.027272e+00 -7.076461e+00  1.915217e+00
1.613728e-01 -9.407870e+00 -2.867401e+00  1.036056e+00 -7.072769e+00  1.913557e+00
1.620903e-01 -9.299307e+00 -2.907709e+00  1.048698e+00 -7.067294e+00  1.911109e+00
1.630960e-01 -9.149263e+00 -2.963322e+00  1.066110e+00 -7.059428e+00  1.907617e+00
1.644606e-01 -8.949597e+00 -3.037142e+00  1.089169e+00 -7.048405e+00  1.902771e+00
1.662611e-01 -8.692896e+00 -3.131710e+00  1.118611e+00 -7.033258e+00  1.896189e+00
1.685795e-01 -8.373308e+00 -3.248854e+00  1.154917e+00 -7.012776e+00  1.887409e+00
1.715015e-01 -7.987416e+00 -3.389302e+00  1.198178e+00 -6.985461e+00  1.875875e+00
1.751145e-01 -7.535080e+00 -3.552304e+00  1.247961e+00 -6.949494e+00  1.860926e+00
1.795059e-01 -7.020077e+00 -3.735307e+00  1.303204e+00 -6.902728e+00  1.841802e+00
1.847607e-01 -6.450422e+00 -3.933762e+00  1.362143e+00 -6.842724e+00  1.817646e+00
1.909597e-01 -5.838238e+00 -4.141107e+00  1.422306e+00 -6.766832e+00  1.787537e+00
1.981774e-01 -5.199104e+00 -4.348977e+00  1.480585e+00 -6.672331e+00  1.750535e+00
2.064794e-01 -4.550921e+00 -4.547666e+00  1.533400e+00 -6.556629e+00  1.705742e+00
2.159211e-01 -3.912408e+00 -4.726805e+00  1.576931e+00 -6.417502e+00  1.652381e+00
2.265454e-01 -3.301449e+00 -4.876188e+00  1.607421e+00 -6.253351e+00  1.589880e+00
2.383811e-01 -2.733529e+00 -4.986667e+00  1.621500e+00 -6.063439e+00  1.517953e+00
2.514418e-01 -2.220519e+00 -5.050969e+00  1.616484e+00 -5.848076e+00  1.436664e+00
2.657247e-01 -1.769970e+00 -5.064343e+00  1.590631e+00 -5.608720e+00  1.346467e+00
2.812096e-01 -1.384988e+00 -5.024933e+00  1.543296e+00 -5.347964e+00  1.248211e+00
2.978589e-01 -1.064640e+00 -4.933841e+00  1.474976e+00 -5.069415e+00  1.143112e+00
3.156174e-01 -8.047520e-01 -4.794886e+00  1.387241e+00 -4.777476e+00  1.032684e+00
3.344127e-01 -5.989125e-01 -4.614116e+00  1.282575e+00 -4.477055e+00  9.186561e-01
3.541562e-01 -4.394917e-01 -4.399153e+00  1.164138e+00 -4.173249e+00  8.028636e-01
3.747436e-01 -3.185399e-01 -4.158475e+00  1.035496e+00 -3.871031e+00  6.871451e-01
3.960570e-01 -2.284685e-01 -3.900734e+00  9.003530e-01 -3.574982e+00  5.732443e-01
4.179666e-01 -1.624926e-01 -3.634171e+00  7.623044e-01 -3.289088e+00  4.627302e-01
4.403322e-01 -1.148522e-01 -3.366174e+00  6.246452e-01 -3.016606e+00  3.569396e-01
4.630064e-01 -8.086125e-02 -3.103003e+00  4.902293e-01 -2.760015e+00  2.569419e-01
4.858360e-01 -5.684037e-02 -2.849653e+00  3.613893e-01 -2.521017e+00  1.635276e-01
5.086657e-01 -3.998654e-02 -2.609851e+00  2.399078e-01 -2.300593e+00  7.721410e-02
5.313398e-01 -2.821789e-02 -2.386140e+00  1.270317e-01 -2.099100e+00 -1.732839e-03
5.537055e-01 -2.002071e-02 -2.180026e+00  2.351769e-02 -1.916367e+00 -7.326817e-02
5.756150e-01 -1.431326e-02 -1.992151e+00 -7.030245e-02 -1.751818e+00 -1.375307e-01
5.969285e-01 -1.033271e-02 -1.822476e+00 -1.544460e-01 -1.604572e+00 -1.948041e-01
6.175159e-01 -7.546537e-03 -1.670457e+00 -2.292020e-01 -1.473546e+00 -2.454795e-01
6.372593e-01 -5.585724e-03 -1.535197e+00 -2.950579e-01 -1.357537e+00 -2.900202e-01
6.560547e-01 -4.196038e-03 -1.415575e+00 -3.526344e-01 -1.255285e+00 -3.289318e-01
6.738132e-01 -3.203026e-03 -1.310346e+00 -4.026297e-01 -1.165533e+00 -3.627367e-01
6.904625e-01 -2.487133e-03 -1.218225e+00 -4.457753e-01 -1.087057e+00 -3.919544e-01
7.059474e-01 -1.966223e-03 -1.137939e+00 -4.828012e-01 -1.018699e+00 -4.170868e-01
7.202302e-01 -1.583533e-03 -1.068268e+00 -5.144118e-01 -9.593769e-01 -4.386069e-01
7.332910e-01 -1.299555e-03 -1.008066e+00 -5.412683e-01 -9.080968e-01 -4.569532e-01
7.451267e-01 -1.086650e-03 -9.562764e-01 -5.639793e-01 -8.639530e-01 -4.725254e-01
7.557510e-01 -9.254315e-04 -9.119350e-01 -5.830952e-01 -8.261267e-01 -4.856834e-01
7.651927e-01 -8.022724e-04 -8.741693e-01 -5.991080e-01 -7.938806e-01 -4.967485e-01
7.734947e-01 -7.075367e-04 -8.421935e-01 -6.124521e-01 -7.665528e-01 -5.060048e-01
7.807123e-01 -6.343196e-04 -8.153020e-01 -6.235087e-01 -7.435494e-01 -5.137023e-01
7.869114e-01 -5.775795e-04 -7.928611e-01 -6.326102e-01 -7.243368e-01 -5.200602e-01
7.921662e-01 -5.335640e-04 -7.743017e-01 -6.400457e-01 -7.084350e-01 -5.252702e-01
7.965576e-01 -4.994391e-04 -7.591113e-01 -6.460660e-01 -6.954110e-01 -5.295002e-01
8.001706e-01 -4.730466e-04 -7.468277e-01 -6.508893e-01 -6.848730e-01 -5.328971e-01
8.030926e-01 -4.527337e-04 -7.370331e-01 -6.547052e-01 -6.764660e-01 -5.355899e-01
8.054110e-01 -4.372261e-04 -7.293495e-01 -6.576795e-01 -6.698683e-01 -5.376923e-01
8.072115e-01 -4.255286e-04 -7.234356e-01 -6.599570e-01 -6.647886e-01 -5.393043e-01
8.085761e-01 -4.168508e-04 -7.189840e-01 -6.616644e-01 -6.609639e-01 -5.405141e-01
8.095818e-01 -4.105526e-04 -7.157200e-01 -6.629125e-01 -6.581591e-01 -5.413991e-01
8.102992e-01 -4.061076e-04 -7.134002e-01 -6.637976e-01 -6.561653e-01 -5.420270e-01
8.107917e-01 -4.030788e-04 -7.118121e-01 -6.644025e-01 -6.548002e-01 -5.424564e-01
8.111144e-01 -4.011038e-04 -7.107734e-01 -6.647978e-01 -6.539074e-01 -5.427371e-01
8.113140e-01 -3.998858e-04 -7.101317e-01 -6.650418e-01 -6.533557e-01 -5.429104e-01
8.114287e-01 -3.991868e-04 -7.097629e-01 -6.651820e-01 -6.530387e-01 -5.430099e-01
8.114887e-01 -3.988222e-04 -7.095705e-01 -6.652551e-01 -6.528733e-01 -5.430618e-01
8.115160e-01 -3.986557e-04 -7.094825e-01 -6.652885e-01 -6.527977e-01 -5.430856e-01
8.115263e-01 -3.985932e-04 -7.094496e-01 -6.653011e-01 -6.527693e-01 -5.430945e-01
8.115291e-01 -3.985762e-04 -7.094406e-01 -6.653045e-01 -6.527616e-01 -5.430969e-01
8.115295e-01 -3.985737e-04 -7.094393e-01 -6.653050e-01 -6.527605e-01 -5.430973e-01
8.115296e-01 -3.985734e-04 -7.094391e-01 -6.653050e-01 -6.527603e-01 -5.430973e-01
8.115308e-01 -3.985658e-04 -7.094350e-01 -6.653066e-01 -6.527568e-01 -5.430984e-01
8.115394e-01 -3.985145e-04 -7.094075e-01 -6.653170e-01 -6.527332e-01 -5.431058e-01
8.115709e-01 -3.983257e-04 -7.093065e-01 -6.653554e-01 -6.526464e-01 -5.431331e-01
8.116547e-01 -3.978230e-04 -7.090373e-01 -6.654577e-01 -6.524149e-01 -5.432057e-01
8.118383e-01 -3.967250e-04 -7.084484e-01 -6.656813e-01 -6.519086e-01 -5.433646e-01
8.121899e-01 -3.946304e-04 -7.073218e-01 -6.661088e-01 -6.509401e-01 -5.436683e-01
8.128014e-01 -3.910137e-04 -7.053666e-01 -6.668498e-01 -6.492589e-01 -5.441950e-01
8.137899e-01 -3.852366e-04 -7.022166e-01 -6.680410e-01 -6.465502e-01 -5.450421e-01
8.152987e-01 -3.765828e-04 -6.974350e-01 -6.698431e-01 -6.424374e-01 -5.463248e-01
8.174968e-01 -3.643213e-04 -6.905249e-01 -6.724344e-01 -6.364920e-01 -5.481715e-01
8.205780e-01 -3.478016e-04 -6.809494e-01 -6.759988e-01 -6.282497e-01 -5.507168e-01
8.247587e-01 -3.265765e-04 -6.681613e-01 -6.807098e-01 -6.172349e-01 -5.540900e-01
8.302747e-01 -3.005393e-04 -6.516424e-01 -6.867082e-01 -6.029942e-01 -5.584014e-01
8.373776e-01 -2.700455e-04 -6.309509e-01 -6.940752e-01 -5.851355e-01 -5.637244e-01
8.463297e-01 -2.359840e-04 -6.057755e-01 -7.028027e-01 -5.633728e-01 -5.700758e-01
8.573988e-01 -1.997580e-04 -5.759884e-01 -7.127622e-01 -5.375711e-01 -5.773957e-01
8.708525e-01 -1.631508e-04 -5.416931e-01 -7.236792e-01 -5.077866e-01 -5.855297e-01
8.869516e-01 -1.280845e-04 -5.032573e-01 -7.351149e-01 -4.742946e-01 -5.942160e-01
9.059434e-01 -9.631658e-05 -4.613224e-01 -7.464628e-01 -4.376001e-01 -6.030814e-01
9.280559e-01 -6.915470e-05 -4.167853e-01 -7.569639e-01 -3.984246e-01 -6.116486e-01
9.534907e-01 -4.727315e-05 -3.707479e-01 -7.657429e-01 -3.576689e-01 -6.193556e-01
9.824170e-01 -3.068437e-05 -3.244381e-01 -7.718662e-01 -3.163520e-01 -6.255892e-01
1.014966e+00 -1.886138e-05 -2.791114e-01 -7.744159e-01 -2.755339e-01 -6.297285e-01
1.051227e+00 -1.095152e-05 -2.359453e-01 -7.725730e-01 -2.362314e-01 -6.311950e-01
1.091241e+00 -5.998586e-06 -1.959427e-01 -7.656993e-01 -1.993391e-01 -6.295038e-01
1.134999e+00 -3.109454e-06 -1.598584e-01 -7.534050e-01 -1.655658e-01 -6.243080e-01
1.182440e+00 -1.544942e-06 -1.281596e-01 -7.355933e-01 -1.353959e-01 -6.154317e-01
1.233448e+00 -7.513153e-07 -1.010216e-01 -7.124730e-01 -1.090770e-01 -6.028859e-01
1.287854e+00 -3.577793e-07 -7.835778e-02 -6.845397e-01 -8.663517e-02 -5.868656e-01
1.345437e+00 -1.530407e-07 -5.987256e-02 -6.525265e-01 -6.790917e-02 -5.677297e-01
1.405925e+00 -4.296632e-08 -4.512665e-02 -6.173348e-01 -5.259810e-02 -5.459659e-01
1.468998e+00  4.111247e-09 -3.360313e-02 -5.799548e-01 -4.031247e-02 -5.221476e-01
1.534295e+00  5.743428e-09 -2.476494e-02 -5.413865e-01 -3.062189e-02 -4.968877e-01
1.601419e+00 -1.230858e-08 -1.809883e-02 -5.025726e-01 -2.309440e-02 -4.707960e-01
1.669940e+00 -2.254385e-08 -1.314386e-02 -4.643465e-01 -1.732495e-02 -4.444438e-01
1.739407e+00 -1.309663e-08 -9.506087e-03 -4.274006e-01 -1.295307e-02 -4.183378e-01
1.809349e+00  6.417180e-09 -6.862149e-03 -3.922719e-01 -9.671040e-03 -3.929047e-01
1.879292e+00  1.750283e-08 -4.955397e-03 -3.593439e-01 -7.225080e-03 -3.684846e-01
1.948758e+00  1.126362e-08 -3.587796e-03 -3.288586e-01 -5.411788e-03 -3.453319e-01
2.017280e+00 -4.542835e-09 -2.610086e-03 -3.009362e-01 -4.071962e-03 -3.236224e-01
2.084403e+00 -1.461475e-08 -1.911917e-03 -2.755978e-01 -3.083412e-03 -3.034624e-01
2.149701e+00 -1.072077e-08 -1.412954e-03 -2.527883e-01 -2.353837e-03 -2.849005e-01
2.212774e+00  2.122425e-09 -1.055411e-03 -2.323979e-01 -1.814386e-03 -2.679390e-01
2.273262e+00  1.194637e-08 -7.980995e-04 -2.142803e-01 -1.414199e-03 -2.525449e-01
2.330845e+00  1.096544e-08 -6.118549e-04 -1.982679e-01 -1.115984e-03 -2.386596e-01
2.385251e+00  1.256030e-09 -4.761177e-04 -1.841835e-01 -8.925387e-04 -2.262066e-01
2.436259e+00 -8.583203e-09 -3.764247e-04 -1.718489e-01 -7.240755e-04 -2.150986e-01
2.483700e+00 -1.119464e-08 -3.025982e-04 -1.610914e-01 -5.962175e-04 -2.052422e-01
2.527458e+00 -5.644352e-09 -2.474566e-04 -1.517470e-01 -4.985074e-04 -1.965422e-01
2.567472e+00  3.216007e-09 -2.059121e-04 -1.436635e-01 -4.233213e-04 -1.889039e-01
2.603732e+00  9.252864e-09 -1.743438e-04 -1.367010e-01 -3.650828e-04 -1.822353e-01
2.636282e+00  9.261573e-09 -1.501624e-04 -1.307323e-01 -3.196973e-04 -1.764482e-01
2.665208e+00  4.192212e-09 -1.315072e-04 -1.256425e-01 -2.841433e-04 -1.714586e-01
2.690643e+00 -2.465839e-09 -1.170314e-04 -1.213278e-01 -2.561781e-04 -1.671877e-01
2.712755e+00 -7.249464e-09 -1.057510e-04 -1.176952e-01 -2.341234e-04 -1.635610e-01
2.731747e+00 -8.447853e-09 -9.693913e-05 -1.146607e-01 -2.167122e-04 -1.605090e-01
2.747846e+00 -6.355787e-09 -9.005158e-05 -1.121489e-01 -2.029782e-04 -1.579667e-01
2.761300e+00 -2.480954e-09 -8.467624e-05 -1.100914e-01 -1.921760e-04 -1.558731e-01
2.772369e+00  1.494174e-09 -8.049723e-05 -1.084265e-01 -1.837239e-04 -1.541715e-01
2.781321e+00  4.415190e-09 -7.726957e-05 -1.070982e-01 -1.771626e-04 -1.528090e-01
2.788424e+00  5.860213e-09 -7.480080e-05 -1.060558e-01 -1.721244e-04 -1.517366e-01
2.793940e+00  5.983574e-09 -7.293752e-05 -1.052531e-01 -1.683109e-04 -1.509090e-01
2.798121e+00  5.226330e-09 -7.155566e-05 -1.046488e-01 -1.654768e-04 -1.502848e-01
2.801202e+00  4.064249e-09 -7.055348e-05 -1.042056e-01 -1.634184e-04 -1.498264e-01
2.803400e+00  2.863480e-09 -6.984679e-05 -1.038905e-01 -1.619655e-04 -1.495002e-01
2.804909e+00  1.837979e-09 -6.936563e-05 -1.036748e-01 -1.609757e-04 -1.492767e-01
2.805897e+00  1.070052e-09 -6.905209e-05 -1.035337e-01 -1.603304e-04 -1.491305e-01
2.806509e+00  5.550073e-10 -6.885881e-05 -1.034466e-01 -1.599325e-04 -1.490401e-01
2.806861e+00  2.445849e-10 -6.874792e-05 -1.033965e-01 -1.597041e-04 -1.489882e-01
2.807044e+00  7.828442e-11 -6.869008e-05 -1.033703e-01 -1.595850e-04 -1.489611e-01
2.807128e+00  1.324469e-12 -6.866367e-05 -1.033584e-01 -1.595306e-04 -1.489487e-01
2.807159e+00 -2.770450e-11 -6.865376e-05 -1.033539e-01 -1.595102e-04 -1.489440e-01
2.807168e+00 -3.561609e-11 -6.865107e-05 -1.033527e-01 -1.595047e-04 -1.489428e-01
2.807169e+00 -3.678436e-11 -6.865067e-05 -1.033525e-01 -1.595039e-04 -1.489426e-01
2.807169e+00 -3.682209e-11 -6.865062e-05 -1.033525e-01 -1.595038e-04 -1.489426e-01
2.807174e+00 -3.682018e-11 -6.864923e-05 -1.033518e-01 -1.595009e-04 -1.489419e-01
2.807204e+00 -3.680725e-11 -6.863988e-05 -1.033476e-01 -1.594816e-04 -1.489375e-01
2.807313e+00 -3.675976e-11 -6.860549e-05 -1.033320e-01 -1.594106e-04 -1.489213e-01
2.807606e+00 -3.663341e-11 -6.851391e-05 -1.032903e-01 -1.592214e-04 -1.488781e-01
2.808246e+00 -3.635809e-11 -6.831391e-05 -1.031992e-01 -1.588082e-04 -1.487836e-01
2.809473e+00 -3.583540e-11 -6.793248e-05 -1.030250e-01 -1.580199e-04 -1.486028e-01
2.811606e+00 -3.494059e-11 -6.727411e-05 -1.027227e-01 -1.566581e-04 -1.482889e-01
2.815055e+00 -3.353176e-11 -6.622319e-05 -1.022357e-01 -1.544813e-04 -1.477828e-01
2.820318e+00 -3.146889e-11 -6.465060e-05 -1.014970e-01 -1.512173e-04 -1.470137e-01
2.827987e+00 -2.864480e-11 -6.242585e-05 -1.004301e-01 -1.465852e-04 -1.459004e-01
2.838736e+00 -2.502648e-11 -5.943509e-05 -9.895329e-02 -1.403305e-04 -1.443542e-01
2.853321e+00 -2.069968e-11 -5.560423e-05 -9.698381e-02 -1.322692e-04 -1.422827e-01
2.872564e+00 -1.590235e-11 -5.092411e-05 -9.444455e-02 -1.223389e-04 -1.395953e-01
2.897343e+00 -1.102638e-11 -4.547243e-05 -9.127163e-02 -1.106452e-04 -1.362104e-01
2.928573e+00 -6.567528e-12 -3.942500e-05 -8.742290e-02 -9.749098e-05 -1.320623e-01
2.967189e+00 -3.016952e-12 -3.304921e-05 -8.288622e-02 -8.337608e-05 -1.271099e-01
3.014123e+00 -7.140554e-13 -2.667562e-05 -7.768642e-02 -6.895471e-05 -1.213437e-01
3.070287e+00  2.869225e-13 -2.064995e-05 -7.188963e-02 -5.495360e-05 -1.147924e-01
3.136542e+00  2.661544e-13 -1.527571e-05 -6.560366e-02 -4.206370e-05 -1.075256e-01
3.213683e+00 -2.487012e-13 -1.076347e-05 -5.897358e-02 -3.083209e-05 -9.965394e-02
3.302415e+00 -6.950163e-13 -7.202571e-06 -5.217248e-02 -2.158410e-05 -9.132507e-02
3.403327e+00 -7.212256e-13 -4.563700e-06 -4.538800e-02 -1.439747e-05 -8.271500e-02
3.516879e+00 -3.287805e-13 -2.728693e-06 -3.880650e-02 -9.131949e-06 -7.401660e-02
3.643378e+00  1.870857e-13 -1.533579e-06 -3.259702e-02 -5.498479e-06 -6.542586e-02
3.782971e+00  4.722039e-13 -8.081651e-07 -2.689766e-02 -3.140876e-06 -5.712784e-02
3.935625e+00  3.704442e-13 -4.015611e-07 -2.180618e-02 -1.705375e-06 -4.928416e-02
4.101127e+00  2.089647e-14 -1.929749e-07 -1.737619e-02 -8.857229e-07 -4.202350e-02
4.279073e+00 -2.733622e-13 -9.369346e-08 -1.361871e-02 -4.442076e-07 -3.543612e-02
4.468875e+00 -2.948754e-13 -4.581555e-08 -1.050833e-02 -2.152291e-07 -2.957253e-02
4.669759e+00 -7.374699e-14 -1.881444e-08 -7.992159e-03 -9.730295e-08 -2.444608e-02
4.880776e+00  1.668425e-13 -2.310978e-09 -5.999888e-03 -3.718372e-08 -2.003835e-02
5.100813e+00  2.209093e-13  4.538746e-09 -4.453227e-03 -1.023419e-08 -1.630633e-02
5.328610e+00  7.271453e-14  2.738401e-09 -3.273710e-03 -3.221754e-09 -1.319010e-02
5.562778e+00 -1.150444e-13 -2.706870e-09 -2.388281e-03 -5.128999e-09 -1.062016e-02
5.801821e+00 -1.687882e-13 -5.541375e-09 -1.732639e-03 -6.698527e-09 -8.523665e-03
6.044160e+00 -6.030971e-14 -3.169526e-09 -1.252686e-03 -3.813231e-09 -6.829220e-03
6.288163e+00  8.799943e-14  1.741972e-09 -9.045652e-04  1.491550e-09 -5.470274e-03
6.532165e+00  1.348775e-13  4.455188e-09 -6.538125e-04  4.541336e-09 -4.387123e-03
6.774505e+00  5.098055e-14  2.785258e-09 -4.740450e-04  3.003386e-09 -3.527839e-03
7.013547e+00 -7.018157e-14 -1.228436e-09 -3.455030e-04 -1.128170e-09 -2.848385e-03
7.247715e+00 -1.138594e-13 -3.713141e-09 -2.536473e-04 -3.830065e-09 -2.312176e-03
7.475513e+00 -4.977507e-14 -2.654207e-09 -1.879265e-04 -2.877631e-09 -1.889325e-03
7.695550e+00  5.305459e-14  6.123265e-10 -1.407628e-04  4.774434e-10 -1.555752e-03
7.906566e+00  1.006253e-13  3.049883e-09 -1.067578e-04  3.105916e-09 -1.292265e-03
8.107450e+00  5.784551e-14  2.735173e-09 -8.209032e-05  2.920842e-09 -1.083707e-03
8.297252e+00 -3.089163e-14  2.475517e-10 -6.406876e-05  4.104877e-10 -9.181843e-04
8.475199e+00 -8.968350e-14 -2.218891e-09 -5.080071e-05 -2.193318e-09 -7.864114e-04
8.640700e+00 -7.551346e-14 -2.825728e-09 -4.095355e-05 -2.939890e-09 -6.811604e-04
8.793354e+00 -5.384982e-15 -1.376283e-09 -3.358424e-05 -1.541038e-09 -5.968133e-04
8.932947e+00  6.610320e-14  8.755525e-10 -2.802152e-05  7.643947e-10 -5.290042e-04
9.059447e+00  9.100634e-14  2.377670e-09 -2.378567e-05  2.373609e-09 -4.743379e-04
9.172998e+00  5.802002e-14  2.338318e-09 -2.053319e-05  2.427225e-09 -4.301698e-04
9.273910e+00 -7.950500e-15  1.020580e-09 -1.801773e-05  1.146694e-09 -3.944339e-04
9.362642e+00 -6.792600e-14 -6.787180e-10 -1.606154e-05 -5.735533e-10 -3.655097e-04
9.439784e+00 -9.303582e-14 -1.881766e-09 -1.453488e-05 -1.831534e-09 -3.421191e-04
9.506039e+00 -7.638392e-14 -2.163010e-09 -1.334144e-05 -2.172028e-09 -3.232468e-04
9.562202e+00 -3.030720e-14 -1.607234e-09 -1.240849e-05 -1.659574e-09 -3.080798e-04
9.609136e+00  2.447980e-14 -6.042445e-10 -1.168040e-05 -6.772751e-10 -2.959611e-04
9.647752e+00  6.967983e-14  4.158628e-10 -1.111424e-05  3.414738e-10 -2.863544e-04
9.678982e+00  9.530605e-14  1.160337e-09 -1.067668e-05  1.096462e-09 -2.788171e-04
9.703762e+00  1.001488e-13  1.524176e-09 -1.034160e-05  1.475543e-09 -2.729802e-04
9.723005e+00  8.891141e-14  1.549116e-09 -1.008833e-05  1.515631e-09 -2.685329e-04
9.737589e+00  6.855079e-14  1.349321e-09 -9.900184e-06  1.328529e-09 -2.652111e-04
9.748339e+00  4.548331e-14  1.047085e-09 -9.763520e-06  1.035889e-09 -2.627895e-04
9.756007e+00  2.419112e-14  7.361813e-10 -9.667020e-06  7.317547e-10 -2.610756e-04
9.761270e+00  6.999727e-15  4.712148e-10 -9.601246e-06  4.713147e-10 -2.599057e-04
9.764719e+00 -5.480334e-15  2.730236e-10 -9.558352e-06  2.760087e-10 -2.591421e-04
9.766852e+00 -1.370390e-14  1.401823e-10 -9.531896e-06  1.449124e-10 -2.586709e-04
9.768079e+00 -1.861130e-14  6.014593e-11 -9.516711e-06  6.586383e-11 -2.584003e-04
9.768719e+00 -2.122636e-14  1.727673e-11 -9.508791e-06  2.350557e-11 -2.582592e-04
9.769012e+00 -2.243341e-14 -2.560290e-12 -9.505174e-06  3.900875e-12 -2.581947e-04
9.769122e+00 -2.288819e-14 -1.004244e-11 -9.503817e-06 -3.494303e-12 -2.581705e-04
9.769151e+00 -2.301209e-14 -1.208160e-11 -9.503448e-06 -5.509828e-12 -2.581640e-04
9.769156e+00 -2.303039e-14 -1.238271e-11 -9.503394e-06 -5.807455e-12 -2.581630e-04
9.769157e+00 -2.303092e-14 -1.239243e-11 -9.503384e-06 -5.817070e-12 -2.581628e-04
9.769176e+00 -2.302929e-14 -1.239170e-11 -9.503151e-06 -5.816746e-12 -2.581586e-04
9.769305e+00 -2.301822e-14 -1.238677e-11 -9.501572e-06 -5.814552e-12 -2.581301e-04
9.769782e+00 -2.297754e-14 -1.236867e-11 -9.495769e-06 -5.806489e-12 -2.580252e-04
9.771053e+00 -2.286935e-14 -1.232052e-11 -9.480317e-06 -5.785040e-12 -2.577458e-04
9.773833e+00 -2.263379e-14 -1.221563e-11 -9.446585e-06 -5.738313e-12 -2.571354e-04
9.779159e+00 -2.218730e-14 -1.201662e-11 -9.382310e-06 -5.649639e-12 -2.559704e-04
9.788423e+00 -2.142517e-14 -1.167635e-11 -9.271544e-06 -5.497952e-12 -2.539569e-04
9.803397e+00 -2.023110e-14 -1.114172e-11 -9.095194e-06 -5.259434e-12 -2.507357e-04
9.826253e+00 -1.849640e-14 -1.036145e-11 -8.832384e-06 -4.910898e-12 -2.458989e-04
9.859551e+00 -1.615034e-14 -9.298613e-12 -8.462848e-06 -4.435235e-12 -2.390210e-04
9.906227e+00 -1.319954e-14 -7.947102e-12 -7.970397e-06 -3.828617e-12 -2.297067e-04
9.969557e+00 -9.768117e-15 -6.348944e-12 -7.347207e-06 -3.108141e-12 -2.176538e-04
1.005312e+01 -6.122718e-15 -4.606325e-12 -6.598197e-06 -2.317272e-12 -2.027256e-04
1.016071e+01 -2.661093e-15 -2.879767e-12 -5.744290e-06 -1.525405e-12 -1.850198e-04
1.029632e+01  1.544491e-16 -1.364695e-12 -4.823060e-06 -8.181536e-13 -1.649173e-04
1.046400e+01  1.920445e-15 -2.446281e-13 -3.885507e-06 -2.774788e-13 -1.430912e-04
1.066781e+01  2.443354e-15  3.690576e-13 -2.988663e-06  4.426358e-14 -1.204603e-04
1.091168e+01  1.855574e-15  4.876503e-13 -2.185286e-06  1.466029e-13 -9.808718e-05
1.119938e+01  6.210491e-16  2.566958e-13 -1.513557e-06  8.707842e-14 -7.703226e-05
1.153435e+01 -6.127433e-16 -9.026987e-14 -9.903293e-07 -3.714041e-14 -5.819900e-05
1.191965e+01 -1.280724e-15 -3.264918e-13 -6.105542e-07 -1.286727e-13 -4.220752e-05
1.235784e+01 -1.159854e-15 -3.323011e-13 -3.529470e-07 -1.326538e-13 -2.933041e-05
1.285091e+01 -4.660594e-16 -1.430148e-13 -1.890828e-07 -5.836688e-14 -1.950350e-05
1.340020e+01  2.950226e-16  9.076445e-14 -9.169369e-08  3.554843e-14 -1.239972e-05
1.400635e+01  6.517810e-16  2.111035e-13 -3.900512e-08  8.502543e-14 -7.536622e-06
1.466922e+01  4.590563e-16  1.589465e-13 -1.484537e-08  6.492696e-14 -4.383754e-06
1.538787e+01 -4.336794e-17  4.369868e-15 -6.845786e-09  2.752035e-15 -2.445995e-06
1.616056e+01 -4.451690e-16 -1.193547e-13 -5.424178e-09 -4.745149e-14 -1.313336e-06
1.698474e+01 -4.828746e-16 -1.237372e-13 -4.368179e-09 -4.922734e-14 -6.794974e-07
1.785703e+01 -2.105228e-16 -2.784895e-14 -1.636799e-09 -9.949847e-15 -3.371463e-07
1.877332e+01  9.867815e-17  7.169759e-14  1.419389e-09  3.094526e-14 -1.585914e-07
1.972878e+01  2.116797e-16  9.110320e-14  2.576795e-09  3.889575e-14 -7.065329e-08
2.071794e+01  1.192218e-16  2.804182e-14  1.237667e-09  1.267587e-14 -3.176534e-08
2.173476e+01 -5.249174e-18 -4.825162e-14 -1.023910e-09 -1.931453e-14 -1.679814e-08
2.277275e+01 -4.504139e-18 -6.797041e-14 -2.046885e-09 -2.811603e-14 -1.039900e-08
2.382505e+01  1.094956e-16 -2.258635e-14 -1.075459e-09 -9.851864e-15 -5.214423e-09
2.488458e+01  1.872892e-16  3.660876e-14  7.426567e-10  1.455662e-14 -2.889647e-10
2.594410e+01  1.075827e-16  5.352818e-14  1.646905e-09  2.189143e-14  2.398082e-09
2.699641e+01 -9.620611e-17  1.868204e-14  9.391003e-10  7.923408e-15  1.766174e-09
2.803440e+01 -2.670072e-16 -2.906125e-14 -5.354154e-10 -1.160007e-14 -7.476214e-10
2.905122e+01 -2.705327e-16 -4.452486e-14 -1.362856e-09 -1.810788e-14 -2.478963e-09
3.004038e+01 -1.120848e-16 -1.754855e-14 -8.933920e-10 -7.271434e-15 -1.918713e-09
3.099584e+01  7.770399e-17  2.308120e-14  3.075106e-10  9.204130e-15  2.070230e-10
3.191213e+01  1.604472e-16  4.035525e-14  1.130559e-09  1.611010e-14  1.928306e-09
3.278442e+01  9.810790e-17  2.187894e-14  9.377313e-10  8.279962e-15  1.887371e-09
3.360859e+01 -3.469431e-17 -1.340810e-14  4.761605e-12 -6.526010e-15  3.432448e-10
3.438128e+01 -1.265985e-16 -3.531493e-14 -8.540705e-10 -1.580506e-14 -1.317884e-09
3.509994e+01 -1.177588e-16 -2.785369e-14 -1.005248e-09 -1.281868e-14 -1.848927e-09
3.576280e+01 -3.190922e-17  9.184279e-16 -4.279347e-10 -7.554927e-16 -1.028604e-09
3.636895e+01  5.789280e-17  2.870436e-14  3.930493e-10  1.120311e-14  3.972638e-10
3.691825e+01  8.934328e-17  3.681289e-14  8.990876e-10  1.521130e-14  1.429960e-09
3.741132e+01  4.925954e-17  2.170824e-14  8.303120e-10  9.585621e-15  1.514055e-09
3.784951e+01 -2.887636e-17 -5.761345e-15  3.112384e-10 -1.403336e-15  7.622013e-10
3.823481e+01 -9.492229e-17 -2.959435e-14 -3.171107e-10 -1.125029e-14 -2.861114e-10
3.856978e+01 -1.134041e-16 -3.834772e-14 -7.370590e-10 -1.519686e-14 -1.073652e-09
3.885747e+01 -7.796956e-17 -2.969025e-14 -8.056212e-10 -1.214733e-14 -1.310407e-09
3.910135e+01 -6.800073e-18 -9.057164e-15 -5.673614e-10 -4.180555e-15 -1.024868e-09
3.930515e+01  7.205866e-17  1.487104e-14 -1.740454e-10  5.254943e-15 -4.445066e-10
3.947283e+01  1.347483e-16  3.455707e-14  2.134929e-10  1.311990e-14  1.678565e-10
3.960844e+01  1.689390e-16  4.594969e-14  4.890409e-10  1.774995e-14  6.275753e-10
3.971604e+01  1.740289e-16  4.861549e-14  6.173233e-10  1.892907e-14  8.634614e-10
3.979960e+01  1.570943e-16  4.453474e-14  6.172056e-10  1.741771e-14  8.952775e-10
3.986293e+01  1.279440e-16  3.659436e-14  5.334546e-10  1.435168e-14  7.891157e-10
3.990960e+01  9.542591e-17  2.744713e-14  4.128275e-10  1.078340e-14  6.178722e-10
3.994290e+01  6.563517e-17  1.894668e-14  2.907018e-10  7.452361e-15  4.382783e-10
3.996576e+01  4.168370e-17  1.206049e-14  1.874051e-10  4.747337e-15  2.838443e-10
3.998073e+01  2.433976e-17  7.052484e-15  1.104569e-10  2.777357e-15  1.677757e-10
3.999000e+01  1.292822e-17  3.749227e-15  5.900018e-11  1.476913e-15  8.976959e-11
3.999532e+01  6.124256e-18  1.776926e-15  2.803785e-11  7.000874e-16  4.270095e-11
3.999810e+01  2.500224e-18  7.256130e-16  1.146522e-11  2.859067e-16  1.746990e-11
3.999937e+01  8.278529e-19  2.402865e-16  3.799097e-12  9.468151e-17  5.790102e-12
3.999985e+01  1.978049e-19  5.741589e-17  9.079992e-13  2.262424e-17  1.383974e-12
3.999998e+01  2.616283e-20  7.594250e-18  1.201064e-13  2.992461e-18  1.830706e-13
4.000000e+01  8.196250e-22  2.379118e-19  3.762716e-15  9.374755e-20  5.735288e-15
