376 7
 0 0 0 0 1 1 2
 2 2 2 2 6 6 7
 -2.755336e+02 -3.232033e+01 -3.600786e+00 -1.687674e-01 -2.809077e+01 -2.337606e+00 -2.741551e-01
0.000000e+00  2.750605e+02 -8.336609e+01 -3.185815e+01  7.839726e+00 -3.852332e-06 -1.354248e-06 -4.883321e-09
3.278564e-09  2.750605e+02 -8.336608e+01 -3.185815e+01  7.839725e+00 -1.943888e-06 -6.386675e-07 -4.883308e-09
1.046582e-07  2.750598e+02 -8.336585e+01 -3.185806e+01  7.839704e+00  5.706889e-05  2.148846e-05 -4.884646e-09
7.915214e-07  2.750547e+02 -8.336431e+01 -3.185747e+01  7.839558e+00  4.568855e-04  1.714016e-04 -4.993778e-09
3.316517e-06  2.750359e+02 -8.335862e+01 -3.185530e+01  7.839024e+00  1.926598e-03  7.224773e-04 -6.892955e-09
1.004733e-05  2.749859e+02 -8.334347e+01 -3.184951e+01  7.837599e+00  5.843884e-03  2.191282e-03 -2.346175e-08
2.477810e-05  2.748766e+02 -8.331033e+01 -3.183684e+01  7.834482e+00  1.441460e-02  5.404913e-03 -1.181008e-07
5.299135e-05  2.746673e+02 -8.324688e+01 -3.181259e+01  7.828515e+00  3.082023e-02  1.155628e-02 -5.229834e-07
1.020609e-04  2.743036e+02 -8.313661e+01 -3.177045e+01  7.818145e+00  5.932375e-02  2.224382e-02 -1.926526e-06
1.813877e-04  2.737167e+02 -8.295859e+01 -3.170241e+01  7.801402e+00  1.053233e-01  3.949155e-02 -6.071221e-06
3.024627e-04  2.728235e+02 -8.268745e+01 -3.159878e+01  7.775900e+00  1.753416e-01  6.574523e-02 -1.685551e-05
4.788527e-04  2.715273e+02 -8.229370e+01 -3.144827e+01  7.738859e+00  2.769394e-01  1.038397e-01 -4.217514e-05
7.261078e-04  2.697209e+02 -8.174423e+01 -3.123820e+01  7.687163e+00  4.185400e-01  1.569333e-01 -9.675468e-05
1.061591e-03  2.672893e+02 -8.100330e+01 -3.095488e+01  7.617437e+00  6.091566e-01  2.284050e-01 -2.061910e-04
1.504231e-03  2.641149e+02 -8.003377e+01 -3.058404e+01  7.526170e+00  8.580158e-01  3.217135e-01 -4.123418e-04
2.074209e-03  2.600832e+02 -7.879872e+01 -3.011148e+01  7.409863e+00  1.174082e+00  4.402179e-01 -7.800333e-04
2.792580e-03  2.550904e+02 -7.726335e+01 -2.952374e+01  7.265203e+00  1.565492e+00  5.869650e-01 -1.404832e-03
3.680838e-03  2.490505e+02 -7.539719e+01 -2.880899e+01  7.089267e+00  2.038931e+00  7.644532e-01 -2.421344e-03
4.760448e-03  2.419038e+02 -7.317624e+01 -2.795778e+01  6.879728e+00  2.598982e+00  9.743857e-01 -4.011187e-03
6.052333e-03  2.336240e+02 -7.058529e+01 -2.696399e+01  6.635065e+00  3.247503e+00  1.217433e+00 -6.409523e-03
7.576358e-03  2.242244e+02 -6.761983e+01 -2.582550e+01  6.354749e+00  3.983094e+00  1.493029e+00 -9.908833e-03
9.350803e-03  2.137616e+02 -6.428759e+01 -2.454485e+01  6.039390e+00  4.800715e+00  1.799218e+00 -1.485858e-02
1.139185e-02  2.023370e+02 -6.060940e+01 -2.312957e+01  5.690831e+00  5.691511e+00  2.132584e+00 -2.165964e-02
1.371307e-02  1.900942e+02 -5.661934e+01 -2.159229e+01  5.312168e+00  6.642902e+00  2.488275e+00 -3.075265e-02
1.632504e-02  1.772135e+02 -5.236395e+01 -1.995047e+01  4.907686e+00  7.638939e+00  2.860129e+00 -4.260030e-02
1.923484e-02  1.639032e+02 -4.790050e+01 -1.822581e+01  4.482720e+00  8.660940e+00  3.240906e+00 -5.766400e-02
2.244580e-02  1.503886e+02 -4.329461e+01 -1.644334e+01  4.043433e+00  9.688354e+00  3.622613e+00 -7.637659e-02
2.595722e-02  1.368993e+02 -3.861711e+01 -1.463036e+01  3.596545e+00  1.069980e+01  3.996891e+00 -9.911300e-02
2.976415e-02  1.236567e+02 -3.394070e+01 -1.281508e+01  3.149012e+00  1.167416e+01  4.355444e+00 -1.261617e-01
3.385735e-02  1.108629e+02 -2.933640e+01 -1.102532e+01  2.707703e+00  1.259169e+01  4.690464e+00 -1.576994e-01
3.822326e-02  9.869098e+01 -2.487039e+01 -9.287271e+00  2.279091e+00  1.343503e+01  4.995021e+00 -1.937720e-01
4.284407e-02  8.727907e+01 -2.060121e+01 -7.624397e+00  1.868980e+00  1.418993e+01  5.263388e+00 -2.342834e-01
4.769797e-02  7.672689e+01 -1.657771e+01 -6.056553e+00  1.482294e+00  1.484584e+01  5.491273e+00 -2.789935e-01
5.275935e-02  6.709571e+01 -1.283771e+01 -4.599422e+00  1.122930e+00  1.539621e+01  5.675951e+00 -3.275254e-01
5.799924e-02  5.841078e+01 -9.407511e+00 -3.264231e+00  7.936845e-01  1.583843e+01  5.816286e+00 -3.793813e-01
6.338567e-02  5.066587e+01 -6.302073e+00 -2.057751e+00  4.962559e-01  1.617363e+01  5.912657e+00 -4.339656e-01
6.888423e-02  4.382890e+01 -3.525865e+00 -9.825425e-01  2.313000e-01  1.640619e+01  5.966804e+00 -4.906119e-01
7.445863e-02  3.784823e+01 -1.074145e+00 -3.740503e-02 -1.461322e-03  1.654324e+01  5.981612e+00 -5.486132e-01
8.007127e-02  3.265875e+01  1.065462e+00  7.820518e-01 -2.030991e-01  1.659392e+01  5.960853e+00 -6.072517e-01
8.568391e-02  2.818750e+01  2.911243e+00  1.482757e+00 -3.753179e-01  1.656877e+01  5.908927e+00 -6.658261e-01
9.125831e-02  2.435833e+01  4.485693e+00  2.073511e+00 -5.202911e-01  1.647907e+01  5.830602e+00 -7.236756e-01
9.675688e-02  2.109569e+01  5.813932e+00  2.564354e+00 -6.405036e-01  1.633630e+01  5.730778e+00 -7.801991e-01
1.021433e-01  1.832737e+01  6.922313e+00  2.965984e+00 -7.386090e-01  1.615168e+01  5.614287e+00 -8.348689e-01
1.073832e-01  1.598630e+01  7.837271e+00  3.289275e+00 -8.173077e-01  1.593578e+01  5.485731e+00 -8.872393e-01
1.124446e-01  1.401167e+01  8.584419e+00  3.544878e+00 -8.792480e-01  1.569829e+01  5.349359e+00 -9.369505e-01
1.172985e-01  1.234933e+01  9.187892e+00  3.742919e+00 -9.269497e-01  1.544784e+01  5.208985e+00 -9.837276e-01
1.219193e-01  1.095186e+01  9.669903e+00  3.892787e+00 -9.627514e-01  1.519192e+01  5.067942e+00 -1.027377e+00
1.262852e-01  9.778211e+00  1.005049e+01  4.003000e+00 -9.887751e-01  1.493687e+01  4.929056e+00 -1.067780e+00
1.303784e-01  8.793239e+00  1.034739e+01  4.081132e+00 -1.006909e+00  1.468788e+01  4.794660e+00 -1.104885e+00
1.341853e-01  7.967090e+00  1.057610e+01  4.133802e+00 -1.018802e+00  1.444908e+01  4.666605e+00 -1.138698e+00
1.376967e-01  7.274572e+00  1.074990e+01  4.166691e+00 -1.025871e+00  1.422364e+01  4.546301e+00 -1.169274e+00
1.409077e-01  6.694522e+00  1.088006e+01  4.184596e+00 -1.029308e+00  1.401383e+01  4.434757e+00 -1.196709e+00
1.438175e-01  6.209219e+00  1.097600e+01  4.191497e+00 -1.030106e+00  1.382117e+01  4.332623e+00 -1.221131e+00
1.464295e-01  5.803849e+00  1.104547e+01  4.190637e+00 -1.029068e+00  1.364651e+01  4.240237e+00 -1.242691e+00
1.487507e-01  5.466027e+00  1.109479e+01  4.184609e+00 -1.026838e+00  1.349017e+01  4.157673e+00 -1.261562e+00
1.507917e-01  5.185386e+00  1.112904e+01  4.175439e+00 -1.023916e+00  1.335195e+01  4.084781e+00 -1.277928e+00
1.525662e-01  4.953222e+00  1.115222e+01  4.164666e+00 -1.020679e+00  1.323132e+01  4.021228e+00 -1.291984e+00
1.540902e-01  4.762197e+00  1.116743e+01  4.153424e+00 -1.017406e+00  1.312743e+01  3.966534e+00 -1.303926e+00
1.553821e-01  4.606092e+00  1.117706e+01  4.142508e+00 -1.014286e+00  1.303918e+01  3.920107e+00 -1.313956e+00
1.564617e-01  4.479598e+00  1.118288e+01  4.132441e+00 -1.011445e+00  1.296533e+01  3.881273e+00 -1.322271e+00
1.573500e-01  4.378152e+00  1.118619e+01  4.123531e+00 -1.008952e+00  1.290450e+01  3.849301e+00 -1.329067e+00
1.580683e-01  4.297803e+00  1.118791e+01  4.115921e+00 -1.006835e+00  1.285528e+01  3.823434e+00 -1.334534e+00
1.586383e-01  4.235110e+00  1.118868e+01  4.109629e+00 -1.005093e+00  1.281620e+01  3.802905e+00 -1.338852e+00
1.590810e-01  4.187059e+00  1.118892e+01  4.104591e+00 -1.003702e+00  1.278585e+01  3.786959e+00 -1.342194e+00
1.594164e-01  4.151007e+00  1.118889e+01  4.100686e+00 -1.002626e+00  1.276284e+01  3.774873e+00 -1.344720e+00
1.596637e-01  4.124636e+00  1.118876e+01  4.097759e+00 -1.001821e+00  1.274587e+01  3.765964e+00 -1.346578e+00
1.598401e-01  4.105927e+00  1.118861e+01  4.095647e+00 -1.001241e+00  1.273377e+01  3.759609e+00 -1.347901e+00
1.599612e-01  4.093134e+00  1.118848e+01  4.094185e+00 -1.000840e+00  1.272546e+01  3.755246e+00 -1.348809e+00
1.600405e-01  4.084774e+00  1.118838e+01  4.093222e+00 -1.000576e+00  1.272002e+01  3.752388e+00 -1.349403e+00
1.600896e-01  4.079612e+00  1.118831e+01  4.092624e+00 -1.000412e+00  1.271665e+01  3.750620e+00 -1.349770e+00
1.601178e-01  4.076646e+00  1.118827e+01  4.092280e+00 -1.000317e+00  1.271472e+01  3.749603e+00 -1.349981e+00
1.601325e-01  4.075099e+00  1.118825e+01  4.092100e+00 -1.000268e+00  1.271371e+01  3.749073e+00 -1.350092e+00
1.601392e-01  4.074392e+00  1.118824e+01  4.092017e+00 -1.000245e+00  1.271324e+01  3.748830e+00 -1.350142e+00
1.601418e-01  4.074127e+00  1.118824e+01  4.091986e+00 -1.000237e+00  1.271307e+01  3.748739e+00 -1.350161e+00
1.601424e-01  4.074055e+00  1.118823e+01  4.091978e+00 -1.000235e+00  1.271302e+01  3.748714e+00 -1.350166e+00
1.601425e-01  4.074044e+00  1.118823e+01  4.091977e+00 -1.000234e+00  1.271302e+01  3.748711e+00 -1.350167e+00
1.601426e-01  4.074043e+00  1.118823e+01  4.091977e+00 -1.000234e+00  1.271302e+01  3.748710e+00 -1.350167e+00
1.601430e-01  4.073999e+00  1.118823e+01  4.091971e+00 -1.000233e+00  1.271299e+01  3.748695e+00 -1.350170e+00
1.601458e-01  4.073706e+00  1.118823e+01  4.091937e+00 -1.000223e+00  1.271280e+01  3.748595e+00 -1.350191e+00
1.601560e-01  4.072628e+00  1.118821e+01  4.091812e+00 -1.000189e+00  1.271209e+01  3.748224e+00 -1.350268e+00
1.601834e-01  4.069755e+00  1.118817e+01  4.091476e+00 -1.000097e+00  1.271021e+01  3.747238e+00 -1.350472e+00
1.602433e-01  4.063475e+00  1.118808e+01  4.090741e+00 -9.998954e-01  1.270610e+01  3.745079e+00 -1.350921e+00
1.603581e-01  4.051474e+00  1.118788e+01  4.089325e+00 -9.995077e-01  1.269822e+01  3.740944e+00 -1.351778e+00
1.605577e-01  4.030687e+00  1.118749e+01  4.086843e+00 -9.988284e-01  1.268453e+01  3.733752e+00 -1.353269e+00
1.608803e-01  3.997310e+00  1.118673e+01  4.082776e+00 -9.977166e-01  1.266238e+01  3.722125e+00 -1.355673e+00
1.613728e-01  3.946903e+00  1.118527e+01  4.076440e+00 -9.959880e-01  1.262857e+01  3.704378e+00 -1.359333e+00
1.620903e-01  3.874610e+00  1.118250e+01  4.066936e+00 -9.934018e-01  1.257931e+01  3.678525e+00 -1.364643e+00
1.630960e-01  3.775515e+00  1.117735e+01  4.053078e+00 -9.896438e-01  1.251026e+01  3.642290e+00 -1.372040e+00
1.644606e-01  3.645128e+00  1.116806e+01  4.033303e+00 -9.843038e-01  1.241656e+01  3.593140e+00 -1.381992e+00
1.662611e-01  3.480008e+00  1.115189e+01  4.005560e+00 -9.768492e-01  1.229298e+01  3.528335e+00 -1.394975e+00
1.685795e-01  3.278432e+00  1.112484e+01  3.967204e+00 -9.665979e-01  1.213399e+01  3.444998e+00 -1.411442e+00
1.715015e-01  3.041034e+00  1.108134e+01  3.914903e+00 -9.526985e-01  1.193399e+01  3.340213e+00 -1.431797e+00
1.751145e-01  2.771276e+00  1.101419e+01  3.844617e+00 -9.341239e-01  1.168757e+01  3.211159e+00 -1.456349e+00
1.795059e-01  2.475611e+00  1.091458e+01  3.751669e+00 -9.096922e-01  1.138983e+01  3.055285e+00 -1.485274e+00
1.847607e-01  2.163213e+00  1.077252e+01  3.630962e+00 -8.781222e-01  1.103680e+01  2.870523e+00 -1.518570e+00
1.909597e-01  1.845252e+00  1.057758e+01  3.477354e+00 -8.381302e-01  1.062594e+01  2.655540e+00 -1.556020e+00
1.981774e-01  1.533754e+00  1.031996e+01  3.286194e+00 -7.885669e-01  1.015666e+01  2.410003e+00 -1.597159e+00
2.064794e-01  1.240243e+00  9.991745e+00  3.053974e+00 -7.285824e-01  9.630738e+00  2.134832e+00 -1.641251e+00
2.159211e-01  9.744091e-01  9.588308e+00  2.778992e+00 -6.577982e-01  9.052684e+00  1.832400e+00 -1.687299e+00
2.265454e-01  7.430804e-01  9.109366e+00  2.461950e+00 -5.764580e-01  8.429853e+00  1.506638e+00 -1.734058e+00
2.383811e-01  5.497003e-01  8.559672e+00  2.106325e+00 -4.855248e-01  7.772280e+00  1.162994e+00 -1.780090e+00
2.514418e-01  3.943821e-01  7.949058e+00  1.718446e+00 -3.867016e-01  7.092209e+00  8.082436e-01 -1.823834e+00
2.657247e-01  2.744688e-01  7.291799e+00  1.307219e+00 -2.823602e-01  6.403344e+00  4.501335e-01 -1.863698e+00
2.812096e-01  1.854058e-01  6.605388e+00  8.835079e-01 -1.753836e-01  5.719909e+00  9.690239e-02 -1.898162e+00
2.978589e-01  1.216954e-01  5.908904e+00  4.592692e-01 -6.893973e-02  5.055635e+00 -2.432757e-01 -1.925886e+00
3.156174e-01  7.773538e-02  5.221266e+00  4.654928e-02  3.377951e-02  4.422818e+00 -5.628528e-01 -1.945794e+00
3.344127e-01  4.842078e-02  4.559634e+00 -3.434947e-01  1.298174e-01  3.831564e+00 -8.554024e-01 -1.957152e+00
3.541562e-01  2.948168e-02  3.938179e+00 -7.014231e-01  2.166740e-01  3.289308e+00 -1.115992e+00 -1.959601e+00
3.747436e-01  1.759171e-02  3.367353e+00 -1.020092e+00  2.924633e-01  2.800636e+00 -1.341395e+00 -1.953166e+00
3.960570e-01  1.031467e-02  2.853667e+00 -1.294938e+00  3.559949e-01  2.367396e+00 -1.530132e+00 -1.938226e+00
4.179666e-01  5.960019e-03  2.399921e+00 -1.523974e+00  4.067780e-01  1.989030e+00 -1.682359e+00 -1.915468e+00
4.403322e-01  3.406450e-03  2.005749e+00 -1.707550e+00  4.449622e-01  1.663055e+00 -1.799641e+00 -1.885814e+00
4.630064e-01  1.935810e-03  1.668346e+00 -1.847946e+00  4.712317e-01  1.385604e+00 -1.884645e+00 -1.850353e+00
4.858360e-01  1.100177e-03  1.383221e+00 -1.948887e+00  4.866741e-01  1.151949e+00 -1.940815e+00 -1.810264e+00
5.086657e-01  6.273717e-04  1.144906e+00 -2.015039e+00  4.926443e-01  9.569619e-01 -1.972045e+00 -1.766748e+00
5.313398e-01  3.580146e-04  9.475375e-01 -2.051546e+00  4.906356e-01  7.954795e-01 -1.982395e+00 -1.720971e+00
5.537055e-01  2.032699e-04  7.852931e-01 -2.063642e+00  4.821701e-01  6.625679e-01 -1.975855e+00 -1.674018e+00
5.756150e-01  1.153148e-04  6.526962e-01 -2.056353e+00  4.687125e-01  5.536957e-01 -1.956170e+00 -1.626859e+00
5.969285e-01  6.734634e-05  5.447956e-01 -2.034287e+00  4.516093e-01  4.648274e-01 -1.926721e+00 -1.580330e+00
6.175159e-01  4.228084e-05  4.572499e-01 -2.001510e+00  4.320512e-01  3.924572e-01 -1.890461e+00 -1.535125e+00
6.372593e-01  2.844860e-05  3.863430e-01 -1.961498e+00  4.110554e-01  3.335994e-01 -1.849891e+00 -1.491795e+00
6.560547e-01  1.892777e-05  3.289532e-01 -1.917129e+00  3.894635e-01  2.857515e-01 -1.807070e+00 -1.450762e+00
6.738132e-01  1.116210e-05  2.824972e-01 -1.870719e+00  3.679496e-01  2.468427e-01 -1.763646e+00 -1.412327e+00
6.904625e-01  5.369923e-06  2.448619e-01 -1.824080e+00  3.470356e-01  2.151767e-01 -1.720899e+00 -1.376686e+00
7.059474e-01  2.330104e-06  2.143345e-01 -1.778582e+00  3.271096e-01  1.893749e-01 -1.679788e+00 -1.343949e+00
7.202302e-01  1.881048e-06  1.895361e-01 -1.735222e+00  3.084457e-01  1.683235e-01 -1.641004e+00 -1.314150e+00
7.332910e-01  2.790388e-06  1.693622e-01 -1.694688e+00  2.912232e-01  1.511264e-01 -1.605011e+00 -1.287264e+00
7.451267e-01  3.575551e-06  1.529300e-01 -1.657422e+00  2.755441e-01  1.370640e-01 -1.572094e+00 -1.263219e+00
7.557510e-01  3.366939e-06  1.395348e-01 -1.623665e+00  2.614492e-01  1.255590e-01 -1.542392e+00 -1.241907e+00
7.651927e-01  2.194601e-06  1.286138e-01 -1.593507e+00  2.489309e-01  1.161479e-01 -1.515932e+00 -1.223189e+00
7.734947e-01  6.806391e-07  1.197163e-01 -1.566918e+00  2.379451e-01  1.084578e-01 -1.492651e+00 -1.206907e+00
7.807123e-01 -4.906660e-07  1.124807e-01 -1.543780e+00  2.284203e-01  1.021875e-01 -1.472424e+00 -1.192890e+00
7.869114e-01 -9.504872e-07  1.066148e-01 -1.523911e+00  2.202646e-01  9.709250e-02 -1.455073e+00 -1.180955e+00
7.921662e-01 -7.255242e-07  1.018816e-01 -1.507083e+00  2.133727e-01  9.297320e-02 -1.440390e+00 -1.170914e+00
7.965576e-01 -9.629632e-08  9.808698e-02 -1.493036e+00  2.076303e-01  8.966526e-02 -1.428141e+00 -1.162577e+00
8.001706e-01  6.062588e-07  9.507076e-02 -1.481493e+00  2.029184e-01  8.703217e-02 -1.418080e+00 -1.155754e+00
8.030926e-01  1.144841e-06  9.269916e-02 -1.472170e+00  1.991165e-01  8.495942e-02 -1.409956e+00 -1.150260e+00
8.054110e-01  1.422649e-06  9.085952e-02 -1.464780e+00  1.961059e-01  8.335009e-02 -1.403518e+00 -1.145917e+00
8.072115e-01  1.457246e-06  8.945604e-02 -1.459047e+00  1.937717e-01  8.212140e-02 -1.398524e+00 -1.142554e+00
8.085761e-01  1.325747e-06  8.840677e-02 -1.454705e+00  1.920047e-01  8.120228e-02 -1.394743e+00 -1.140011e+00
8.095818e-01  1.115570e-06  8.764134e-02 -1.451507e+00  1.907037e-01  8.053149e-02 -1.391958e+00 -1.138140e+00
8.102992e-01  8.954505e-07  8.709934e-02 -1.449227e+00  1.897763e-01  8.005635e-02 -1.389972e+00 -1.136806e+00
8.107917e-01  7.062018e-07  8.672925e-02 -1.447662e+00  1.891400e-01  7.973185e-02 -1.388610e+00 -1.135892e+00
8.111144e-01  5.639563e-07  8.648763e-02 -1.446637e+00  1.887233e-01  7.951995e-02 -1.387717e+00 -1.135293e+00
8.113140e-01  4.683472e-07  8.633850e-02 -1.446003e+00  1.884655e-01  7.938917e-02 -1.387165e+00 -1.134923e+00
8.114287e-01  4.106524e-07  8.625288e-02 -1.445638e+00  1.883174e-01  7.931406e-02 -1.386848e+00 -1.134710e+00
8.114887e-01  3.797236e-07  8.620820e-02 -1.445448e+00  1.882400e-01  7.927488e-02 -1.386682e+00 -1.134599e+00
8.115160e-01  3.654058e-07  8.618780e-02 -1.445361e+00  1.882047e-01  7.925698e-02 -1.386606e+00 -1.134548e+00
8.115263e-01  3.600045e-07  8.618015e-02 -1.445329e+00  1.881914e-01  7.925027e-02 -1.386578e+00 -1.134529e+00
8.115291e-01  3.585323e-07  8.617807e-02 -1.445320e+00  1.881878e-01  7.924844e-02 -1.386570e+00 -1.134524e+00
8.115295e-01  3.583150e-07  8.617776e-02 -1.445318e+00  1.881873e-01  7.924817e-02 -1.386569e+00 -1.134523e+00
8.115296e-01  3.583076e-07  8.617772e-02 -1.445318e+00  1.881872e-01  7.924814e-02 -1.386569e+00 -1.134523e+00
8.115308e-01  3.582967e-07  8.617678e-02 -1.445314e+00  1.881856e-01  7.924731e-02 -1.386565e+00 -1.134520e+00
8.115394e-01  3.582231e-07  8.617040e-02 -1.445287e+00  1.881745e-01  7.924172e-02 -1.386542e+00 -1.134504e+00
8.115709e-01  3.579526e-07  8.614695e-02 -1.445187e+00  1.881339e-01  7.922116e-02 -1.386455e+00 -1.134446e+00
8.116547e-01  3.572326e-07  8.608449e-02 -1.444921e+00  1.880256e-01  7.916637e-02 -1.386223e+00 -1.134291e+00
8.118383e-01  3.556616e-07  8.594795e-02 -1.444338e+00  1.877887e-01  7.904660e-02 -1.385715e+00 -1.133950e+00
8.121899e-01  3.526709e-07  8.568703e-02 -1.443222e+00  1.873350e-01  7.881771e-02 -1.384743e+00 -1.133299e+00
8.128014e-01  3.475261e-07  8.523511e-02 -1.441281e+00  1.865463e-01  7.842120e-02 -1.383054e+00 -1.132166e+00
8.137899e-01  3.393592e-07  8.450956e-02 -1.438145e+00  1.852721e-01  7.778442e-02 -1.380323e+00 -1.130338e+00
8.152987e-01  3.272447e-07  8.341402e-02 -1.433362e+00  1.833295e-01  7.682248e-02 -1.376159e+00 -1.127552e+00
8.174968e-01  3.103287e-07  8.184327e-02 -1.426401e+00  1.805040e-01  7.544237e-02 -1.370100e+00 -1.123504e+00
8.205780e-01  2.880124e-07  7.969101e-02 -1.416661e+00  1.765531e-01  7.354951e-02 -1.361623e+00 -1.117850e+00
8.247587e-01  2.601702e-07  7.686078e-02 -1.403478e+00  1.712109e-01  7.105710e-02 -1.350151e+00 -1.110219e+00
8.302747e-01  2.273566e-07  7.327943e-02 -1.386148e+00  1.641964e-01  6.789763e-02 -1.335071e+00 -1.100222e+00
8.373776e-01  1.909294e-07  6.891199e-02 -1.363947e+00  1.552241e-01  6.403574e-02 -1.315754e+00 -1.087466e+00
8.463297e-01  1.530063e-07  6.377568e-02 -1.336170e+00  1.440179e-01  5.948045e-02 -1.291585e+00 -1.071579e+00
8.573988e-01  1.161941e-07  5.795006e-02 -1.302170e+00  1.303286e-01  5.429444e-02 -1.261994e+00 -1.052229e+00
8.708525e-01  8.310269e-08  5.158024e-02 -1.261416e+00  1.139554e-01  4.859764e-02 -1.226505e+00 -1.029148e+00
8.869516e-01  5.575723e-08  4.487056e-02 -1.213553e+00  9.476960e-02  4.256280e-02 -1.184782e+00 -1.002160e+00
9.059434e-01  3.511322e-08  3.806777e-02 -1.158468e+00  7.274024e-02  3.640232e-02 -1.136683e+00 -9.712001e-01
9.280559e-01  2.089179e-08  3.143532e-02 -1.096353e+00  4.795769e-02  3.034708e-02 -1.082310e+00 -9.363401e-01
9.534907e-01  1.184076e-08  2.522279e-02 -1.027752e+00  2.065250e-02  2.462067e-02 -1.022048e+00 -8.977962e-01
9.824170e-01  6.322136e-09  1.963638e-02 -9.535836e-01 -8.795291e-03  1.941368e-02 -9.565833e-01 -8.559339e-01
1.014966e+00  2.937897e-09  1.481672e-02 -8.751200e-01 -3.986005e-02  1.486330e-02 -8.868981e-01 -8.112587e-01
1.051227e+00  8.739307e-10  1.082837e-02 -7.939303e-01 -7.188996e-02  1.104224e-02 -8.142291e-01 -7.643953e-01
1.091241e+00 -1.786934e-10  7.662567e-03 -7.117797e-01 -1.041419e-01  7.958702e-03 -7.399974e-01 -7.160552e-01
1.134999e+00 -3.790000e-10  5.251217e-03 -6.305006e-01 -1.358288e-01  5.566252e-03 -6.657134e-01 -6.669969e-01
1.182440e+00 -4.121261e-11  3.487346e-03 -5.518521e-01 -1.661738e-01  3.780079e-03 -5.928712e-01 -6.179833e-01
1.233448e+00  3.579908e-10  2.246805e-03 -4.773906e-01 -1.944643e-01  2.495355e-03 -5.228447e-01 -5.697399e-01
1.287854e+00  4.363050e-10  1.406614e-03 -4.083667e-01 -2.200989e-01  1.603727e-03 -4.568011e-01 -5.229188e-01
1.345437e+00  1.524952e-10  8.575139e-04 -3.456642e-01 -2.426216e-01  1.005442e-03 -3.956412e-01 -4.780727e-01
1.405925e+00 -2.126183e-10  5.103384e-04 -2.897826e-01 -2.617406e-01  6.163662e-04 -3.399711e-01 -4.356389e-01
1.468998e+00 -3.372360e-10  2.973205e-04 -2.408601e-01 -2.773297e-01  3.704447e-04 -2.901047e-01 -3.959334e-01
1.534295e+00 -1.469994e-10  1.700508e-04 -1.987269e-01 -2.894170e-01  2.188993e-04 -2.460911e-01 -3.591551e-01
1.601419e+00  1.455846e-10  9.577567e-05 -1.629760e-01 -2.981618e-01  1.275690e-04 -2.077598e-01 -3.253966e-01
1.669940e+00  2.643403e-10  5.332838e-05 -1.330398e-01 -3.038256e-01  7.358495e-05 -1.747739e-01 -2.946594e-01
1.739407e+00  1.259253e-10  2.951573e-05 -1.082611e-01 -3.067412e-01  4.219437e-05 -1.466848e-01 -2.668713e-01
1.809349e+00 -1.091208e-10  1.633932e-05 -8.795358e-02 -3.072826e-01  2.416271e-05 -1.229815e-01 -2.419051e-01
1.879292e+00 -2.138747e-10  9.077723e-06 -7.144723e-02 -3.058393e-01  1.386569e-05 -1.031316e-01 -2.195945e-01
1.948758e+00 -1.097762e-10  5.044181e-06 -5.811925e-02 -3.027947e-01  7.979402e-06 -8.661293e-02 -1.997492e-01
2.017280e+00  8.256134e-11  2.782706e-06 -4.741217e-02 -2.985111e-01  4.603022e-06 -7.293492e-02 -1.821671e-01
2.084403e+00  1.793294e-10  1.530902e-06 -3.884168e-02 -2.933184e-01  2.673428e-06 -6.165188e-02 -1.666431e-01
2.149701e+00  1.058311e-10  8.715287e-07 -3.199701e-02 -2.875086e-01  1.587313e-06 -5.236944e-02 -1.529770e-01
2.212774e+00 -5.387962e-11  5.423851e-07 -2.653649e-02 -2.813324e-01  9.826337e-07 -4.474599e-02 -1.409779e-01
2.273262e+00 -1.529712e-10  3.663569e-07 -2.218031e-02 -2.750002e-01  6.343162e-07 -3.849052e-02 -1.304671e-01
2.330845e+00 -1.151640e-10  2.413864e-07 -1.870211e-02 -2.686836e-01  4.122348e-07 -3.335851e-02 -1.212804e-01
2.385251e+00  1.376407e-11  1.340771e-07 -1.592052e-02 -2.625185e-01  2.567516e-07 -2.914669e-02 -1.132683e-01
2.436259e+00  1.224728e-10  5.327160e-08 -1.369128e-02 -2.566096e-01  1.507144e-07 -2.568752e-02 -1.062960e-01
2.483700e+00  1.310097e-10  1.412184e-08 -1.190033e-02 -2.510339e-01  9.045579e-08 -2.284383e-02 -1.002429e-01
2.527458e+00  4.438926e-11  1.460511e-08 -1.045777e-02 -2.458450e-01  6.719698e-08 -2.050386e-02 -9.500157e-02
2.567472e+00 -6.702957e-11  3.463834e-08 -9.292965e-03 -2.410767e-01  6.404882e-08 -1.857685e-02 -9.047685e-02
2.603732e+00 -1.281478e-10  5.029477e-08 -8.350421e-03 -2.367468e-01  6.341112e-08 -1.698921e-02 -8.658433e-02
2.636282e+00 -1.082319e-10  4.807403e-08 -7.586490e-03 -2.328598e-01  5.508380e-08 -1.568127e-02 -8.324934e-02
2.665208e+00 -2.941683e-11  2.932782e-08 -6.966769e-03 -2.294097e-01  3.866793e-08 -1.460463e-02 -8.040573e-02
2.690643e+00  5.871149e-11  4.904781e-09 -6.464050e-03 -2.263822e-01  2.008128e-08 -1.371988e-02 -7.799474e-02
2.712755e+00  1.126433e-10 -1.367549e-08 -6.056726e-03 -2.237565e-01  5.975986e-09 -1.299485e-02 -7.596406e-02
2.731747e+00  1.148784e-10 -2.036357e-08 -5.727537e-03 -2.215072e-01 -1.692018e-10 -1.240314e-02 -7.426691e-02
2.747846e+00  7.429872e-11 -1.574933e-08 -5.462605e-03 -2.196054e-01  1.136624e-09 -1.192295e-02 -7.286129e-02
2.761300e+00  1.398406e-11 -4.601795e-09 -5.250670e-03 -2.180198e-01  6.854775e-09 -1.153610e-02 -7.170931e-02
2.772369e+00 -4.281104e-11  7.543925e-09 -5.082508e-03 -2.167180e-01  1.349342e-08 -1.122735e-02 -7.077669e-02
2.781321e+00 -8.138499e-11  1.676651e-08 -4.950477e-03 -2.156671e-01  1.856620e-08 -1.098377e-02 -7.003230e-02
2.788424e+00 -9.748612e-11  2.150767e-08 -4.848180e-03 -2.148346e-01  2.105377e-08 -1.079432e-02 -6.944786e-02
2.793940e+00 -9.458968e-11  2.211327e-08 -4.770209e-03 -2.141889e-01  2.112188e-08 -1.064948e-02 -6.899773e-02
2.798121e+00 -7.969339e-11  1.990886e-08 -4.711958e-03 -2.136999e-01  1.955126e-08 -1.054102e-02 -6.865873e-02
2.801202e+00 -5.985470e-11  1.637731e-08 -4.669488e-03 -2.133399e-01  1.722918e-08 -1.046179e-02 -6.841006e-02
2.803400e+00 -4.030620e-11  1.267848e-08 -4.639426e-03 -2.130831e-01  1.485126e-08 -1.040565e-02 -6.823328e-02
2.804909e+00 -2.398589e-11  9.499029e-09 -4.618905e-03 -2.129069e-01  1.282693e-08 -1.036728e-02 -6.811222e-02
2.805897e+00 -1.191432e-11  7.109709e-09 -4.605510e-03 -2.127916e-01  1.131308e-08 -1.034223e-02 -6.803304e-02
2.806509e+00 -3.874058e-12  5.503977e-09 -4.597244e-03 -2.127202e-01  1.029837e-08 -1.032676e-02 -6.798411e-02
2.806861e+00  9.530892e-13  4.535090e-09 -4.592498e-03 -2.126792e-01  9.686976e-09 -1.031787e-02 -6.795600e-02
2.807044e+00  3.533750e-12  4.015721e-09 -4.590022e-03 -2.126577e-01  9.359484e-09 -1.031324e-02 -6.794132e-02
2.807128e+00  4.726808e-12  3.775298e-09 -4.588891e-03 -2.126480e-01  9.207938e-09 -1.031112e-02 -6.793462e-02
2.807159e+00  5.176630e-12  3.684600e-09 -4.588467e-03 -2.126443e-01  9.150777e-09 -1.031033e-02 -6.793210e-02
2.807168e+00  5.299207e-12  3.659880e-09 -4.588352e-03 -2.126433e-01  9.135199e-09 -1.031011e-02 -6.793142e-02
2.807169e+00  5.317307e-12  3.656229e-09 -4.588335e-03 -2.126431e-01  9.132898e-09 -1.031008e-02 -6.793132e-02
2.807169e+00  5.317881e-12  3.656107e-09 -4.588332e-03 -2.126431e-01  9.132814e-09 -1.031008e-02 -6.793130e-02
2.807174e+00  5.317548e-12  3.655978e-09 -4.588273e-03 -2.126426e-01  9.132509e-09 -1.030996e-02 -6.793095e-02
2.807204e+00  5.315291e-12  3.655101e-09 -4.587870e-03 -2.126391e-01  9.130440e-09 -1.030921e-02 -6.792857e-02
2.807313e+00  5.306999e-12  3.651882e-09 -4.586391e-03 -2.126263e-01  9.122838e-09 -1.030644e-02 -6.791979e-02
2.807606e+00  5.284942e-12  3.643312e-09 -4.582449e-03 -2.125922e-01  9.102602e-09 -1.029906e-02 -6.789642e-02
2.808246e+00  5.236901e-12  3.624621e-09 -4.573834e-03 -2.125175e-01  9.058460e-09 -1.028293e-02 -6.784529e-02
2.809473e+00  5.145777e-12  3.589067e-09 -4.557380e-03 -2.123744e-01  8.974472e-09 -1.025210e-02 -6.774749e-02
2.811606e+00  4.990037e-12  3.527990e-09 -4.528903e-03 -2.121257e-01  8.830117e-09 -1.019871e-02 -6.757775e-02
2.815055e+00  4.745510e-12  3.431263e-09 -4.483246e-03 -2.117238e-01  8.601306e-09 -1.011299e-02 -6.730436e-02
2.820318e+00  4.389050e-12  3.288308e-09 -4.414451e-03 -2.111111e-01  8.262684e-09 -9.983554e-03 -6.688944e-02
2.827987e+00  3.904401e-12  3.089803e-09 -4.316120e-03 -2.102196e-01  7.791511e-09 -9.797981e-03 -6.629004e-02
2.838736e+00  3.289896e-12  2.830049e-09 -4.181981e-03 -2.089727e-01  7.173099e-09 -9.543710e-03 -6.545982e-02
2.853321e+00  2.566538e-12  2.509705e-09 -4.006654e-03 -2.072860e-01  6.407152e-09 -9.209342e-03 -6.435173e-02
2.872564e+00  1.783522e-12  2.138231e-09 -3.786581e-03 -2.050698e-01  5.513556e-09 -8.786226e-03 -6.292137e-02
2.897343e+00  1.017150e-12  1.735012e-09 -3.521000e-03 -2.022326e-01  4.535343e-09 -8.270197e-03 -6.113110e-02
2.928573e+00  3.594225e-13  1.328056e-09 -3.212779e-03 -1.986847e-01  3.536314e-09 -7.663217e-03 -5.895449e-02
2.967189e+00 -1.045708e-13  9.496198e-10 -2.868898e-03 -1.943434e-01  2.591704e-09 -6.974547e-03 -5.638065e-02
3.014123e+00 -3.256758e-13  6.291636e-10 -2.500343e-03 -1.891394e-01  1.772643e-09 -6.221107e-03 -5.341783e-02
3.070287e+00 -3.149197e-13  3.856091e-10 -2.121302e-03 -1.830231e-01  1.128482e-09 -5.426720e-03 -5.009560e-02
3.136542e+00 -1.486300e-13  2.219783e-10 -1.747670e-03 -1.759722e-01  6.737093e-10 -4.620147e-03 -4.646518e-02
3.213683e+00  5.507598e-14  1.253436e-10 -1.395090e-03 -1.679981e-01  3.861005e-10 -3.832107e-03 -4.259731e-02
3.302415e+00  1.840349e-13  7.295113e-11 -1.076933e-03 -1.591511e-01  2.184890e-10 -3.091759e-03 -3.857805e-02
3.403327e+00  1.826128e-13  4.208305e-11 -8.026550e-04 -1.495236e-01  1.195708e-10 -2.423330e-03 -3.450253e-02
3.516879e+00  7.559048e-14  1.865203e-11 -5.769088e-04 -1.392486e-01  5.330614e-11 -1.843567e-03 -3.046779e-02
3.643378e+00 -5.318000e-14 -2.076033e-13 -3.995802e-04 -1.284953e-01  6.530867e-12 -1.360534e-03 -2.656547e-02
3.782971e+00 -1.179148e-13 -1.063548e-11 -2.666323e-04 -1.174601e-01 -1.837795e-11 -9.738767e-04 -2.287533e-02
3.935625e+00 -8.736968e-14 -9.866969e-12 -1.714569e-04 -1.063546e-01 -1.876837e-11 -6.763400e-04 -1.946058e-02
4.101127e+00 -8.915514e-16 -1.281570e-12 -1.063382e-04 -9.539167e-02 -2.497492e-12 -4.560402e-04 -1.636524e-02
4.279073e+00  6.763475e-14  7.030150e-12 -6.369553e-05 -8.477148e-02  1.390058e-11 -2.988946e-04 -1.361371e-02
4.468875e+00  6.923598e-14  8.404148e-12 -3.691633e-05 -7.466948e-02  1.679919e-11 -1.907204e-04 -1.121222e-02
4.669759e+00  1.485937e-14  2.693062e-12 -2.074881e-05 -6.522719e-02  5.544120e-12 -1.187153e-04 -9.151642e-03
4.880776e+00 -4.110579e-14 -4.311165e-12 -1.133868e-05 -5.654698e-02 -8.495573e-12 -7.225588e-05 -7.411068e-03
5.100813e+00 -5.147294e-14 -6.457079e-12 -6.043670e-06 -4.869085e-02 -1.296012e-11 -4.311822e-05 -5.961617e-03
5.328610e+00 -1.517168e-14 -2.607759e-12 -3.155434e-06 -4.168270e-02 -5.372237e-12 -2.530174e-05 -4.769944e-03
5.562778e+00  2.820637e-14  2.956441e-12 -1.622867e-06 -3.551333e-02  5.821356e-12 -1.464688e-05 -3.801218e-03
5.801821e+00  3.886169e-14  5.015253e-12 -8.266373e-07 -3.014697e-02  1.009900e-11 -8.394610e-06 -3.021403e-03
6.044160e+00  1.225483e-14  2.211921e-12 -4.173298e-07 -2.552859e-02  4.576266e-12 -4.782163e-06 -2.398837e-03
6.288163e+00 -2.178031e-14 -2.229673e-12 -2.073842e-07 -2.159078e-02 -4.379077e-12 -2.718664e-06 -1.905168e-03
6.532165e+00 -3.091634e-14 -4.039512e-12 -1.009550e-07 -1.825996e-02 -8.146946e-12 -1.547743e-06 -1.515778e-03
6.774505e+00 -1.008990e-14 -1.913786e-12 -4.957425e-08 -1.546135e-02 -3.973031e-12 -8.846195e-07 -1.209828e-03
7.013547e+00  1.770173e-14  1.716674e-12 -2.675928e-08 -1.312265e-02  3.349452e-12 -5.088502e-07 -9.700432e-04
7.247715e+00  2.615657e-14  3.393147e-12 -1.653781e-08 -1.117660e-02  6.838604e-12 -2.959305e-07 -7.823489e-04
7.475513e+00  9.801117e-15  1.852100e-12 -1.003659e-08 -9.562403e-03  3.841963e-12 -1.754179e-07 -6.354410e-04
7.695550e+00 -1.402966e-14 -1.183056e-12 -4.303550e-09 -8.226435e-03 -2.264343e-12 -1.068519e-07 -5.203458e-04
7.906566e+00 -2.357276e-14 -2.929779e-12 -7.661965e-11 -7.122253e-03 -5.878281e-12 -6.687266e-08 -4.300059e-04
8.107450e+00 -1.198159e-14 -2.057432e-12  1.337550e-09 -6.210257e-03 -4.237149e-12 -4.246271e-08 -3.589113e-04
8.297252e+00  9.045661e-15  4.421253e-13  1.803849e-10 -5.457092e-03  7.539222e-13 -2.694327e-08 -3.027840e-04
8.475199e+00  2.152080e-14  2.421016e-12 -1.766092e-09 -4.834938e-03  4.799511e-12 -1.713238e-08 -2.583145e-04
8.640700e+00  1.633374e-14  2.428520e-12 -2.632824e-09 -4.320764e-03  4.931374e-12 -1.133120e-08 -2.229489e-04
8.793354e+00 -1.172527e-15  6.674301e-13 -1.779258e-09 -3.895618e-03  1.476528e-12 -8.224094e-09 -1.947171e-04
8.932947e+00 -1.741686e-14 -1.454628e-12  5.015652e-11 -3.543960e-03 -2.788236e-12 -6.596307e-09 -1.720997e-04
9.059447e+00 -2.140877e-14 -2.513814e-12  1.566972e-09 -3.253081e-03 -4.997700e-12 -5.493590e-09 -1.539226e-04
9.172998e+00 -1.153006e-14 -1.988137e-12  1.920451e-09 -3.012594e-03 -4.054749e-12 -4.406350e-09 -1.392768e-04
9.273910e+00  5.228571e-15 -3.746781e-13  1.121624e-09 -2.814008e-03 -8.996370e-13 -3.257643e-09 -1.274557e-04
9.362642e+00  1.906488e-14  1.334202e-12 -1.876987e-10 -2.650362e-03  2.511516e-12 -2.215106e-09 -1.179081e-04
9.439784e+00  2.327330e-14  2.304872e-12 -1.262492e-09 -2.515935e-03  4.508037e-12 -1.468686e-09 -1.102011e-04
9.506039e+00  1.687048e-14  2.233456e-12 -1.666946e-09 -2.405999e-03  4.456317e-12 -1.094390e-09 -1.039924e-04
9.562202e+00  3.585239e-15  1.332278e-12 -1.384626e-09 -2.316624e-03  2.748622e-12 -1.035262e-09 -9.900914e-05
9.609136e+00 -1.103728e-14  7.837275e-14 -6.840511e-10 -2.244516e-03  3.133183e-13 -1.158579e-09 -9.503167e-05
9.647752e+00 -2.235903e-14 -1.064294e-12  9.524997e-11 -2.186896e-03 -1.934461e-12 -1.328368e-09 -9.188144e-05
9.678982e+00 -2.804298e-14 -1.812209e-12  7.018645e-10 -2.141393e-03 -3.427980e-12 -1.452455e-09 -8.941163e-05
9.703762e+00 -2.805508e-14 -2.093440e-12  1.029465e-09 -2.105972e-03 -4.015365e-12 -1.494159e-09 -8.750015e-05
9.723005e+00 -2.384821e-14 -1.988870e-12  1.093578e-09 -2.078875e-03 -3.847107e-12 -1.459384e-09 -8.604443e-05
9.737589e+00 -1.738465e-14 -1.646369e-12  9.748706e-10 -2.058572e-03 -3.208331e-12 -1.375277e-09 -8.495753e-05
9.748339e+00 -1.041310e-14 -1.211504e-12  7.665581e-10 -2.043738e-03 -2.382339e-12 -1.272149e-09 -8.416542e-05
9.756007e+00 -4.123139e-15 -7.906113e-13  5.428101e-10 -2.033222e-03 -1.577288e-12 -1.173225e-09 -8.360491e-05
9.761270e+00  8.929624e-16 -4.423365e-13  3.482763e-10 -2.026035e-03 -9.088113e-13 -1.091587e-09 -8.322237e-05
9.764719e+00  4.508510e-15 -1.859908e-13  2.012006e-10 -2.021340e-03 -4.158335e-13 -1.031545e-09 -8.297270e-05
9.766852e+00  6.881040e-15 -1.572798e-14  1.020247e-10 -2.018442e-03 -8.804198e-14 -9.916731e-10 -8.281864e-05
9.768079e+00  8.293496e-15  8.633287e-14  4.207022e-11 -2.016777e-03  1.085677e-13 -9.677727e-10 -8.273019e-05
9.768719e+00  9.045210e-15  1.408503e-13  9.899626e-12 -2.015908e-03  2.136246e-13 -9.550057e-10 -8.268405e-05
9.769012e+00  9.391964e-15  1.660438e-13 -4.999862e-12 -2.015512e-03  2.621812e-13 -9.491057e-10 -8.266298e-05
9.769122e+00  9.522578e-15  1.755409e-13 -1.062177e-11 -2.015363e-03  2.804866e-13 -9.468816e-10 -8.265507e-05
9.769151e+00  9.558158e-15  1.781287e-13 -1.215415e-11 -2.015322e-03  2.854746e-13 -9.462755e-10 -8.265292e-05
9.769156e+00  9.563412e-15  1.785108e-13 -1.238044e-11 -2.015316e-03  2.862112e-13 -9.461860e-10 -8.265260e-05
9.769157e+00  9.563560e-15  1.785228e-13 -1.238774e-11 -2.015315e-03  2.862344e-13 -9.461819e-10 -8.265255e-05
9.769176e+00  9.562885e-15  1.785107e-13 -1.238716e-11 -2.015289e-03  2.862153e-13 -9.461436e-10 -8.265117e-05
9.769305e+00  9.558313e-15  1.784285e-13 -1.238323e-11 -2.015114e-03  2.860857e-13 -9.458844e-10 -8.264184e-05
9.769782e+00  9.541518e-15  1.781265e-13 -1.236881e-11 -2.014468e-03  2.856098e-13 -9.449319e-10 -8.260755e-05
9.771053e+00  9.496846e-15  1.773233e-13 -1.233044e-11 -2.012746e-03  2.843441e-13 -9.423970e-10 -8.251622e-05
9.773833e+00  9.399575e-15  1.755744e-13 -1.224680e-11 -2.008985e-03  2.815877e-13 -9.368703e-10 -8.231669e-05
9.779159e+00  9.215166e-15  1.722586e-13 -1.208794e-11 -2.001801e-03  2.763611e-13 -9.263653e-10 -8.193590e-05
9.788423e+00  8.900280e-15  1.665962e-13 -1.181577e-11 -1.989367e-03  2.674341e-13 -9.083429e-10 -8.127786e-05
9.803397e+00  8.406641e-15  1.577182e-13 -1.138666e-11 -1.969432e-03  2.534323e-13 -8.798639e-10 -8.022540e-05
9.826253e+00  7.688829e-15  1.448054e-13 -1.075696e-11 -1.939395e-03  2.330554e-13 -8.379210e-10 -7.864565e-05
9.859551e+00  6.716647e-15  1.273097e-13 -9.891929e-12 -1.896464e-03  2.054219e-13 -7.799865e-10 -7.640049e-05
9.906227e+00  5.491239e-15  1.052418e-13 -8.777851e-12 -1.837900e-03  1.705203e-13 -7.047601e-10 -7.336239e-05
9.969557e+00  4.061705e-15  7.946755e-14 -7.435173e-12 -1.761354e-03  1.296746e-13 -6.130086e-10 -6.943528e-05
1.005312e+01  2.535826e-15  5.189788e-14 -5.928764e-12 -1.665275e-03  8.584881e-14 -5.082644e-10 -6.457829e-05
1.016071e+01  1.076244e-15  2.541827e-14 -4.369392e-12 -1.549326e-03  4.354892e-14 -3.970428e-10 -5.882826e-05
1.029632e+01 -1.256200e-16  3.422081e-15 -2.900764e-12 -1.414753e-03  8.109126e-15 -2.882267e-10 -5.231517e-05
1.046400e+01 -8.990989e-16 -1.107043e-14 -1.669992e-12 -1.264586e-03 -1.567131e-14 -1.914529e-10 -4.526398e-05
1.066781e+01 -1.156139e-15 -1.650408e-14 -7.866793e-13 -1.103597e-03 -2.523328e-14 -1.147341e-10 -3.797825e-05
1.091168e+01 -9.406458e-16 -1.364723e-14 -2.847003e-13 -9.379439e-04 -2.162107e-14 -6.206178e-11 -3.080496e-05
1.119938e+01 -4.346476e-16 -5.676386e-15 -1.057422e-13 -7.745228e-04 -9.662144e-15 -3.206602e-11 -2.408617e-05
1.153435e+01  9.767505e-17  2.832818e-15 -1.189172e-13 -6.201215e-04  3.549976e-15 -1.862299e-11 -1.810823e-05
1.191965e+01  4.162083e-16  7.773040e-15 -1.743474e-13 -4.805467e-04  1.153383e-14 -1.346868e-11 -1.306194e-05
1.235784e+01  4.133418e-16  7.365098e-15 -1.673974e-13 -3.599184e-04  1.133932e-14 -9.713928e-12 -9.023939e-06
1.285091e+01  1.610776e-16  2.902929e-15 -7.841026e-14 -2.602905e-04  4.786392e-15 -4.408492e-12 -5.962903e-06
1.340020e+01 -1.409312e-16 -2.225961e-15  3.713998e-14 -1.816652e-04 -2.966205e-15  1.332560e-12 -3.765630e-06
1.400635e+01 -2.934035e-16 -4.768978e-15  1.027144e-13 -1.223555e-04 -6.846416e-15  4.634139e-12 -2.272667e-06
1.466922e+01 -2.217836e-16 -3.658933e-15  8.222819e-14 -7.956155e-05 -5.107374e-15  3.910131e-12 -1.312581e-06
1.538787e+01 -1.179543e-17 -4.611737e-16  5.286418e-15 -4.999401e-05 -1.287777e-16  4.191077e-13 -7.276431e-07
1.616056e+01  1.686887e-16  2.078052e-15 -6.071232e-14 -3.040201e-05  3.772214e-15 -2.733583e-12 -3.886616e-07
1.698474e+01  2.008605e-16  2.215836e-15 -6.656192e-14 -1.792781e-05  3.784310e-15 -3.139051e-12 -2.001976e-07
1.785703e+01  9.711494e-17  3.904009e-16 -1.810745e-14 -1.027741e-05  5.701221e-16 -9.260211e-13 -9.863043e-08
1.877332e+01 -2.698935e-17 -1.471695e-15  3.543566e-14 -5.743934e-06 -2.715195e-15  1.645999e-12 -4.563808e-08
1.972878e+01 -6.006240e-17 -1.776575e-15  4.816737e-14 -3.138797e-06 -3.325068e-15  2.348417e-12 -1.976230e-08
2.071794e+01  1.331609e-17 -5.575918e-16  1.607771e-14 -1.681775e-06 -1.151946e-15  8.843757e-13 -8.800544e-09
2.173476e+01  1.114006e-16  8.154979e-16 -2.526493e-14 -8.864332e-07  1.539363e-15 -1.113545e-12 -5.021799e-09
2.277275e+01  1.364871e-16  1.065806e-15 -3.746385e-14 -4.620049e-07  2.374690e-15 -1.786346e-12 -3.451509e-09
2.382505e+01  6.063699e-17  1.529232e-16 -1.375359e-14 -2.400331e-07  9.277438e-16 -7.337404e-13 -1.759978e-09
2.488458e+01 -5.733975e-17 -8.708139e-16  1.946795e-14 -1.253124e-07 -1.202375e-15  8.345909e-13  8.204564e-11
2.594410e+01 -1.291352e-16 -9.882675e-16  3.110541e-14 -6.569065e-08 -2.090917e-15  1.419171e-12  1.088157e-09
2.699641e+01 -1.101762e-16 -1.552604e-16  1.397771e-14 -3.403144e-08 -1.208610e-15  6.246736e-13  7.584096e-10
2.803440e+01 -2.634767e-17  7.920970e-16 -1.228283e-14 -1.709441e-08  3.541247e-16 -6.445183e-13 -3.165057e-10
2.905122e+01  5.859981e-17  1.027231e-15 -2.278184e-14 -8.504041e-09  1.112521e-15 -1.183755e-12 -1.035475e-09
3.004038e+01  9.671806e-17  4.838264e-16 -1.025915e-14 -4.699645e-09  5.440423e-16 -6.013454e-13 -7.890733e-10
3.099584e+01  8.399730e-17 -1.988392e-16  1.116952e-14 -3.216168e-09 -6.228676e-16  4.587958e-13  1.021575e-10
3.191213e+01  4.837137e-17 -3.636435e-16  2.144720e-14 -2.391468e-09 -1.236524e-15  1.027942e-12  8.124901e-10
3.278442e+01  1.870272e-17  5.809160e-17  1.252230e-14 -1.477796e-09 -7.510365e-16  6.804222e-13  7.836572e-10
3.360859e+01  4.525297e-18  5.453096e-16 -6.785428e-15 -5.044171e-10  4.362325e-16 -2.005977e-13  1.335062e-10
3.438128e+01 -1.613626e-18  4.998373e-16 -2.048314e-14  1.723479e-10  1.464465e-15 -8.599286e-13 -5.567071e-10
3.509994e+01 -9.228705e-18 -2.361185e-16 -1.895887e-14  3.278405e-10  1.744181e-15 -8.166402e-13 -7.710047e-10
3.576280e+01 -1.909222e-17 -1.275846e-15 -5.062001e-15  5.816934e-11  1.322623e-15 -1.745477e-13 -4.233269e-10
3.636895e+01 -2.425609e-17 -2.007824e-15  1.015499e-14 -3.284369e-10  6.997658e-16  5.580735e-13  1.719947e-10
3.691825e+01 -1.840306e-17 -2.028152e-15  1.650265e-14 -5.430733e-10  3.721352e-16  8.911575e-13  5.993662e-10
3.741132e+01 -2.452653e-18 -1.364676e-15  1.105892e-14 -4.758356e-10  4.981909e-16  6.646086e-13  6.302482e-10
3.784951e+01  1.560875e-17 -3.936062e-16 -1.594724e-15 -2.043373e-10  8.765074e-16  7.416602e-14  3.142120e-10
3.823481e+01  2.611855e-17  4.244686e-16 -1.369704e-14  1.048158e-10  1.158413e-15 -5.223223e-13 -1.230064e-10
3.856978e+01  2.346830e-17  7.881128e-16 -1.923325e-14  3.089069e-10  1.091159e-15 -8.355524e-13 -4.498219e-10
3.885747e+01  8.460683e-18  6.519760e-16 -1.648246e-14  3.503484e-10  6.379893e-16 -7.699483e-13 -5.465907e-10
3.910135e+01 -1.319466e-17  1.744162e-16 -7.623668e-15  2.545278e-10 -5.183223e-17 -4.123944e-13 -4.261367e-10
3.930515e+01 -3.433823e-17 -4.076191e-16  3.354074e-15  9.048816e-11 -7.560379e-16  6.062840e-14 -1.836161e-10
3.947283e+01 -4.946168e-17 -8.927201e-16  1.280413e-14 -7.189979e-11 -1.289842e-15  4.821692e-13  7.155808e-11
3.960844e+01 -5.616561e-17 -1.173082e-15  1.864139e-14 -1.877670e-10 -1.563527e-15  7.528978e-13  2.627498e-10
3.971604e+01 -5.495911e-17 -1.235515e-15  2.049066e-14 -2.426597e-10 -1.582625e-15  8.503289e-13  3.605806e-10
3.979960e+01 -4.812446e-17 -1.129183e-15  1.916052e-14 -2.446234e-10 -1.413817e-15  8.064868e-13  3.734550e-10
3.986293e+01 -3.844914e-17 -9.265760e-16  1.593979e-14 -2.121767e-10 -1.143921e-15  6.765886e-13  3.289687e-10
3.990960e+01 -2.832131e-17 -6.943551e-16  1.204905e-14 -1.644688e-10 -8.495479e-16  5.141483e-13  2.574830e-10
3.994290e+01 -1.932132e-17 -4.790350e-16  8.359298e-15 -1.159075e-10 -5.827020e-16  3.579125e-13  1.825977e-10
3.996576e+01 -1.220590e-17 -3.048144e-16  5.338265e-15 -7.475170e-11 -3.693965e-16  2.290598e-13  1.182384e-10
3.998073e+01 -7.103484e-18 -1.782005e-16  3.127910e-15 -4.406792e-11 -2.154515e-16  1.343979e-13  6.988200e-11
3.999000e+01 -3.765472e-18 -9.472083e-17  1.664875e-15 -2.354126e-11 -1.143601e-16  7.159363e-14  3.738870e-11
3.999532e+01 -1.781715e-18 -4.488871e-17  7.896007e-16 -1.118780e-11 -5.415273e-17  3.397042e-14  1.778420e-11
3.999810e+01 -7.269541e-19 -1.832966e-17  3.225506e-16 -4.575031e-12 -2.210338e-17  1.388017e-14  7.275784e-12
3.999937e+01 -2.406381e-19 -6.069741e-18  1.068298e-16 -1.515993e-12 -7.318012e-18  4.597658e-15  2.411416e-12
3.999985e+01 -5.749162e-20 -1.450339e-18  2.552827e-17 -3.623298e-13 -1.748486e-18  1.098711e-15  5.763850e-13
3.999998e+01 -7.603969e-21 -1.918322e-19  3.376613e-18 -4.792755e-14 -2.312628e-19  1.453276e-16  7.624352e-14
4.000000e+01 -2.382149e-22 -6.009697e-21  1.057824e-19 -1.501484e-15 -7.244954e-21  4.552825e-18  2.388579e-15
