376 7
 0 0 0 0 1 1 2
 2 2 2 1 6 6 5
 -2.138075e+02 -2.406410e+01 -2.608545e+00 -1.206810e-01 -2.047502e+01 -1.613902e+00 -8.039519e-02
0.000000e+00 -2.300111e+02  6.849467e+01 -2.571221e+01 -6.138029e+00 -1.974623e-06 -7.014156e-07 -3.684676e-09
3.278564e-09 -2.300111e+02  6.849466e+01 -2.571220e+01 -6.138028e+00 -6.017614e-07 -2.021900e-07 -3.684663e-09
1.046582e-07 -2.300105e+02  6.849449e+01 -2.571214e+01 -6.138013e+00  4.184978e-05  1.523483e-05 -3.685166e-09
7.915214e-07 -2.300067e+02  6.849336e+01 -2.571172e+01 -6.137912e+00  3.294629e-04  1.198221e-04 -3.739225e-09
3.316517e-06 -2.299928e+02  6.848921e+01 -2.571016e+01 -6.137540e+00  1.386724e-03  5.042832e-04 -4.696151e-09
1.004733e-05 -2.299556e+02  6.847815e+01 -2.570601e+01 -6.136549e+00  4.204725e-03  1.529018e-03 -1.307085e-08
2.477810e-05 -2.298744e+02  6.845394e+01 -2.569692e+01 -6.134379e+00  1.037049e-02  3.771129e-03 -6.094763e-08
5.299135e-05 -2.297188e+02  6.840760e+01 -2.567952e+01 -6.130226e+00  2.217345e-02  8.063141e-03 -2.658394e-07
1.020609e-04 -2.294484e+02  6.832705e+01 -2.564928e+01 -6.123008e+00  4.268256e-02  1.552105e-02 -9.762311e-07
1.813877e-04 -2.290120e+02  6.819700e+01 -2.560046e+01 -6.111352e+00  7.578693e-02  2.755908e-02 -3.074353e-06
3.024627e-04 -2.283475e+02  6.799888e+01 -2.552607e+01 -6.093595e+00  1.261920e-01  4.588832e-02 -8.534535e-06
4.788527e-04 -2.273830e+02  6.771105e+01 -2.541800e+01 -6.067796e+00  1.993635e-01  7.249624e-02 -2.135717e-05
7.261078e-04 -2.260378e+02  6.730922e+01 -2.526710e+01 -6.031771e+00  3.014105e-01  1.096043e-01 -4.900700e-05
1.061591e-03 -2.242256e+02  6.676700e+01 -2.506345e+01 -5.983153e+00  4.389028e-01  1.596014e-01 -1.044718e-04
1.504231e-03 -2.218569e+02  6.605686e+01 -2.479667e+01 -5.919461e+00  6.186178e-01  2.249515e-01 -2.090152e-04
2.074209e-03 -2.188440e+02  6.515119e+01 -2.445633e+01 -5.838205e+00  8.472193e-01  3.080768e-01 -3.956219e-04
2.792580e-03 -2.151055e+02  6.402364e+01 -2.403246e+01 -5.737001e+00  1.130876e+00  4.112180e-01 -7.130209e-04
3.680838e-03 -2.105722e+02  6.265063e+01 -2.351606e+01 -5.613700e+00  1.474833e+00  5.362788e-01 -1.230035e-03
4.760448e-03 -2.051922e+02  6.101288e+01 -2.289976e+01 -5.466533e+00  1.882969e+00  6.846612e-01 -2.039850e-03
6.052333e-03 -1.989370e+02  5.909705e+01 -2.217833e+01 -5.294250e+00  2.357356e+00  8.571055e-01 -3.263662e-03
7.576358e-03 -1.918056e+02  5.689712e+01 -2.134926e+01 -5.096246e+00  2.897877e+00  1.053548e+00 -5.053048e-03
9.350803e-03 -1.838283e+02  5.441557e+01 -2.041322e+01 -4.872671e+00  3.501935e+00  1.273009e+00 -7.590383e-03
1.139185e-02 -1.750677e+02  5.166410e+01 -1.937433e+01 -4.624498e+00  4.164287e+00  1.513532e+00 -1.108670e-02
1.371307e-02 -1.656181e+02  4.866393e+01 -1.824025e+01 -4.353555e+00  4.877049e+00  1.772179e+00 -1.577655e-02
1.632504e-02 -1.556025e+02  4.544542e+01 -1.702215e+01 -4.062494e+00  5.629876e+00  2.045092e+00 -2.190971e-02
1.923484e-02 -1.451673e+02  4.204710e+01 -1.573430e+01 -3.754723e+00  6.410330e+00  2.327620e+00 -2.973995e-02
2.244580e-02 -1.344749e+02  3.851418e+01 -1.439360e+01 -3.434271e+00  7.204403e+00  2.614514e+00 -3.951149e-02
2.595722e-02 -1.236953e+02  3.489657e+01 -1.301883e+01 -3.105622e+00  7.997180e+00  2.900164e+00 -5.144404e-02
2.976415e-02 -1.129975e+02  3.124660e+01 -1.162980e+01 -2.773513e+00  8.773562e+00  3.178866e+00 -6.571773e-02
3.385735e-02 -1.025407e+02  2.761664e+01 -1.024651e+01 -2.442727e+00  9.519012e+00  3.445102e+00 -8.245920e-02
3.822326e-02 -9.246737e+01  2.405678e+01 -8.888246e+00 -2.117880e+00  1.022025e+01  3.693804e+00 -1.017303e-01
4.284407e-02 -8.289726e+01  2.061275e+01 -7.572778e+00 -1.803233e+00  1.086585e+01  3.920583e+00 -1.235201e-01
4.769797e-02 -7.392411e+01  1.732434e+01 -6.315730e+00 -1.502534e+00  1.144670e+01  4.121910e+00 -1.477419e-01
5.275935e-02 -6.561419e+01  1.422410e+01 -5.130081e+00 -1.218905e+00  1.195624e+01  4.295229e+00 -1.742341e-01
5.799924e-02 -5.800685e+01  1.133681e+01 -4.025876e+00 -9.547635e-01  1.239064e+01  4.439017e+00 -2.027660e-01
6.338567e-02 -5.111668e+01  8.679243e+00 -3.010123e+00 -7.118028e-01  1.274867e+01  4.552768e+00 -2.330476e-01
6.888423e-02 -4.493679e+01  6.260519e+00 -2.086862e+00 -4.910046e-01  1.303152e+01  4.636924e+00 -2.647419e-01
7.445863e-02 -3.944290e+01  4.082744e+00 -1.257379e+00 -2.926898e-01  1.324248e+01  4.692766e+00 -2.974799e-01
8.007127e-02 -3.459748e+01  2.141951e+00 -5.205289e-01 -1.165944e-01  1.338655e+01  4.722272e+00 -3.308752e-01
8.568391e-02 -3.035392e+01  4.291766e-01  1.268693e-01  3.803631e-02  1.347001e+01  4.727948e+00 -3.645389e-01
9.125831e-02 -2.666018e+01 -1.068398e+00  6.896065e-01  1.723460e-01  1.349999e+01  4.712674e+00 -3.980933e-01
9.675688e-02 -2.346193e+01 -2.366332e+00  1.173655e+00  2.877649e-01  1.348408e+01  4.679536e+00 -4.311831e-01
1.021433e-01 -2.070506e+01 -3.481902e+00  1.585764e+00  3.859122e-01  1.342999e+01  4.631692e+00 -4.634848e-01
1.073832e-01 -1.833750e+01 -4.433209e+00  1.933101e+00  4.685101e-01  1.334521e+01  4.572250e+00 -4.947131e-01
1.124446e-01 -1.631051e+01 -5.238433e+00  2.222940e+00  5.373089e-01  1.323688e+01  4.504168e+00 -5.246250e-01
1.172985e-01 -1.457944e+01 -5.915256e+00  2.462422e+00  5.940276e-01  1.311151e+01  4.430183e+00 -5.530218e-01
1.219193e-01 -1.310410e+01 -6.480427e+00  2.658358e+00  6.403077e-01  1.297496e+01  4.352762e+00 -5.797493e-01
1.262852e-01 -1.184886e+01 -6.949471e+00  2.817097e+00  6.776800e-01  1.283235e+01  4.274069e+00 -6.046956e-01
1.303784e-01 -1.078246e+01 -7.336510e+00  2.944439e+00  7.075434e-01  1.268806e+01  4.195955e+00 -6.277885e-01
1.341853e-01 -9.877749e+00 -7.654183e+00  3.045589e+00  7.311531e-01  1.254568e+01  4.119956e+00 -6.489923e-01
1.376967e-01 -9.111319e+00 -7.913640e+00  3.125137e+00  7.496168e-01  1.240815e+01  4.047305e+00 -6.683033e-01
1.409077e-01 -8.463101e+00 -8.124587e+00  3.187075e+00  7.638968e-01  1.227773e+01  3.978952e+00 -6.857457e-01
1.438175e-01 -7.915955e+00 -8.295377e+00  3.234822e+00  7.748172e-01  1.215609e+01  3.915587e+00 -7.013676e-01
1.464295e-01 -7.455273e+00 -8.433116e+00  3.271266e+00  7.830732e-01  1.204437e+01  3.857667e+00 -7.152371e-01
1.487507e-01 -7.068614e+00 -8.543793e+00  3.298813e+00  7.892434e-01  1.194327e+01  3.805442e+00 -7.274384e-01
1.507917e-01 -6.745375e+00 -8.632407e+00  3.319440e+00  7.938020e-01  1.185307e+01  3.758985e+00 -7.380683e-01
1.525662e-01 -6.476497e+00 -8.703097e+00  3.334746e+00  7.971323e-01  1.177374e+01  3.718222e+00 -7.472339e-01
1.540902e-01 -6.254210e+00 -8.759264e+00  3.346011e+00  7.995389e-01  1.170498e+01  3.682952e+00 -7.550490e-01
1.553821e-01 -6.071820e+00 -8.803687e+00  3.354240e+00  8.012606e-01  1.164626e+01  3.652880e+00 -7.616320e-01
1.564617e-01 -5.923520e+00 -8.838625e+00  3.360211e+00  8.024811e-01  1.159692e+01  3.627633e+00 -7.671039e-01
1.573500e-01 -5.804249e+00 -8.865912e+00  3.364519e+00  8.033396e-01  1.155613e+01  3.606785e+00 -7.715856e-01
1.580683e-01 -5.709563e+00 -8.887035e+00  3.367611e+00  8.039393e-01  1.152303e+01  3.589877e+00 -7.751967e-01
1.586383e-01 -5.635546e+00 -8.903201e+00  3.369818e+00  8.043559e-01  1.149669e+01  3.576432e+00 -7.780533e-01
1.590810e-01 -5.578734e+00 -8.915399e+00  3.371384e+00  8.046437e-01  1.147620e+01  3.565973e+00 -7.802665e-01
1.594164e-01 -5.536060e+00 -8.924437e+00  3.372485e+00  8.048412e-01  1.146064e+01  3.558036e+00 -7.819408e-01
1.596637e-01 -5.504820e+00 -8.930985e+00  3.373250e+00  8.049755e-01  1.144916e+01  3.552182e+00 -7.831731e-01
1.598401e-01 -5.482642e+00 -8.935598e+00  3.373772e+00  8.050654e-01  1.144097e+01  3.548002e+00 -7.840514e-01
1.599612e-01 -5.467471e+00 -8.938737e+00  3.374118e+00  8.051243e-01  1.143534e+01  3.545132e+00 -7.846538e-01
1.600405e-01 -5.457554e+00 -8.940781e+00  3.374340e+00  8.051617e-01  1.143165e+01  3.543251e+00 -7.850482e-01
1.600896e-01 -5.451429e+00 -8.942040e+00  3.374475e+00  8.051844e-01  1.142937e+01  3.542087e+00 -7.852922e-01
1.601178e-01 -5.447911e+00 -8.942763e+00  3.374552e+00  8.051972e-01  1.142806e+01  3.541418e+00 -7.854324e-01
1.601325e-01 -5.446074e+00 -8.943139e+00  3.374592e+00  8.052039e-01  1.142737e+01  3.541068e+00 -7.855057e-01
1.601392e-01 -5.445236e+00 -8.943311e+00  3.374610e+00  8.052069e-01  1.142706e+01  3.540909e+00 -7.855391e-01
1.601418e-01 -5.444921e+00 -8.943376e+00  3.374617e+00  8.052080e-01  1.142694e+01  3.540849e+00 -7.855517e-01
1.601424e-01 -5.444835e+00 -8.943393e+00  3.374619e+00  8.052083e-01  1.142691e+01  3.540832e+00 -7.855551e-01
1.601425e-01 -5.444823e+00 -8.943396e+00  3.374619e+00  8.052084e-01  1.142690e+01  3.540830e+00 -7.855556e-01
1.601426e-01 -5.444821e+00 -8.943396e+00  3.374619e+00  8.052084e-01  1.142690e+01  3.540830e+00 -7.855557e-01
1.601430e-01 -5.444769e+00 -8.943407e+00  3.374620e+00  8.052086e-01  1.142688e+01  3.540820e+00 -7.855577e-01
1.601458e-01 -5.444421e+00 -8.943478e+00  3.374628e+00  8.052098e-01  1.142675e+01  3.540754e+00 -7.855716e-01
1.601560e-01 -5.443142e+00 -8.943741e+00  3.374655e+00  8.052144e-01  1.142627e+01  3.540510e+00 -7.856226e-01
1.601834e-01 -5.439732e+00 -8.944439e+00  3.374729e+00  8.052266e-01  1.142500e+01  3.539860e+00 -7.857587e-01
1.602433e-01 -5.432278e+00 -8.945963e+00  3.374888e+00  8.052529e-01  1.142221e+01  3.538439e+00 -7.860563e-01
1.603581e-01 -5.418031e+00 -8.948867e+00  3.375187e+00  8.053016e-01  1.141687e+01  3.535715e+00 -7.866262e-01
1.605577e-01 -5.393341e+00 -8.953869e+00  3.375687e+00  8.053816e-01  1.140757e+01  3.530975e+00 -7.876167e-01
1.608803e-01 -5.353666e+00 -8.961827e+00  3.376441e+00  8.054980e-01  1.139252e+01  3.523308e+00 -7.892159e-01
1.613728e-01 -5.293679e+00 -8.973668e+00  3.377465e+00  8.056452e-01  1.136952e+01  3.511591e+00 -7.916519e-01
1.620903e-01 -5.207496e+00 -8.990266e+00  3.378687e+00  8.057943e-01  1.133595e+01  3.494492e+00 -7.951905e-01
1.630960e-01 -5.089067e+00 -9.012250e+00  3.379867e+00  8.058749e-01  1.128874e+01  3.470467e+00 -8.001302e-01
1.644606e-01 -4.932711e+00 -9.039736e+00  3.380495e+00  8.057499e-01  1.122445e+01  3.437773e+00 -8.067939e-01
1.662611e-01 -4.733800e+00 -9.071995e+00  3.379659e+00  8.051837e-01  1.113924e+01  3.394476e+00 -8.155176e-01
1.685795e-01 -4.489532e+00 -9.107073e+00  3.375897e+00  8.038077e-01  1.102892e+01  3.338489e+00 -8.266355e-01
1.715015e-01 -4.199684e+00 -9.141431e+00  3.367060e+00  8.010865e-01  1.088908e+01  3.267606e+00 -8.404616e-01
1.751145e-01 -3.867229e+00 -9.169658e+00  3.350203e+00  7.962935e-01  1.071518e+01  3.179575e+00 -8.572680e-01
1.795059e-01 -3.498646e+00 -9.184363e+00  3.321562e+00  7.885051e-01  1.050279e+01  3.072194e+00 -8.772605e-01
1.847607e-01 -3.103794e+00 -9.176329e+00  3.276636e+00  7.766215e-01  1.024782e+01  2.943442e+00 -9.005534e-01
1.909597e-01 -2.695278e+00 -9.134997e+00  3.210416e+00  7.594239e-01  9.946936e+00  2.791651e+00 -9.271434e-01
1.981774e-01 -2.287324e+00 -9.049294e+00  3.117767e+00  7.356678e-01  9.597946e+00  2.615702e+00 -9.568872e-01
2.064794e-01 -1.894316e+00 -8.908745e+00  2.993944e+00  7.042093e-01  9.200224e+00  2.415236e+00 -9.894844e-01
2.159211e-01 -1.529242e+00 -8.704745e+00  2.835178e+00  6.641506e-01  8.755110e+00  2.190850e+00 -1.024468e+00
2.265454e-01 -1.202336e+00 -8.431780e+00  2.639271e+00  6.149841e-01  8.266168e+00  1.944247e+00 -1.061208e+00
2.383811e-01 -9.201747e-01 -8.088399e+00  2.406071e+00  5.567122e-01  7.739270e+00  1.678303e+00 -1.098927e+00
2.514418e-01 -6.853801e-01 -7.677732e+00  2.137765e+00  4.899187e-01  7.182441e+00  1.397036e+00 -1.136728e+00
2.657247e-01 -4.969269e-01 -7.207450e+00  1.838908e+00  4.157776e-01  6.605459e+00  1.105445e+00 -1.173641e+00
2.812096e-01 -3.509159e-01 -6.689147e+00  1.516172e+00  3.359923e-01  6.019257e+00  8.092525e-01 -1.208673e+00
2.978589e-01 -2.415926e-01 -6.137264e+00  1.177847e+00  2.526722e-01  5.435182e+00  5.145535e-01 -1.240867e+00
3.156174e-01 -1.623778e-01 -5.567723e+00  8.331697e-01  1.681648e-01  4.864226e+00  2.274254e-01 -1.269358e+00
3.344127e-01 -1.067308e-01 -4.996497e+00  4.915633e-01  8.486586e-02  4.316315e+00 -4.646124e-02 -1.293427e+00
3.541562e-01 -6.875063e-02 -4.438328e+00  1.619111e-01  5.034890e-03  3.799751e+00 -3.021841e-01 -1.312541e+00
3.747436e-01 -4.350207e-02 -3.905733e+00 -1.480580e-01 -6.936206e-02  3.320850e+00 -5.358261e-01 -1.326377e+00
3.960570e-01 -2.710870e-02 -3.408401e+00 -4.322054e-01 -1.367660e-01  2.883799e+00 -7.446277e-01 -1.334829e+00
4.179666e-01 -1.668400e-02 -2.952967e+00 -6.862141e-01 -1.960873e-01  2.490708e+00 -9.270296e-01 -1.337997e+00
4.403322e-01 -1.017340e-02 -2.543120e+00 -9.076217e-01 -2.467174e-01  2.141828e+00 -1.082614e+00 -1.336166e+00
4.630064e-01 -6.168294e-03 -2.179962e+00 -1.095688e+00 -2.884981e-01  1.835877e+00 -1.211971e+00 -1.329766e+00
4.858360e-01 -3.732653e-03 -1.862511e+00 -1.251145e+00 -3.216586e-01  1.570408e+00 -1.316508e+00 -1.319339e+00
5.086657e-01 -2.261592e-03 -1.588246e+00 -1.375881e+00 -3.467356e-01  1.342189e+00 -1.398243e+00 -1.305493e+00
5.313398e-01 -1.374965e-03 -1.353645e+00 -1.472606e+00 -3.644864e-01  1.147543e+00 -1.459594e+00 -1.288873e+00
5.537055e-01 -8.402998e-04 -1.154634e+00 -1.544538e+00 -3.758055e-01  9.826312e-01 -1.503190e+00 -1.270124e+00
5.756150e-01 -5.181048e-04 -9.869577e-01 -1.595124e+00 -3.816513e-01  8.436676e-01 -1.531713e+00 -1.249868e+00
5.969285e-01 -3.245758e-04 -8.464433e-01 -1.627823e+00 -3.829852e-01  7.270732e-01 -1.547765e+00 -1.228683e+00
6.175159e-01 -2.082467e-04 -7.291782e-01 -1.645937e+00 -3.807268e-01  6.295692e-01 -1.553783e+00 -1.207091e+00
6.372593e-01 -1.370516e-04 -6.316132e-01 -1.652499e+00 -3.757213e-01  5.482256e-01 -1.551973e+00 -1.185547e+00
6.560547e-01 -9.167213e-05 -5.506096e-01 -1.650209e+00 -3.687205e-01  4.804758e-01 -1.544282e+00 -1.164435e+00
6.738132e-01 -6.152493e-05 -4.834465e-01 -1.641402e+00 -3.603742e-01  4.241066e-01 -1.532380e+00 -1.144071e+00
6.904625e-01 -4.141801e-05 -4.278016e-01 -1.628048e+00 -3.512282e-01  3.772343e-01 -1.517671e+00 -1.124704e+00
7.059474e-01 -2.866104e-05 -3.817165e-01 -1.611770e+00 -3.417292e-01  3.382713e-01 -1.501306e+00 -1.106518e+00
7.202302e-01 -2.118626e-05 -3.435558e-01 -1.593875e+00 -3.322325e-01  3.058898e-01 -1.484208e+00 -1.089646e+00
7.332910e-01 -1.693615e-05 -3.119625e-01 -1.575385e+00 -3.230117e-01  2.789862e-01 -1.467095e+00 -1.074169e+00
7.451267e-01 -1.411815e-05 -2.858166e-01 -1.557082e+00 -3.142695e-01  2.566465e-01 -1.450512e+00 -1.060128e+00
7.557510e-01 -1.162575e-05 -2.641963e-01 -1.539539e+00 -3.061479e-01  2.381153e-01 -1.434852e+00 -1.047526e+00
7.651927e-01 -9.142419e-06 -2.463434e-01 -1.523159e+00 -2.987384e-01  2.227690e-01 -1.420386e+00 -1.036340e+00
7.734947e-01 -6.875844e-06 -2.316344e-01 -1.508201e+00 -2.920908e-01  2.100919e-01 -1.407282e+00 -1.026521e+00
7.807123e-01 -5.156485e-06 -2.195549e-01 -1.494815e+00 -2.862214e-01  1.996568e-01 -1.395623e+00 -1.018001e+00
7.869114e-01 -4.149814e-06 -2.096793e-01 -1.483057e+00 -2.811200e-01  1.911081e-01 -1.385429e+00 -1.010699e+00
7.921662e-01 -3.780621e-06 -2.016534e-01 -1.472915e+00 -2.767559e-01  1.841482e-01 -1.376666e+00 -1.004522e+00
7.965576e-01 -3.816947e-06 -1.951802e-01 -1.464325e+00 -2.730831e-01  1.785264e-01 -1.369263e+00 -9.993693e-01
8.001706e-01 -4.002312e-06 -1.900090e-01 -1.457184e+00 -2.700450e-01  1.740297e-01 -1.363120e+00 -9.951370e-01
8.030926e-01 -4.151030e-06 -1.859264e-01 -1.451362e+00 -2.675778e-01  1.704758e-01 -1.358121e+00 -9.917191e-01
8.054110e-01 -4.178730e-06 -1.827491e-01 -1.446714e+00 -2.656142e-01  1.677077e-01 -1.354134e+00 -9.890106e-01
8.072115e-01 -4.083486e-06 -1.803188e-01 -1.443088e+00 -2.640857e-01  1.655890e-01 -1.351027e+00 -9.869092e-01
8.085761e-01 -3.907459e-06 -1.784983e-01 -1.440330e+00 -2.629252e-01  1.640011e-01 -1.348665e+00 -9.853177e-01
8.095818e-01 -3.702412e-06 -1.771682e-01 -1.438293e+00 -2.620688e-01  1.628405e-01 -1.346921e+00 -9.841455e-01
8.102992e-01 -3.509212e-06 -1.762253e-01 -1.436836e+00 -2.614573e-01  1.620175e-01 -1.345674e+00 -9.833096e-01
8.107917e-01 -3.351005e-06 -1.755810e-01 -1.435835e+00 -2.610374e-01  1.614550e-01 -1.344818e+00 -9.827360e-01
8.111144e-01 -3.235084e-06 -1.751602e-01 -1.435179e+00 -2.607621e-01  1.610876e-01 -1.344257e+00 -9.823602e-01
8.113140e-01 -3.158252e-06 -1.749003e-01 -1.434773e+00 -2.605918e-01  1.608607e-01 -1.343909e+00 -9.821279e-01
8.114287e-01 -3.112242e-06 -1.747511e-01 -1.434539e+00 -2.604938e-01  1.607304e-01 -1.343710e+00 -9.819943e-01
8.114887e-01 -3.087678e-06 -1.746732e-01 -1.434417e+00 -2.604427e-01  1.606624e-01 -1.343605e+00 -9.819245e-01
8.115160e-01 -3.076328e-06 -1.746377e-01 -1.434362e+00 -2.604193e-01  1.606313e-01 -1.343558e+00 -9.818926e-01
8.115263e-01 -3.072050e-06 -1.746243e-01 -1.434341e+00 -2.604105e-01  1.606197e-01 -1.343540e+00 -9.818807e-01
8.115291e-01 -3.070885e-06 -1.746207e-01 -1.434335e+00 -2.604081e-01  1.606165e-01 -1.343535e+00 -9.818774e-01
8.115295e-01 -3.070713e-06 -1.746202e-01 -1.434334e+00 -2.604078e-01  1.606160e-01 -1.343534e+00 -9.818769e-01
8.115296e-01 -3.070704e-06 -1.746201e-01 -1.434334e+00 -2.604077e-01  1.606160e-01 -1.343534e+00 -9.818769e-01
8.115308e-01 -3.070621e-06 -1.746185e-01 -1.434331e+00 -2.604067e-01  1.606145e-01 -1.343532e+00 -9.818754e-01
8.115394e-01 -3.070059e-06 -1.746073e-01 -1.434314e+00 -2.603994e-01  1.606048e-01 -1.343517e+00 -9.818654e-01
8.115709e-01 -3.067991e-06 -1.745665e-01 -1.434250e+00 -2.603725e-01  1.605691e-01 -1.343462e+00 -9.818288e-01
8.116547e-01 -3.062485e-06 -1.744576e-01 -1.434079e+00 -2.603009e-01  1.604741e-01 -1.343316e+00 -9.817312e-01
8.118383e-01 -3.050468e-06 -1.742196e-01 -1.433705e+00 -2.601442e-01  1.602662e-01 -1.342996e+00 -9.815175e-01
8.121899e-01 -3.027581e-06 -1.737645e-01 -1.432989e+00 -2.598439e-01  1.598688e-01 -1.342383e+00 -9.811083e-01
8.128014e-01 -2.988169e-06 -1.729759e-01 -1.431741e+00 -2.593214e-01  1.591799e-01 -1.341317e+00 -9.803968e-01
8.137899e-01 -2.925501e-06 -1.717086e-01 -1.429721e+00 -2.584761e-01  1.580725e-01 -1.339590e+00 -9.792471e-01
8.152987e-01 -2.832298e-06 -1.697920e-01 -1.426630e+00 -2.571844e-01  1.563972e-01 -1.336950e+00 -9.774934e-01
8.174968e-01 -2.701642e-06 -1.670377e-01 -1.422112e+00 -2.552994e-01  1.539882e-01 -1.333093e+00 -9.749411e-01
8.205780e-01 -2.528289e-06 -1.632514e-01 -1.415748e+00 -2.526510e-01  1.506736e-01 -1.327665e+00 -9.713686e-01
8.247587e-01 -2.310267e-06 -1.582498e-01 -1.407059e+00 -2.490471e-01  1.462899e-01 -1.320262e+00 -9.665313e-01
8.302747e-01 -2.050448e-06 -1.518828e-01 -1.395506e+00 -2.442754e-01  1.407005e-01 -1.310434e+00 -9.601671e-01
8.373776e-01 -1.757640e-06 -1.440575e-01 -1.380495e+00 -2.381070e-01  1.338164e-01 -1.297685e+00 -9.520040e-01
8.463297e-01 -1.446574e-06 -1.347630e-01 -1.361389e+00 -2.303018e-01  1.256176e-01 -1.281488e+00 -9.417699e-01
8.573988e-01 -1.136367e-06 -1.240907e-01 -1.337524e+00 -2.206173e-01  1.161709e-01 -1.261294e+00 -9.292040e-01
8.708525e-01 -8.473877e-07 -1.122448e-01 -1.308247e+00 -2.088210e-01  1.056407e-01 -1.236563e+00 -9.140713e-01
8.869516e-01 -5.971744e-07 -9.953982e-02 -1.272958e+00 -1.947068e-01  9.428764e-02 -1.206797e+00 -8.961785e-01
9.059434e-01 -3.966603e-07 -8.638097e-02 -1.231174e+00 -1.781169e-01  8.245429e-02 -1.171583e+00 -8.753912e-01
9.280559e-01 -2.481851e-07 -7.322871e-02 -1.182600e+00 -1.589648e-01  7.053698e-02 -1.130651e+00 -8.516510e-01
9.534907e-01 -1.462188e-07 -6.055162e-02 -1.127203e+00 -1.372607e-01  5.894688e-02 -1.083924e+00 -8.249907e-01
9.824170e-01 -8.052204e-08 -4.877522e-02 -1.065275e+00 -1.131318e-01  4.806688e-02 -1.031574e+00 -7.955448e-01
1.014966e+00 -4.021340e-08 -3.823664e-02 -9.974705e-01 -8.683614e-02  3.821174e-02 -9.740480e-01 -7.635545e-01
1.051227e+00 -1.675914e-08 -2.915356e-02 -9.248110e-01 -5.876395e-02  2.959900e-02 -9.120786e-01 -7.293636e-01
1.091241e+00 -4.684686e-09 -2.161328e-02 -8.486399e-01 -2.942522e-02  2.233583e-02 -8.466588e-01 -6.934053e-01
1.134999e+00 -3.804443e-10 -1.558202e-02 -7.705388e-01  5.772941e-04  1.642284e-02 -7.789867e-01 -6.561811e-01
1.182440e+00 -5.850102e-10 -1.093041e-02 -6.922098e-01  3.058667e-02  1.177220e-02 -7.103848e-01 -6.182334e-01
1.233448e+00 -2.011206e-09 -7.467552e-03 -6.153427e-01  5.993729e-02  8.234580e-03 -6.422051e-01 -5.801148e-01
1.287854e+00 -2.258423e-09 -4.975665e-03 -5.414877e-01  8.800095e-02  5.628290e-03 -5.757341e-01 -5.423583e-01
1.345437e+00 -8.317198e-10 -3.239177e-03 -4.719507e-01  1.142276e-01  3.765299e-03 -5.121091e-01 -5.054508e-01
1.405925e+00  1.012699e-09 -2.064745e-03 -4.077244e-01  1.381761e-01  2.470543e-03 -4.522574e-01 -4.698140e-01
1.468998e+00  1.688822e-09 -1.291853e-03 -3.494588e-01  1.595323e-01  1.593538e-03 -3.968620e-01 -4.357912e-01
1.534295e+00  7.774137e-10 -7.955091e-04 -2.974697e-01  1.781140e-01  1.013032e-03 -3.463536e-01 -4.036426e-01
1.601419e+00 -6.963266e-10 -4.835489e-04 -2.517760e-01  1.938647e-01  6.364856e-04 -3.009261e-01 -3.735469e-01
1.669940e+00 -1.334677e-09 -2.910905e-04 -2.121562e-01  2.068380e-01  3.964397e-04 -2.605680e-01 -3.456070e-01
1.739407e+00 -6.717525e-10 -1.741874e-04 -1.782120e-01  2.171771e-01  2.455888e-04 -2.251032e-01 -3.198602e-01
1.809349e+00  5.184202e-10 -1.040132e-04 -1.494315e-01  2.250920e-01  1.518249e-04 -1.942353e-01 -2.962893e-01
1.879292e+00  1.083399e-09 -6.218688e-05 -1.252442e-01  2.308362e-01  9.396370e-05 -1.675889e-01 -2.748342e-01
1.948758e+00  5.886444e-10 -3.730934e-05 -1.050660e-01  2.346868e-01  5.838029e-05 -1.447467e-01 -2.554035e-01
2.017280e+00 -3.860104e-10 -2.250139e-05 -8.833187e-02  2.369271e-01  3.650884e-05 -1.252785e-01 -2.378840e-01
2.084403e+00 -9.068510e-10 -1.369182e-05 -7.451734e-02  2.378336e-01  2.305410e-05 -1.087633e-01 -2.221496e-01
2.149701e+00 -5.656266e-10 -8.469375e-06 -6.315128e-02  2.376658e-01  1.476307e-05 -9.480473e-02 -2.080679e-01
2.212774e+00  2.393060e-10 -5.372929e-06 -5.382088e-02  2.366606e-01  9.629010e-06 -8.304009e-02 -1.955058e-01
2.273262e+00  7.660224e-10 -3.502082e-06 -4.617161e-02  2.350282e-01  6.409597e-06 -7.314494e-02 -1.843327e-01
2.330845e+00  6.061630e-10 -2.320136e-06 -3.990382e-02  2.329511e-01  4.346532e-06 -6.483424e-02 -1.744240e-01
2.385251e+00 -3.360337e-11 -1.538050e-06 -3.476744e-02  2.305844e-01  2.993453e-06 -5.786116e-02 -1.656620e-01
2.436259e+00 -5.981854e-10 -1.018681e-06 -3.055583e-02  2.280569e-01  2.096204e-06 -5.201431e-02 -1.579372e-01
2.483700e+00 -6.711238e-10 -6.936952e-07 -2.709958e-02  2.254733e-01  1.505774e-06 -4.711433e-02 -1.511486e-01
2.527458e+00 -2.570121e-10 -5.094857e-07 -2.426057e-02  2.229168e-01  1.122926e-06 -4.301001e-02 -1.452037e-01
2.567472e+00  3.028743e-10 -4.100779e-07 -2.192669e-02  2.204510e-01  8.728310e-07 -3.957456e-02 -1.400178e-01
2.603732e+00  6.293574e-10 -3.455423e-07 -2.000707e-02  2.181234e-01  6.997943e-07 -3.670196e-02 -1.355138e-01
2.636282e+00  5.560355e-10 -2.852121e-07 -1.842818e-02  2.159670e-01  5.684870e-07 -3.430373e-02 -1.316216e-01
2.665208e+00  1.805146e-10 -2.212671e-07 -1.713044e-02  2.140031e-01  4.623164e-07 -3.230601e-02 -1.282772e-01
2.690643e+00 -2.563197e-10 -1.610868e-07 -1.606545e-02  2.122428e-01  3.770749e-07 -3.064704e-02 -1.254221e-01
2.712755e+00 -5.364169e-10 -1.153906e-07 -1.519379e-02  2.106893e-01  3.130923e-07 -2.927506e-02 -1.230030e-01
2.731747e+00 -5.665793e-10 -8.969881e-08 -1.448319e-02  2.093393e-01  2.696652e-07 -2.814649e-02 -1.209707e-01
2.747846e+00 -3.840442e-10 -8.212080e-08 -1.390705e-02  2.081844e-01  2.432319e-07 -2.722441e-02 -1.192800e-01
2.761300e+00 -9.853698e-11 -8.592975e-08 -1.344328e-02  2.072123e-01  2.283602e-07 -2.647736e-02 -1.178892e-01
2.772369e+00  1.765134e-10 -9.358290e-08 -1.307340e-02  2.064081e-01  2.196702e-07 -2.587833e-02 -1.167597e-01
2.781321e+00  3.677494e-10 -9.962228e-08 -1.278175e-02  2.057548e-01  2.132482e-07 -2.540393e-02 -1.158559e-01
2.788424e+00  4.523048e-10 -1.016133e-07 -1.255501e-02  2.052348e-01  2.070548e-07 -2.503380e-02 -1.151449e-01
2.793940e+00  4.452644e-10 -9.958635e-08 -1.238173e-02  2.048299e-01  2.005569e-07 -2.475014e-02 -1.145964e-01
2.798121e+00  3.794580e-10 -9.488503e-08 -1.225200e-02  2.045225e-01  1.940577e-07 -2.453732e-02 -1.141827e-01
2.801202e+00  2.885785e-10 -8.912858e-08 -1.215726e-02  2.042956e-01  1.881021e-07 -2.438166e-02 -1.138791e-01
2.803400e+00  1.978637e-10 -8.359564e-08 -1.209013e-02  2.041336e-01  1.831193e-07 -2.427123e-02 -1.136630e-01
2.804909e+00  1.216511e-10 -7.902020e-08 -1.204427e-02  2.040223e-01  1.792962e-07 -2.419572e-02 -1.135150e-01
2.805897e+00  6.508498e-11 -7.564987e-08 -1.201431e-02  2.039494e-01  1.765975e-07 -2.414637e-02 -1.134182e-01
2.806509e+00  2.733569e-11 -7.340938e-08 -1.199582e-02  2.039042e-01  1.748470e-07 -2.411590e-02 -1.133583e-01
2.806861e+00  4.647314e-12 -7.206551e-08 -1.198520e-02  2.038783e-01  1.738115e-07 -2.409840e-02 -1.133239e-01
2.807044e+00 -7.489276e-12 -7.134738e-08 -1.197966e-02  2.038647e-01  1.732622e-07 -2.408927e-02 -1.133060e-01
2.807128e+00 -1.310171e-11 -7.101545e-08 -1.197713e-02  2.038585e-01  1.730092e-07 -2.408510e-02 -1.132978e-01
2.807159e+00 -1.521804e-11 -7.089031e-08 -1.197618e-02  2.038562e-01  1.729140e-07 -2.408353e-02 -1.132947e-01
2.807168e+00 -1.579477e-11 -7.085622e-08 -1.197593e-02  2.038556e-01  1.728881e-07 -2.408311e-02 -1.132939e-01
2.807169e+00 -1.587993e-11 -7.085118e-08 -1.197589e-02  2.038555e-01  1.728842e-07 -2.408304e-02 -1.132938e-01
2.807169e+00 -1.588265e-11 -7.085095e-08 -1.197588e-02  2.038554e-01  1.728840e-07 -2.408303e-02 -1.132937e-01
2.807174e+00 -1.588169e-11 -7.084873e-08 -1.197575e-02  2.038551e-01  1.728789e-07 -2.408281e-02 -1.132933e-01
2.807204e+00 -1.587518e-11 -7.083374e-08 -1.197485e-02  2.038529e-01  1.728447e-07 -2.408133e-02 -1.132904e-01
2.807313e+00 -1.585129e-11 -7.077864e-08 -1.197154e-02  2.038448e-01  1.727192e-07 -2.407587e-02 -1.132796e-01
2.807606e+00 -1.578771e-11 -7.063197e-08 -1.196272e-02  2.038232e-01  1.723849e-07 -2.406133e-02 -1.132510e-01
2.808246e+00 -1.564924e-11 -7.031197e-08 -1.194343e-02  2.037759e-01  1.716555e-07 -2.402953e-02 -1.131885e-01
2.809473e+00 -1.538654e-11 -6.970290e-08 -1.190659e-02  2.036853e-01  1.702666e-07 -2.396875e-02 -1.130688e-01
2.811606e+00 -1.493742e-11 -6.865542e-08 -1.184278e-02  2.035276e-01  1.678766e-07 -2.386340e-02 -1.128609e-01
2.815055e+00 -1.423190e-11 -6.699339e-08 -1.174035e-02  2.032724e-01  1.640806e-07 -2.369409e-02 -1.125259e-01
2.820318e+00 -1.320260e-11 -6.452971e-08 -1.158574e-02  2.028823e-01  1.584447e-07 -2.343802e-02 -1.120168e-01
2.827987e+00 -1.180135e-11 -6.109326e-08 -1.136414e-02  2.023127e-01  1.505646e-07 -2.306998e-02 -1.112802e-01
2.838736e+00 -1.002121e-11 -5.656678e-08 -1.106067e-02  2.015120e-01  1.401487e-07 -2.256391e-02 -1.102576e-01
2.853321e+00 -7.919549e-12 -5.093185e-08 -1.066191e-02  2.004214e-01  1.271182e-07 -2.189520e-02 -1.088883e-01
2.872564e+00 -5.634171e-12 -4.431098e-08 -1.015781e-02  1.989757e-01  1.117025e-07 -2.104352e-02 -1.071131e-01
2.897343e+00 -3.380929e-12 -3.699161e-08 -9.543833e-03  1.971040e-01  9.450029e-08 -1.999608e-02 -1.048787e-01
2.928573e+00 -1.422267e-12 -2.941476e-08 -8.822881e-03  1.947312e-01  7.646522e-08 -1.875083e-02 -1.021424e-01
2.967189e+00 -4.010876e-15 -2.211609e-08 -8.006685e-03  1.917804e-01  5.879174e-08 -1.731912e-02 -9.887763e-02
3.014123e+00  7.265674e-13 -1.562275e-08 -7.116166e-03  1.881763e-01  4.270113e-08 -1.572713e-02 -9.507765e-02
3.070287e+00  7.902036e-13 -1.033100e-08 -6.180424e-03  1.838498e-01  2.917699e-08 -1.401553e-02 -9.075931e-02
3.136542e+00  3.923645e-13 -6.408628e-09 -5.234252e-03  1.787442e-01  1.873848e-08 -1.223699e-02 -8.596434e-02
3.213683e+00 -1.399733e-13 -3.767187e-09 -4.314435e-03  1.728221e-01  1.134827e-08 -1.045166e-02 -8.075860e-02
3.302415e+00 -4.902507e-13 -2.124821e-09 -3.455440e-03  1.660722e-01  6.507027e-09 -8.721161e-03 -7.522896e-02
3.403327e+00 -4.941773e-13 -1.135265e-09 -2.685358e-03  1.585158e-01  3.498453e-09 -7.102070e-03 -6.947811e-02
3.516879e+00 -2.093471e-13 -5.194610e-10 -2.022933e-03  1.502105e-01  1.665365e-09 -5.640096e-03 -6.361777e-02
3.643378e+00  1.400769e-13 -1.315358e-10 -1.476290e-03  1.412515e-01  5.779043e-10 -4.366038e-03 -5.776135e-02
3.782971e+00  3.192601e-13  6.792707e-11 -1.043479e-03  1.317690e-01  2.565906e-11 -3.294163e-03 -5.201665e-02
3.935625e+00  2.393920e-13  9.546901e-11 -7.145283e-04  1.219217e-01 -1.146311e-10 -2.423099e-03 -4.647983e-02
4.101127e+00  4.855572e-15  1.184581e-11 -4.743271e-04  1.118867e-01 -3.862332e-12 -1.738744e-03 -4.123080e-02
4.279073e+00 -1.831849e-13 -8.036894e-11 -3.056050e-04  1.018486e-01  1.480501e-10 -1.218339e-03 -3.633070e-02
4.468875e+00 -1.894149e-13 -9.792176e-11 -1.914136e-04  9.198710e-02  1.775828e-10 -8.347447e-04 -3.182110e-02
4.669759e+00 -4.183915e-14 -3.359157e-11 -1.167932e-04  8.246586e-02  6.283189e-11 -5.601789e-04 -2.772493e-02
4.880776e+00  1.115515e-13  4.836881e-11 -6.959326e-05  7.342404e-02 -8.524530e-11 -3.689409e-04 -2.404847e-02
5.100813e+00  1.409310e-13  7.570806e-11 -4.060853e-05  6.497043e-02 -1.367178e-10 -2.390182e-04 -2.078420e-02
5.328610e+00  4.211013e-14  3.246946e-11 -2.327298e-05  5.718096e-02 -6.044250e-11 -1.526999e-04 -1.791388e-02
5.562778e+00 -7.709153e-14 -3.310659e-11 -1.314255e-05  5.009919e-02  5.833430e-11 -9.646440e-05 -1.541162e-02
5.801821e+00 -1.071477e-13 -5.921566e-11 -7.341262e-06  4.373927e-02  1.074189e-10 -6.043723e-05 -1.324667e-02
6.044160e+00 -3.461950e-14 -2.776941e-11 -4.075382e-06  3.809036e-02  5.199170e-11 -3.767300e-05 -1.138581e-02
6.288163e+00  5.922575e-14  2.482771e-11 -2.259627e-06  3.312206e-02 -4.357222e-11 -2.343982e-05 -9.795241e-03
6.532165e+00  8.531216e-14  4.785217e-11 -1.255522e-06  2.878988e-02 -8.697951e-11 -1.460199e-05 -8.442058e-03
6.774505e+00  2.880252e-14  2.417957e-11 -6.990008e-07  2.504040e-02 -4.544985e-11 -9.132680e-06 -7.295220e-03
7.013547e+00 -4.779912e-14 -1.883792e-11 -3.893681e-07  2.181569e-02  3.274714e-11 -5.750079e-06 -6.326196e-03
7.247715e+00 -7.202797e-14 -4.012534e-11 -2.182247e-07  1.905685e-02  7.286201e-11 -3.656186e-06 -5.509299e-03
7.475513e+00 -2.797158e-14 -2.333282e-11 -1.256959e-07  1.670668e-02  4.380223e-11 -2.357249e-06 -4.821788e-03
7.695550e+00  3.748971e-14  1.242425e-11 -7.643768e-08  1.471145e-02 -2.098669e-11 -1.547009e-06 -4.243809e-03
7.906566e+00  6.454233e-14  3.429741e-11 -4.887620e-08  1.302207e-02 -6.191633e-11 -1.035302e-06 -3.758230e-03
8.107450e+00  3.364504e-14  2.548899e-11 -3.108825e-08  1.159456e-02 -4.742882e-11 -7.056732e-07 -3.350406e-03
8.297252e+00 -2.386168e-14 -3.478037e-12 -1.824086e-08  1.039018e-02  4.566569e-12 -4.889345e-07 -3.007917e-03
8.475199e+00 -5.878170e-14 -2.761676e-11 -9.512133e-09  9.375282e-03  4.911064e-11 -3.449311e-07 -2.720295e-03
8.640700e+00 -4.559612e-14 -2.919069e-11 -5.007368e-09  8.520924e-03  5.343015e-11 -2.496284e-07 -2.478758e-03
8.793354e+00  1.814597e-15 -9.558543e-12 -3.946293e-09  7.802427e-03  1.897527e-11 -1.870453e-07 -2.275961e-03
8.932947e+00  4.666366e-14  1.538530e-11 -4.565872e-09  7.198874e-03 -2.613034e-11 -1.454686e-07 -2.105779e-03
9.059447e+00  5.867948e-14  2.884775e-11 -5.055789e-09  6.692611e-03 -5.144704e-11 -1.164279e-07 -1.963103e-03
9.172998e+00  3.283446e-14  2.408598e-11 -4.452767e-09  6.268774e-03 -4.419181e-11 -9.457958e-08 -1.843676e-03
9.273910e+00 -1.236834e-14  6.212342e-12 -2.852892e-09  5.914859e-03 -1.291833e-11 -7.728356e-08 -1.743941e-03
9.362642e+00 -5.043653e-14 -1.357736e-11 -9.894650e-10  5.620339e-03  2.256150e-11 -6.364832e-08 -1.660922e-03
9.439784e+00 -6.294544e-14 -2.553693e-11  3.820040e-10  5.376327e-03  4.466627e-11 -5.345314e-08 -1.592116e-03
9.506039e+00 -4.682607e-14 -2.581051e-11  8.890828e-10  5.175297e-03  4.615875e-11 -4.640685e-08 -1.535407e-03
9.562202e+00 -1.181060e-14 -1.647264e-11  6.050595e-10  5.010835e-03  3.040566e-11 -4.190486e-08 -1.488995e-03
9.609136e+00  2.730074e-14 -2.762630e-12 -1.267441e-10  4.877448e-03  6.549197e-12 -3.914813e-08 -1.451337e-03
9.647752e+00  5.799283e-14  1.007419e-11 -9.239602e-10  4.770393e-03 -1.611177e-11 -3.737902e-08 -1.421102e-03
9.678982e+00  7.385029e-14  1.874106e-11 -1.521347e-09  4.685550e-03 -3.164744e-11 -3.605085e-08 -1.397133e-03
9.703762e+00  7.462688e-14  2.230398e-11 -1.816361e-09  4.619318e-03 -3.829090e-11 -3.487092e-08 -1.378416e-03
9.723005e+00  6.409443e-14  2.156880e-11 -1.834973e-09  4.568535e-03 -3.737224e-11 -3.374719e-08 -1.364062e-03
9.737589e+00  4.743403e-14  1.812931e-11 -1.668067e-09  4.530421e-03 -3.164732e-11 -3.269926e-08 -1.353287e-03
9.748339e+00  2.929413e-14  1.358605e-11 -1.415967e-09  4.502537e-03 -2.391391e-11 -3.178086e-08 -1.345403e-03
9.756007e+00  1.285426e-14  9.122720e-12 -1.156473e-09  4.482751e-03 -1.625460e-11 -3.103348e-08 -1.339808e-03
9.761270e+00 -2.884209e-16  5.401983e-12 -9.351693e-10  4.469220e-03 -9.844161e-12 -3.046980e-08 -1.335982e-03
9.764719e+00 -9.775022e-15  2.652131e-12 -7.695535e-10  4.460377e-03 -5.096106e-12 -3.007610e-08 -1.333481e-03
9.766852e+00 -1.600534e-14  8.214461e-13 -6.585092e-10  4.454916e-03 -1.931224e-12 -2.982235e-08 -1.331936e-03
9.768079e+00 -1.971624e-14 -2.773594e-13 -5.915918e-10  4.451779e-03 -3.029509e-14 -2.967279e-08 -1.331049e-03
9.768719e+00 -2.169170e-14 -8.647142e-13 -5.557453e-10  4.450142e-03  9.862027e-13 -2.959362e-08 -1.330586e-03
9.769012e+00 -2.260307e-14 -1.136234e-12 -5.391570e-10  4.449395e-03  1.456190e-12 -2.955719e-08 -1.330375e-03
9.769122e+00 -2.294637e-14 -1.238603e-12 -5.329001e-10  4.449114e-03  1.633400e-12 -2.954349e-08 -1.330295e-03
9.769151e+00 -2.303990e-14 -1.266499e-12 -5.311948e-10  4.449038e-03  1.681690e-12 -2.953976e-08 -1.330274e-03
9.769156e+00 -2.305371e-14 -1.270618e-12 -5.309430e-10  4.449027e-03  1.688821e-12 -2.953920e-08 -1.330271e-03
9.769157e+00 -2.305410e-14 -1.270748e-12 -5.309341e-10  4.449025e-03  1.689048e-12 -2.953915e-08 -1.330270e-03
9.769176e+00 -2.305246e-14 -1.270664e-12 -5.309118e-10  4.448976e-03  1.688937e-12 -2.953812e-08 -1.330256e-03
9.769305e+00 -2.304134e-14 -1.270092e-12 -5.307608e-10  4.448644e-03  1.688189e-12 -2.953111e-08 -1.330162e-03
9.769782e+00 -2.300049e-14 -1.267992e-12 -5.302059e-10  4.447427e-03  1.685442e-12 -2.950536e-08 -1.329818e-03
9.771053e+00 -2.289184e-14 -1.262407e-12 -5.287293e-10  4.444183e-03  1.678134e-12 -2.943682e-08 -1.328901e-03
9.773833e+00 -2.265529e-14 -1.250244e-12 -5.255101e-10  4.437091e-03  1.662220e-12 -2.928732e-08 -1.326895e-03
9.779159e+00 -2.220689e-14 -1.227181e-12 -5.193923e-10  4.423540e-03  1.632042e-12 -2.900294e-08 -1.323062e-03
9.788423e+00 -2.144145e-14 -1.187789e-12 -5.089003e-10  4.400071e-03  1.580491e-12 -2.851442e-08 -1.316424e-03
9.803397e+00 -2.024205e-14 -1.126006e-12 -4.923306e-10  4.362398e-03  1.499618e-12 -2.774072e-08 -1.305766e-03
9.826253e+00 -1.849930e-14 -1.036092e-12 -4.679498e-10  4.305524e-03  1.381881e-12 -2.659718e-08 -1.289673e-03
9.859551e+00 -1.614168e-14 -9.141590e-13 -4.343209e-10  4.224004e-03  1.222127e-12 -2.500909e-08 -1.266598e-03
9.906227e+00 -1.317507e-14 -7.601536e-13 -3.907459e-10  4.112351e-03  1.020180e-12 -2.293057e-08 -1.234978e-03
9.969557e+00 -9.723082e-15 -5.799096e-13 -3.377602e-10  3.965608e-03  7.835141e-13 -2.036630e-08 -1.193388e-03
1.005312e+01 -6.052382e-15 -3.864827e-13 -2.775361e-10  3.780053e-03  5.290147e-13 -1.739085e-08 -1.140744e-03
1.016071e+01 -2.561673e-15 -1.997084e-13 -2.139925e-10  3.553974e-03  2.824349e-13 -1.415752e-08 -1.076506e-03
1.029632e+01  2.843853e-16 -4.304313e-14 -1.524001e-10  3.288382e-03  7.433559e-14 -1.088799e-08 -1.000885e-03
1.046400e+01  2.078276e-15  6.244650e-14 -9.839122e-11  2.987525e-03 -6.768390e-14 -7.837592e-09 -9.149794e-04
1.066781e+01  2.620889e-15  1.055807e-13 -5.652467e-11  2.659024e-03 -1.287117e-13 -5.240123e-09 -8.208167e-04
1.091168e+01  2.038536e-15  9.102350e-14 -2.886823e-11  2.313511e-03 -1.143012e-13 -3.247360e-09 -7.212596e-04
1.119938e+01  7.904552e-16  4.000118e-14 -1.425252e-11  1.963725e-03 -5.151259e-14 -1.887582e-09 -6.197702e-04
1.153435e+01 -4.768265e-16 -1.644072e-14 -8.724993e-12  1.623163e-03  1.968958e-14 -1.065258e-09 -5.200564e-04
1.191965e+01 -1.193633e-15 -5.010192e-14 -7.209969e-12  1.304507e-03  6.273900e-14 -6.078032e-10 -4.256590e-04
1.235784e+01 -1.126823e-15 -4.835883e-14 -5.668094e-12  1.018134e-03  6.095026e-14 -3.402384e-10 -3.395604e-04
1.285091e+01 -4.792728e-16 -1.941195e-14 -2.606134e-12  7.710266e-04  2.442804e-14 -1.498468e-10 -2.638887e-04
1.340020e+01  2.550333e-16  1.417978e-14  9.568622e-13  5.662987e-04 -1.811303e-14 -6.093076e-12 -1.997735e-04
1.400635e+01  6.106332e-16  3.054757e-14  3.016052e-12  4.033859e-04 -3.866294e-14  7.121441e-11 -1.473656e-04
1.466922e+01  4.413221e-16  2.249121e-14  2.510175e-12  2.787838e-04 -2.796306e-14  6.746331e-11 -1.059945e-04
1.538787e+01 -1.999513e-17  6.404472e-16  2.535653e-13  1.870890e-04  3.147088e-16  8.758035e-12 -7.441191e-05
1.616056e+01 -3.728775e-16 -1.633417e-14 -1.759552e-12  1.220736e-04  2.210051e-14 -4.802568e-11 -5.105762e-05
1.698474e+01 -3.648759e-16 -1.661680e-14 -2.002128e-12  7.758006e-05  2.213679e-14 -5.723629e-11 -3.429714e-05
1.785703e+01 -6.206640e-17 -3.372016e-15 -5.780213e-13  4.812692e-05  4.543618e-15 -1.838238e-11 -2.259827e-05
1.877332e+01  2.498323e-16  9.936549e-15  1.059542e-12  2.921672e-05 -1.314712e-14  2.892464e-11 -1.463747e-05
1.972878e+01  3.288909e-16  1.210126e-14  1.495366e-12  1.740310e-05 -1.623145e-14  4.331272e-11 -9.343087e-06
2.071794e+01  1.683524e-16  3.264658e-15  5.543393e-13  1.019782e-05 -4.726051e-15  1.753984e-11 -5.892548e-06
2.173476e+01 -3.821197e-17 -6.901791e-15 -7.157596e-13  5.895253e-06  8.831147e-15 -1.952759e-11 -3.682362e-06
2.277275e+01 -9.865687e-17 -9.096354e-15 -1.135602e-12  3.375010e-06  1.216174e-14 -3.320287e-11 -2.286667e-06
2.382505e+01  9.758104e-18 -2.600397e-15 -4.607001e-13  1.924040e-06  4.035801e-15 -1.471055e-11 -1.415012e-06
2.488458e+01  1.512204e-16  5.348846e-15  5.336200e-13  1.098845e-06 -6.311551e-15  1.452885e-11 -8.750603e-07
2.594410e+01  1.838281e-16  7.284671e-15  8.972101e-13  6.303250e-07 -9.085141e-15  2.645630e-11 -5.424919e-07
2.699641e+01  9.181626e-17  2.334576e-15  3.870078e-13  3.615461e-07 -2.891089e-15  1.262309e-11 -3.383476e-07
2.803440e+01 -2.132820e-17 -3.946048e-15 -4.172878e-13  2.058633e-07  5.240537e-15 -1.103753e-11 -2.130557e-07
2.905122e+01 -5.008696e-17 -5.555763e-15 -7.528695e-13  1.170610e-07  7.471563e-15 -2.200984e-11 -1.357989e-07
3.004038e+01  1.257147e-17 -1.552107e-15 -3.780864e-13  6.894422e-08  2.381106e-15 -1.210990e-11 -8.769101e-08
3.099584e+01  8.268970e-17  3.793211e-15  2.930502e-13  4.413018e-08 -4.604326e-15  7.501422e-12 -5.738172e-08
3.191213e+01  7.758123e-17  5.479370e-15  6.467027e-13  3.033832e-08 -6.874453e-15  1.885337e-11 -3.813685e-08
3.278442e+01 -4.394679e-18  2.225550e-15  4.188561e-13  2.034124e-08 -2.475306e-15  1.335107e-11 -2.589687e-08
3.360859e+01 -8.697064e-17 -2.919545e-15 -1.413120e-13  1.178109e-08  4.860860e-15 -2.661896e-12 -1.808721e-08
3.438128e+01 -8.791195e-17 -5.643049e-15 -5.533169e-13  5.327732e-09  9.480373e-15 -1.541546e-11 -1.300112e-08
3.509994e+01  1.088327e-17 -3.946670e-15 -5.160793e-13  2.075325e-09  8.435528e-15 -1.558898e-11 -9.531506e-09
3.576280e+01  1.518271e-16  6.663596e-16 -1.016584e-13  1.840348e-09  3.214145e-15 -4.426686e-12 -7.033065e-09
3.636895e+01  2.483034e-16  4.800016e-15  3.633813e-13  3.114241e-09 -2.092657e-15  9.121727e-12 -5.186352e-09
3.691825e+01  2.452515e-16  5.792934e-15  5.683864e-13  4.115695e-09 -4.045789e-15  1.597407e-11 -3.846330e-09
3.741132e+01  1.491739e-16  3.308866e-15  4.156671e-13  3.837891e-09 -1.945310e-15  1.276585e-11 -2.918629e-09
3.784951e+01  1.476636e-17 -8.979299e-16  3.427811e-14  2.369411e-09  2.318072e-15  2.610252e-12 -2.299232e-09
3.823481e+01 -9.310583e-17 -4.406410e-15 -3.454759e-13  4.984323e-10  5.931236e-15 -8.214610e-12 -1.873758e-09
3.856978e+01 -1.335661e-16 -5.556486e-15 -5.395661e-13 -9.354033e-10  6.901757e-15 -1.441128e-11 -1.544121e-09
3.885747e+01 -1.025926e-16 -4.078349e-15 -4.892603e-13 -1.491104e-09  4.864764e-15 -1.402228e-11 -1.250070e-09
3.910135e+01 -2.473377e-17 -8.489882e-16 -2.526534e-13 -1.212177e-09  8.291380e-16 -8.357157e-12 -9.712926e-10
3.930515e+01  6.514187e-17  2.802074e-15  5.560500e-14 -4.471390e-10 -3.640455e-15 -4.115249e-13 -7.138759e-10
3.947283e+01  1.381229e-16  5.746702e-15  3.280154e-13  3.995092e-10 -7.209241e-15  6.885655e-12 -4.925788e-10
3.960844e+01  1.792854e-16  7.396465e-15  5.012316e-13  1.040876e-09 -9.184478e-15  1.173237e-11 -3.180651e-10
3.971604e+01  1.875106e-16  7.709928e-15  5.615949e-13  1.362320e-09 -9.528602e-15  1.365595e-11 -1.920527e-10
3.979960e+01  1.706085e-16  7.004250e-15  5.304749e-13  1.388008e-09 -8.634142e-15  1.314793e-11 -1.085263e-10
3.986293e+01  1.395797e-16  5.726134e-15  4.439759e-13  1.213564e-09 -7.047796e-15  1.112641e-11 -5.751978e-11
3.990960e+01  1.043872e-16  4.280809e-15  3.368843e-13  9.461543e-10 -5.263870e-15  8.500620e-12 -2.871124e-11
3.994290e+01  7.191907e-17  2.948771e-15  2.342933e-13  6.695070e-10 -3.623764e-15  5.937734e-12 -1.358957e-11
3.996576e+01  4.572185e-17  1.874472e-15  1.498549e-13  4.329736e-10 -2.302679e-15  3.808336e-12 -6.159259e-12
3.998073e+01  2.671463e-17  1.095173e-15  8.789247e-14  2.557057e-10 -1.345041e-15  2.237520e-12 -2.701043e-12
3.999000e+01  1.419498e-17  5.819116e-16  4.680968e-14  1.367495e-10 -7.145768e-16  1.192893e-12 -1.150361e-12
3.999532e+01  6.725744e-18  2.757128e-16  2.220787e-14  6.503023e-11 -3.385437e-16  5.662748e-13 -4.690623e-13
3.999810e+01  2.746078e-18  1.125711e-16  9.073447e-15  2.660157e-11 -1.382187e-16  2.314324e-13 -1.755014e-13
3.999937e+01  9.093026e-19  3.727529e-17  3.005392e-15  8.816081e-12 -4.576707e-17  7.666776e-14 -5.570443e-14
3.999985e+01  2.172703e-19  8.906610e-18  7.181958e-16  2.107206e-12 -1.093557e-17  1.832217e-14 -1.309471e-14
3.999998e+01  2.873758e-20  1.178046e-18  9.499622e-17  2.787371e-13 -1.446407e-18  2.423519e-15 -1.724249e-15
4.000000e+01  9.002868e-22  3.690565e-20  2.976042e-18  8.732350e-15 -4.531281e-20  7.592418e-17 -5.398123e-17
