376 7
 0 0 0 0 1 1 2
 2 2 2 1 6 6 10
 -3.207112e+02 -3.808838e+01 -4.010749e+00 -1.385332e-01 -3.342632e+01 -2.562693e+00 -1.577210e-01
0.000000e+00  3.065668e+02 -9.381396e+01 -3.588431e+01 -7.699356e+00 -4.447237e-06 -1.539901e-06 -1.014090e-07
3.278564e-09  3.065668e+02 -9.381395e+01 -3.588431e+01 -7.699355e+00 -2.121054e-06 -6.648874e-07 -1.014087e-07
1.046582e-07  3.065659e+02 -9.381367e+01 -3.588420e+01 -7.699333e+00  6.980903e-05  2.639223e-05 -1.014014e-07
7.915214e-07  3.065598e+02 -9.381181e+01 -3.588349e+01 -7.699179e+00  5.571410e-04  2.097063e-04 -1.014867e-07
3.316517e-06  3.065374e+02 -9.380494e+01 -3.588086e+01 -7.698616e+00  2.348551e-03  8.835607e-04 -1.038166e-07
1.004733e-05  3.064775e+02 -9.378663e+01 -3.587386e+01 -7.697113e+00  7.123228e-03  2.679596e-03 -1.255139e-07
2.477810e-05  3.063466e+02 -9.374657e+01 -3.585853e+01 -7.693825e+00  1.756962e-02  6.609097e-03 -2.515711e-07
5.299135e-05  3.060961e+02 -9.366988e+01 -3.582920e+01 -7.687531e+00  3.756472e-02  1.413043e-02 -7.939742e-07
1.020609e-04  3.056608e+02 -9.353661e+01 -3.577822e+01 -7.676593e+00  7.230199e-02  2.719715e-02 -2.678531e-06
1.813877e-04  3.049585e+02 -9.332149e+01 -3.569592e+01 -7.658935e+00  1.283544e-01  4.828175e-02 -8.249180e-06
3.024627e-04  3.038896e+02 -9.299389e+01 -3.557059e+01 -7.632044e+00  2.136577e-01  8.036927e-02 -2.274988e-05
4.788527e-04  3.023392e+02 -9.251825e+01 -3.538860e+01 -7.592994e+00  3.373973e-01  1.269148e-01 -5.679950e-05
7.261078e-04  3.001794e+02 -9.185472e+01 -3.513468e+01 -7.538509e+00  5.097843e-01  1.917593e-01 -1.301936e-04
1.061591e-03  2.972737e+02 -9.096037e+01 -3.479235e+01 -7.465054e+00  7.417078e-01  2.789980e-01 -2.773253e-04
1.504231e-03  2.934833e+02 -8.979079e+01 -3.434453e+01 -7.368959e+00  1.044256e+00  3.928007e-01 -5.543921e-04
2.074209e-03  2.886742e+02 -8.830205e+01 -3.377429e+01 -7.246588e+00  1.428115e+00  5.371835e-01 -1.048335e-03
2.792580e-03  2.827263e+02 -8.645312e+01 -3.306574e+01 -7.094529e+00  1.902850e+00  7.157388e-01 -1.887143e-03
3.680838e-03  2.755427e+02 -8.420859e+01 -3.220507e+01 -6.909810e+00  2.476122e+00  9.313362e-01 -3.250749e-03
4.760448e-03  2.670593e+02 -8.154138e+01 -3.118157e+01 -6.690128e+00  3.152873e+00  1.185812e+00 -5.381364e-03
6.052333e-03  2.572543e+02 -7.843550e+01 -2.998870e+01 -6.434067e+00  3.934556e+00  1.479676e+00 -8.591668e-03
7.576358e-03  2.461544e+02 -7.488841e+01 -2.862501e+01 -6.141305e+00  4.818489e+00  1.811859e+00 -1.326909e-02
9.350803e-03  2.338398e+02 -7.091281e+01 -2.709482e+01 -5.812754e+00  5.797413e+00  2.179535e+00 -1.987436e-02
1.139185e-02  2.204443e+02 -6.653758e+01 -2.540864e+01 -5.450659e+00  6.859334e+00  2.578055e+00 -2.893282e-02
1.371307e-02  2.061517e+02 -6.180770e+01 -2.358320e+01 -5.058596e+00  7.987692e+00  3.000995e+00 -4.101761e-02
1.632504e-02  1.911881e+02 -5.678306e+01 -2.164105e+01 -4.641396e+00  9.161893e+00  3.440351e+00 -5.672458e-02
1.923484e-02  1.758101e+02 -5.153615e+01 -1.960974e+01 -4.204965e+00  1.035819e+01  3.886856e+00 -7.664019e-02
2.244580e-02  1.602905e+02 -4.614875e+01 -1.752063e+01 -3.756035e+00  1.155082e+01  4.330418e+00 -1.013043e-01
2.595722e-02  1.449027e+02 -4.070800e+01 -1.540741e+01 -3.301845e+00  1.271341e+01  4.760634e+00 -1.311713e-01
2.976415e-02  1.299051e+02 -3.530200e+01 -1.330449e+01 -2.849793e+00  1.382031e+01  5.167340e+00 -1.665725e-01
3.385735e-02  1.155280e+02 -3.001556e+01 -1.124532e+01 -2.407083e+00  1.484806e+01  5.541151e+00 -2.076847e-01
3.822326e-02  1.019630e+02 -2.492622e+01 -9.260835e+00 -1.980385e+00  1.577653e+01  5.873944e+00 -2.545075e-01
4.284407e-02  8.935669e+01 -2.010105e+01 -7.378189e+00 -1.575563e+00  1.658985e+01  6.159243e+00 -3.068518e-01
4.769797e-02  7.780773e+01 -1.559433e+01 -5.619742e+00 -1.197454e+00  1.727703e+01  6.392477e+00 -3.643408e-01
5.275935e-02  6.736847e+01 -1.144621e+01 -4.002458e+00 -8.497389e-01  1.783212e+01  6.571105e+00 -4.264247e-01
5.799924e-02  5.804909e+01 -7.682414e+00 -2.537670e+00 -5.348860e-01  1.825418e+01  6.694598e+00 -4.924051e-01
6.338567e-02  4.982410e+01 -4.314846e+00 -1.231208e+00 -2.541776e-01  1.854673e+01  6.764299e+00 -5.614685e-01
6.888423e-02  4.263992e+01 -1.342887e+00 -8.381597e-02 -7.797464e-03  1.871722e+01  6.783184e+00 -6.327254e-01
7.445863e-02  3.642289e+01  1.244752e+00  9.081952e-01  2.050313e-01  1.877610e+01  6.755555e+00 -7.052505e-01
8.007127e-02  3.108667e+01  3.467905e+00  1.752160e+00  3.858776e-01  1.873606e+01  6.686701e+00 -7.781226e-01
8.568391e-02  2.653883e+01  5.352726e+00  2.458203e+00  5.369182e-01  1.861108e+01  6.582543e+00 -8.504592e-01
9.125831e-02  2.268611e+01  6.929556e+00  3.038392e+00  6.607556e-01  1.841571e+01  6.449315e+00 -9.214467e-01
9.675688e-02  1.943846e+01  8.231002e+00  3.505949e+00  7.602475e-01  1.816441e+01  6.293272e+00 -9.903623e-01
1.021433e-01  1.671175e+01  9.290299e+00  3.874560e+00  8.383568e-01  1.787094e+01  6.120449e+00 -1.056589e+00
1.073832e-01  1.442946e+01  1.014001e+01  4.157809e+00  8.980277e-01  1.754806e+01  5.936481e+00 -1.119623e+00
1.124446e-01  1.252350e+01  1.081103e+01  4.368730e+00  9.420885e-01  1.720718e+01  5.746466e+00 -1.179076e+00
1.172985e-01  1.093428e+01  1.133195e+01  4.519485e+00  9.731803e-01  1.685829e+01  5.554889e+00 -1.234671e+00
1.219193e-01  9.610465e+00  1.172861e+01  4.621152e+00  9.937106e-01  1.650982e+01  5.365580e+00 -1.286231e+00
1.262852e-01  8.508286e+00  1.202390e+01  4.683607e+00  1.005826e+00  1.616877e+01  5.181716e+00 -1.333673e+00
1.303784e-01  7.590821e+00  1.223780e+01  4.715485e+00  1.011405e+00  1.584069e+01  5.005837e+00 -1.376994e+00
1.341853e-01  6.827143e+00  1.238739e+01  4.724194e+00  1.012057e+00  1.552986e+01  4.839895e+00 -1.416257e+00
1.376967e-01  6.191496e+00  1.248711e+01  4.715976e+00  1.009137e+00  1.523940e+01  4.685306e+00 -1.451578e+00
1.409077e-01  5.662524e+00  1.254895e+01  4.695992e+00  1.003768e+00  1.497141e+01  4.543010e+00 -1.483117e+00
1.438175e-01  5.222563e+00  1.258276e+01  4.668428e+00  9.968562e-01  1.472714e+01  4.413531e+00 -1.511066e+00
1.464295e-01  4.857019e+00  1.259643e+01  4.636607e+00  9.891202e-01  1.450709e+01  4.297045e+00 -1.535639e+00
1.487507e-01  4.553832e+00  1.259626e+01  4.603096e+00  9.811138e-01  1.431115e+01  4.193427e+00 -1.557066e+00
1.507917e-01  4.303020e+00  1.258712e+01  4.569817e+00  9.732498e-01  1.413872e+01  4.102314e+00 -1.575586e+00
1.525662e-01  4.096295e+00  1.257272e+01  4.538149e+00  9.658221e-01  1.398881e+01  4.023145e+00 -1.591444e+00
1.540902e-01  3.926741e+00  1.255579e+01  4.509022e+00  9.590260e-01  1.386011e+01  3.955209e+00 -1.604883e+00
1.553821e-01  3.788557e+00  1.253828e+01  4.482996e+00  9.529771e-01  1.375109e+01  3.897681e+00 -1.616144e+00
1.564617e-01  3.676840e+00  1.252151e+01  4.460343e+00  9.477270e-01  1.366006e+01  3.849658e+00 -1.625462e+00
1.573500e-01  3.587415e+00  1.250629e+01  4.441107e+00  9.432787e-01  1.358523e+01  3.810188e+00 -1.633066e+00
1.580683e-01  3.516696e+00  1.249307e+01  4.425166e+00  9.395983e-01  1.352475e+01  3.778297e+00 -1.639174e+00
1.586383e-01  3.461585e+00  1.248201e+01  4.412280e+00  9.366268e-01  1.347680e+01  3.753013e+00 -1.643993e+00
1.590810e-01  3.419387e+00  1.247309e+01  4.402129e+00  9.342882e-01  1.343958e+01  3.733392e+00 -1.647720e+00
1.594164e-01  3.387750e+00  1.246612e+01  4.394353e+00  9.324981e-01  1.341139e+01  3.718529e+00 -1.650535e+00
1.596637e-01  3.364622e+00  1.246089e+01  4.388577e+00  9.311690e-01  1.339062e+01  3.707579e+00 -1.652605e+00
1.598401e-01  3.348220e+00  1.245709e+01  4.384433e+00  9.302159e-01  1.337580e+01  3.699769e+00 -1.654079e+00
1.599612e-01  3.337008e+00  1.245447e+01  4.381578e+00  9.295593e-01  1.336564e+01  3.694410e+00 -1.655089e+00
1.600405e-01  3.329682e+00  1.245273e+01  4.379703e+00  9.291280e-01  1.335898e+01  3.690900e+00 -1.655750e+00
1.600896e-01  3.325159e+00  1.245165e+01  4.378540e+00  9.288609e-01  1.335486e+01  3.688728e+00 -1.656159e+00
1.601178e-01  3.322561e+00  1.245103e+01  4.377872e+00  9.287071e-01  1.335249e+01  3.687480e+00 -1.656394e+00
1.601325e-01  3.321206e+00  1.245071e+01  4.377522e+00  9.286268e-01  1.335125e+01  3.686828e+00 -1.656517e+00
1.601392e-01  3.320586e+00  1.245056e+01  4.377362e+00  9.285901e-01  1.335069e+01  3.686530e+00 -1.656573e+00
1.601418e-01  3.320354e+00  1.245050e+01  4.377303e+00  9.285763e-01  1.335048e+01  3.686418e+00 -1.656594e+00
1.601424e-01  3.320291e+00  1.245049e+01  4.377286e+00  9.285725e-01  1.335042e+01  3.686388e+00 -1.656600e+00
1.601425e-01  3.320282e+00  1.245049e+01  4.377284e+00  9.285720e-01  1.335041e+01  3.686383e+00 -1.656601e+00
1.601426e-01  3.320280e+00  1.245049e+01  4.377283e+00  9.285719e-01  1.335041e+01  3.686383e+00 -1.656601e+00
1.601430e-01  3.320242e+00  1.245048e+01  4.377274e+00  9.285697e-01  1.335037e+01  3.686364e+00 -1.656604e+00
1.601458e-01  3.319985e+00  1.245042e+01  4.377207e+00  9.285544e-01  1.335014e+01  3.686241e+00 -1.656627e+00
1.601560e-01  3.319041e+00  1.245019e+01  4.376964e+00  9.284984e-01  1.334928e+01  3.685786e+00 -1.656713e+00
1.601834e-01  3.316524e+00  1.244958e+01  4.376313e+00  9.283489e-01  1.334698e+01  3.684575e+00 -1.656941e+00
1.602433e-01  3.311023e+00  1.244826e+01  4.374889e+00  9.280215e-01  1.334195e+01  3.681924e+00 -1.657440e+00
1.603581e-01  3.300513e+00  1.244570e+01  4.372155e+00  9.273932e-01  1.333232e+01  3.676848e+00 -1.658394e+00
1.605577e-01  3.282314e+00  1.244120e+01  4.367380e+00  9.262962e-01  1.331557e+01  3.668021e+00 -1.660051e+00
1.608803e-01  3.253106e+00  1.243382e+01  4.359611e+00  9.245119e-01  1.328851e+01  3.653757e+00 -1.662725e+00
1.613728e-01  3.209031e+00  1.242226e+01  4.347634e+00  9.217630e-01  1.324723e+01  3.632000e+00 -1.666791e+00
1.620903e-01  3.145893e+00  1.240481e+01  4.329932e+00  9.177035e-01  1.318714e+01  3.600335e+00 -1.672683e+00
1.630960e-01  3.059489e+00  1.237917e+01  4.304622e+00  9.119066e-01  1.310303e+01  3.556014e+00 -1.680881e+00
1.644606e-01  2.946062e+00  1.234224e+01  4.269386e+00  9.038490e-01  1.298913e+01  3.496011e+00 -1.691888e+00
1.662611e-01  2.802855e+00  1.228990e+01  4.221392e+00  8.928946e-01  1.283931e+01  3.417092e+00 -1.706207e+00
1.685795e-01  2.628720e+00  1.221680e+01  4.157219e+00  8.782798e-01  1.264721e+01  3.315928e+00 -1.724303e+00
1.715015e-01  2.424667e+00  1.211615e+01  4.072827e+00  8.591081e-01  1.240657e+01  3.189233e+00 -1.746567e+00
1.751145e-01  2.194247e+00  1.197978e+01  3.963604e+00  8.343608e-01  1.211158e+01  3.033955e+00 -1.773260e+00
1.795059e-01  1.943625e+00  1.179835e+01  3.824516e+00  8.029339e-01  1.175729e+01  2.847502e+00 -1.804468e+00
1.847607e-01  1.681250e+00  1.156191e+01  3.650430e+00  7.637081e-01  1.134013e+01  2.628015e+00 -1.840051e+00
1.909597e-01  1.417108e+00  1.126080e+01  3.436580e+00  7.156559e-01  1.085849e+01  2.374665e+00 -1.879597e+00
1.981774e-01  1.161628e+00  1.088686e+01  3.179196e+00  6.579806e-01  1.031325e+01  2.087955e+00 -1.922394e+00
2.064794e-01  9.244401e-01  1.043475e+01  2.876205e+00  5.902730e-01  9.708217e+00  1.769979e+00 -1.967412e+00
2.159211e-01  7.132245e-01  9.903273e+00  2.527909e+00  5.126633e-01  9.050373e+00  1.424593e+00 -2.013323e+00
2.265454e-01  5.329089e-01  9.296272e+00  2.137507e+00  4.259378e-01  8.349848e+00  1.057452e+00 -2.058540e+00
2.383811e-01  3.853653e-01  8.623015e+00  1.711327e+00  3.315920e-01  7.619539e+00  6.758623e-01 -2.101295e+00
2.514418e-01  2.696368e-01  7.897828e+00  1.258695e+00  2.318008e-01  6.874384e+00  2.884447e-01 -2.139743e+00
2.657247e-01  1.825806e-01  7.139030e+00  7.913891e-01  1.292963e-01  6.130365e+00 -9.537713e-02 -2.172080e+00
2.812096e-01  1.197234e-01  6.367288e+00  3.227513e-01  2.716729e-02  5.403345e+00 -4.660149e-01 -2.196678e+00
2.978589e-01  7.611118e-02  5.603693e+00 -1.334228e-01 -7.139450e-02  4.707919e+00 -8.143999e-01 -2.212204e+00
3.156174e-01  4.698908e-02  4.867867e+00 -5.640560e-01 -1.633634e-01  4.056420e+00 -1.132624e+00 -2.217717e+00
3.344127e-01  2.823574e-02  4.176394e+00 -9.578432e-01 -2.461246e-01  3.458224e+00 -1.414458e+00 -2.212729e+00
3.541562e-01  1.655796e-02  3.541782e+00 -1.306048e+00 -3.176626e-01  2.919403e+00 -1.655678e+00 -2.197225e+00
3.747436e-01  9.501714e-03  2.972029e+00 -1.602956e+00 -3.766714e-01  2.442755e+00 -1.854194e+00 -2.171642e+00
3.960570e-01  5.348823e-03  2.470756e+00 -1.845972e+00 -4.225830e-01  2.028122e+00 -2.009960e+00 -2.136809e+00
4.179666e-01  2.961301e-03  2.037762e+00 -2.035394e+00 -4.555199e-01  1.672939e+00 -2.124728e+00 -2.093872e+00
4.403322e-01  1.619117e-03  1.669854e+00 -2.173956e+00 -4.761920e-01  1.372867e+00 -2.201684e+00 -2.044195e+00
4.630064e-01  8.809645e-04  1.361754e+00 -2.266232e+00 -4.857580e-01  1.122450e+00 -2.245036e+00 -1.989262e+00
4.858360e-01  4.816532e-04  1.106963e+00 -2.318002e+00 -4.856749e-01  9.156869e-01 -2.259587e+00 -1.930587e+00
5.086657e-01  2.654676e-04  8.984900e-01 -2.335657e+00 -4.775543e-01  7.465046e-01 -2.250362e+00 -1.869632e+00
5.313398e-01  1.455055e-04  7.294037e-01 -2.325687e+00 -4.630377e-01  6.090966e-01 -2.222293e+00 -1.807746e+00
5.537055e-01  7.733067e-05  5.932115e-01 -2.294291e+00 -4.436984e-01  4.981465e-01 -2.179986e+00 -1.746120e+00
5.756150e-01  3.982310e-05  4.840846e-01 -2.247110e+00 -4.209730e-01  4.089482e-01 -2.127563e+00 -1.685761e+00
5.969285e-01  2.171960e-05  3.969596e-01 -2.189067e+00 -3.961198e-01  3.374484e-01 -2.068583e+00 -1.627488e+00
6.175159e-01  1.458536e-05  3.275514e-01 -2.124309e+00 -3.702005e-01  2.802314e-01 -2.006015e+00 -1.571936e+00
6.372593e-01  1.145734e-05  2.723068e-01 -2.056211e+00 -3.440793e-01  2.344696e-01 -1.942260e+00 -1.519568e+00
6.560547e-01  8.135429e-06  2.283268e-01 -1.987431e+00 -3.184354e-01  1.978550e-01 -1.879192e+00 -1.470697e+00
6.738132e-01  3.869169e-06  1.932755e-01 -1.919991e+00 -2.937813e-01  1.685243e-01 -1.818226e+00 -1.425510e+00
6.904625e-01  1.535853e-07  1.652891e-01 -1.855369e+00 -2.704858e-01  1.449863e-01 -1.760382e+00 -1.384084e+00
7.059474e-01 -1.434904e-06  1.428919e-01 -1.794592e+00 -2.487973e-01  1.260558e-01 -1.706356e+00 -1.346415e+00
7.202302e-01 -7.110776e-07  1.249219e-01 -1.738321e+00 -2.288659e-01  1.107950e-01 -1.656578e+00 -1.312430e+00
7.332910e-01  1.129163e-06  1.104674e-01 -1.686931e+00 -2.107637e-01  9.846457e-02 -1.611273e+00 -1.282006e+00
7.451267e-01  2.534429e-06  9.881421e-02 -1.640576e+00 -1.945023e-01  8.848191e-02 -1.570500e+00 -1.254982e+00
7.557510e-01  2.618760e-06  8.940230e-02 -1.599242e+00 -1.800475e-01  8.038785e-02 -1.534201e+00 -1.231170e+00
7.651927e-01  1.495578e-06  8.179187e-02 -1.562792e+00 -1.673309e-01  7.381982e-02 -1.502224e+00 -1.210365e+00
7.734947e-01 -7.390579e-08  7.563650e-02 -1.531003e+00 -1.562602e-01  6.849065e-02 -1.474353e+00 -1.192348e+00
7.807123e-01 -1.282268e-06  7.066225e-02 -1.503588e+00 -1.467261e-01  6.417200e-02 -1.450326e+00 -1.176896e+00
7.869114e-01 -1.699057e-06  6.665144e-02 -1.480221e+00 -1.386083e-01  6.068136e-02 -1.429850e+00 -1.163780e+00
7.921662e-01 -1.353427e-06  6.342993e-02 -1.460551e+00 -1.317804e-01  5.787184e-02 -1.412614e+00 -1.152776e+00
7.965576e-01 -5.660037e-07  6.085720e-02 -1.444214e+00 -1.261131e-01  5.562418e-02 -1.398300e+00 -1.143659e+00
8.001706e-01  2.863158e-07  5.881874e-02 -1.430844e+00 -1.214774e-01  5.384067e-02 -1.386584e+00 -1.136212e+00
8.030926e-01  9.352628e-07  5.722016e-02 -1.420080e+00 -1.177464e-01  5.244031e-02 -1.377151e+00 -1.130225e+00
8.054110e-01  1.273943e-06  5.598279e-02 -1.411571e+00 -1.147979e-01  5.135529e-02 -1.369693e+00 -1.125497e+00
8.072115e-01  1.326087e-06  5.504040e-02 -1.404982e+00 -1.125153e-01  5.052828e-02 -1.363919e+00 -1.121840e+00
8.085761e-01  1.182850e-06  5.433679e-02 -1.400000e+00 -1.107895e-01  4.991041e-02 -1.359552e+00 -1.119076e+00
8.095818e-01  9.463523e-07  5.382403e-02 -1.396334e+00 -1.095200e-01  4.945992e-02 -1.356339e+00 -1.117043e+00
8.102992e-01  6.966206e-07  5.346122e-02 -1.393723e+00 -1.086155e-01  4.914106e-02 -1.354049e+00 -1.115595e+00
8.107917e-01  4.811918e-07  5.321361e-02 -1.391931e+00 -1.079953e-01  4.892339e-02 -1.352479e+00 -1.114602e+00
8.111144e-01  3.190047e-07  5.305201e-02 -1.390759e+00 -1.075892e-01  4.878131e-02 -1.351451e+00 -1.113952e+00
8.113140e-01  2.098990e-07  5.295230e-02 -1.390033e+00 -1.073381e-01  4.869363e-02 -1.350815e+00 -1.113551e+00
8.114287e-01  1.440297e-07  5.289506e-02 -1.389617e+00 -1.071937e-01  4.864329e-02 -1.350450e+00 -1.113320e+00
8.114887e-01  1.087105e-07  5.286519e-02 -1.389399e+00 -1.071184e-01  4.861702e-02 -1.350259e+00 -1.113199e+00
8.115160e-01  9.235842e-08  5.285155e-02 -1.389300e+00 -1.070839e-01  4.860503e-02 -1.350172e+00 -1.113144e+00
8.115263e-01  8.618935e-08  5.284644e-02 -1.389262e+00 -1.070710e-01  4.860053e-02 -1.350139e+00 -1.113123e+00
8.115291e-01  8.450792e-08  5.284505e-02 -1.389252e+00 -1.070675e-01  4.859930e-02 -1.350130e+00 -1.113118e+00
8.115295e-01  8.425962e-08  5.284484e-02 -1.389251e+00 -1.070670e-01  4.859912e-02 -1.350129e+00 -1.113117e+00
8.115296e-01  8.425150e-08  5.284481e-02 -1.389250e+00 -1.070669e-01  4.859910e-02 -1.350129e+00 -1.113117e+00
8.115308e-01  8.424877e-08  5.284418e-02 -1.389246e+00 -1.070653e-01  4.859855e-02 -1.350125e+00 -1.113114e+00
8.115394e-01  8.423027e-08  5.283992e-02 -1.389215e+00 -1.070546e-01  4.859480e-02 -1.350098e+00 -1.113097e+00
8.115709e-01  8.416229e-08  5.282424e-02 -1.389100e+00 -1.070150e-01  4.858101e-02 -1.349997e+00 -1.113034e+00
8.116547e-01  8.398133e-08  5.278248e-02 -1.388796e+00 -1.069095e-01  4.854429e-02 -1.349730e+00 -1.112865e+00
8.118383e-01  8.358656e-08  5.269120e-02 -1.388130e+00 -1.066788e-01  4.846401e-02 -1.349146e+00 -1.112496e+00
8.121899e-01  8.283531e-08  5.251680e-02 -1.386854e+00 -1.062370e-01  4.831064e-02 -1.348028e+00 -1.111789e+00
8.128014e-01  8.154373e-08  5.221486e-02 -1.384636e+00 -1.054693e-01  4.804505e-02 -1.346084e+00 -1.110561e+00
8.137899e-01  7.949551e-08  5.173041e-02 -1.381056e+00 -1.042298e-01  4.761878e-02 -1.342945e+00 -1.108578e+00
8.152987e-01  7.646201e-08  5.099965e-02 -1.375602e+00 -1.023417e-01  4.697548e-02 -1.338163e+00 -1.105559e+00
8.174968e-01  7.223626e-08  4.995347e-02 -1.367678e+00 -9.959924e-02  4.605386e-02 -1.331215e+00 -1.101176e+00
8.205780e-01  6.668074e-08  4.852300e-02 -1.356617e+00 -9.577166e-02  4.479244e-02 -1.321514e+00 -1.095062e+00
8.247587e-01  5.978350e-08  4.664736e-02 -1.341695e+00 -9.060963e-02  4.313617e-02 -1.308425e+00 -1.086822e+00
8.302747e-01  5.171008e-08  4.428312e-02 -1.322162e+00 -8.385475e-02  4.104454e-02 -1.291285e+00 -1.076048e+00
8.373776e-01  4.283150e-08  4.141438e-02 -1.297275e+00 -7.525187e-02  3.850041e-02 -1.269435e+00 -1.062338e+00
8.463297e-01  3.370644e-08  3.806204e-02 -1.266344e+00 -6.456468e-02  3.551813e-02 -1.242259e+00 -1.045320e+00
8.573988e-01  2.500274e-08  3.428982e-02 -1.228787e+00 -5.159428e-02  3.214915e-02 -1.209226e+00 -1.024675e+00
8.708525e-01  1.736384e-08  3.020493e-02 -1.184191e+00 -3.620012e-02  2.848320e-02 -1.169942e+00 -1.000167e+00
8.869516e-01  1.125377e-08  2.595175e-02 -1.132376e+00 -1.832215e-02  2.464361e-02 -1.124202e+00 -9.716695e-01
9.059434e-01  6.838248e-09  2.169833e-02 -1.073458e+00  1.997912e-03  2.077641e-02 -1.072044e+00 -9.391870e-01
9.280559e-01  3.959634e-09  1.761721e-02 -1.007899e+00  2.459909e-02  1.703440e-02 -1.013786e+00 -9.028726e-01
9.534907e-01  2.229186e-09  1.386418e-02 -9.365263e-01  4.919061e-02  1.355888e-02 -9.500506e-01 -8.630349e-01
9.824170e-01  1.200929e-09  1.055923e-02 -8.605325e-01  7.535180e-02  1.046281e-02 -8.817660e-01 -8.201328e-01
1.014966e+00  5.406413e-10  7.774133e-03 -7.814203e-01  1.025447e-01  7.818887e-03 -8.101299e-01 -7.747583e-01
1.051227e+00  1.008079e-10  5.528861e-03 -7.009162e-01  1.301402e-01  5.655008e-03 -7.365471e-01 -7.276058e-01
1.091241e+00 -1.294997e-10  3.797205e-03 -6.208483e-01  1.574556e-01  3.957508e-03 -6.625395e-01 -6.794335e-01
1.134999e+00 -1.459222e-10  2.518984e-03 -5.430078e-01  1.838005e-01  2.680508e-03 -5.896398e-01 -6.310186e-01
1.182440e+00 -1.962792e-11  1.615196e-03 -4.690145e-01  2.085246e-01  1.758453e-03 -5.192840e-01 -5.831126e-01
1.233448e+00  1.121728e-10  1.002298e-03 -4.002037e-01  2.310614e-01  1.118629e-03 -4.527176e-01 -5.364023e-01
1.287854e+00  1.365803e-10  6.029953e-04 -3.375521e-01  2.509624e-01  6.912276e-04 -3.909251e-01 -4.914787e-01
1.345437e+00  4.606017e-11  3.525197e-04 -2.816472e-01  2.679190e-01  4.157980e-04 -3.345928e-01 -4.488176e-01
1.405925e+00 -6.824098e-11  2.008162e-04 -2.327008e-01  2.817690e-01  2.441126e-04 -2.841028e-01 -4.087712e-01
1.468998e+00 -1.055382e-10  1.117983e-04 -1.905962e-01  2.924913e-01  1.402744e-04 -2.395557e-01 -3.715702e-01
1.534295e+00 -4.453416e-11  6.100406e-05 -1.549572e-01  3.001884e-01  7.913090e-05 -2.008136e-01 -3.373337e-01
1.601419e+00  4.676921e-11  3.272907e-05 -1.252272e-01  3.050636e-01  4.396527e-05 -1.675546e-01 -3.060846e-01
1.669940e+00  8.240537e-11  1.734187e-05 -1.007443e-01  3.073934e-01  2.415550e-05 -1.393297e-01 -2.777675e-01
1.739407e+00  3.798572e-11  9.138795e-06 -8.080681e-02  3.075012e-01  1.319294e-05 -1.156165e-01 -2.522675e-01
1.809349e+00 -3.516757e-11  4.829210e-06 -6.472422e-02  3.057326e-01  7.203755e-06 -9.586411e-02 -2.294277e-01
1.879292e+00 -6.655433e-11  2.565812e-06 -5.185184e-02  3.024350e-01  3.945180e-06 -7.952833e-02 -2.090642e-01
1.948758e+00 -3.301386e-11  1.356157e-06 -4.161196e-02  2.979420e-01  2.162170e-06 -6.609602e-02 -1.909792e-01
2.017280e+00  2.682702e-11  6.998790e-07 -3.350317e-02  2.925617e-01  1.180224e-06 -5.510037e-02 -1.749708e-01
2.084403e+00  5.585843e-11  3.547249e-07 -2.710152e-02  2.865703e-01  6.455643e-07 -4.612854e-02 -1.608405e-01
2.149701e+00  3.188638e-11  1.918637e-07 -2.205603e-02  2.802081e-01  3.655209e-07 -3.882366e-02 -1.483985e-01
2.212774e+00 -1.795877e-11  1.250594e-07 -1.808115e-02  2.736787e-01  2.237846e-07 -3.288288e-02 -1.374665e-01
2.273262e+00 -4.791094e-11  9.265839e-08 -1.494769e-02  2.671502e-01  1.467120e-07 -2.805293e-02 -1.278805e-01
2.330845e+00 -3.501209e-11  6.148821e-08 -1.247370e-02  2.607575e-01  9.391217e-08 -2.412456e-02 -1.194906e-01
2.385251e+00  5.584197e-12  2.667626e-08 -1.051589e-02  2.546058e-01  5.177108e-08 -2.092644e-02 -1.121619e-01
2.436259e+00  3.890132e-11 -7.676724e-10 -8.962143e-03  2.487739e-01  2.184289e-08 -1.831938e-02 -1.057731e-01
2.483700e+00  4.047062e-11 -1.074093e-08 -7.725103e-03  2.433181e-01  7.772483e-09 -1.619088e-02 -1.002165e-01
2.527458e+00  1.261517e-11 -3.831845e-09 -6.736944e-03  2.382754e-01  7.575707e-09 -1.445041e-02 -9.539602e-02
2.567472e+00 -2.220756e-11  1.003631e-08 -5.945066e-03  2.336669e-01  1.377115e-08 -1.302527e-02 -9.122684e-02
2.603732e+00 -4.057837e-11  1.953795e-08 -5.308665e-03  2.295006e-01  1.824015e-08 -1.185715e-02 -8.763368e-02
2.636282e+00 -3.333556e-11  1.894933e-08 -4.796027e-03  2.257737e-01  1.672775e-08 -1.089927e-02 -8.454985e-02
2.665208e+00 -7.918996e-12  9.858973e-09 -4.382434e-03  2.224752e-01  9.957666e-09 -1.011399e-02 -8.191615e-02
2.690643e+00  1.984609e-11 -1.841825e-09 -4.048540e-03  2.195876e-01  1.637839e-09 -9.471006e-03 -7.967982e-02
2.712755e+00  3.632970e-11 -1.036379e-08 -3.779136e-03  2.170879e-01 -4.482326e-09 -8.945743e-03 -7.779372e-02
2.731747e+00  3.626447e-11 -1.287562e-08 -3.562194e-03  2.149499e-01 -6.547464e-09 -8.518219e-03 -7.621554e-02
2.747846e+00  2.271982e-11 -9.871140e-09 -3.388130e-03  2.131443e-01 -4.880716e-09 -8.172055e-03 -7.490710e-02
2.761300e+00  3.162242e-12 -3.830664e-09 -3.249244e-03  2.116405e-01 -1.122136e-09 -7.893719e-03 -7.383382e-02
2.772369e+00 -1.499883e-11  2.487428e-09 -3.139277e-03  2.104069e-01  2.894597e-09 -7.671928e-03 -7.296425e-02
2.781321e+00 -2.714546e-11  7.187552e-09 -3.053088e-03  2.094116e-01  5.899798e-09 -7.497182e-03 -7.226976e-02
2.788424e+00 -3.200978e-11  9.562692e-09 -2.986403e-03  2.086235e-01  7.408647e-09 -7.361407e-03 -7.172423e-02
2.793940e+00 -3.077642e-11  9.838622e-09 -2.935633e-03  2.080124e-01  7.555813e-09 -7.257687e-03 -7.130389e-02
2.798121e+00 -2.572993e-11  8.706719e-09 -2.897736e-03  2.075499e-01  6.787887e-09 -7.180066e-03 -7.098724e-02
2.801202e+00 -1.915044e-11  6.919007e-09 -2.870123e-03  2.072093e-01  5.595288e-09 -7.123398e-03 -7.075491e-02
2.803400e+00 -1.271780e-11  5.056416e-09 -2.850588e-03  2.069665e-01  4.358073e-09 -7.083250e-03 -7.058971e-02
2.804909e+00 -7.368151e-12  3.459855e-09 -2.837257e-03  2.067999e-01  3.299383e-09 -7.055825e-03 -7.047658e-02
2.805897e+00 -3.419594e-12  2.262041e-09 -2.828557e-03  2.066908e-01  2.505749e-09 -7.037915e-03 -7.040257e-02
2.806509e+00 -7.928322e-13  1.457845e-09 -2.823189e-03  2.066234e-01  1.973135e-09 -7.026860e-03 -7.035684e-02
2.806861e+00  7.831356e-13  9.728747e-10 -2.820108e-03  2.065846e-01  1.652013e-09 -7.020511e-03 -7.033056e-02
2.807044e+00  1.625365e-12  7.129878e-10 -2.818500e-03  2.065643e-01  1.479948e-09 -7.017199e-03 -7.031684e-02
2.807128e+00  2.014666e-12  5.927009e-10 -2.817766e-03  2.065551e-01  1.400313e-09 -7.015686e-03 -7.031058e-02
2.807159e+00  2.161434e-12  5.473264e-10 -2.817490e-03  2.065516e-01  1.370274e-09 -7.015119e-03 -7.030823e-02
2.807168e+00  2.201427e-12  5.349597e-10 -2.817415e-03  2.065507e-01  1.362087e-09 -7.014964e-03 -7.030759e-02
2.807169e+00  2.207332e-12  5.331335e-10 -2.817404e-03  2.065505e-01  1.360878e-09 -7.014941e-03 -7.030749e-02
2.807169e+00  2.207519e-12  5.330738e-10 -2.817403e-03  2.065505e-01  1.360838e-09 -7.014938e-03 -7.030748e-02
2.807174e+00  2.207378e-12  5.330537e-10 -2.817364e-03  2.065500e-01  1.360789e-09 -7.014859e-03 -7.030715e-02
2.807204e+00  2.206424e-12  5.329172e-10 -2.817103e-03  2.065467e-01  1.360458e-09 -7.014320e-03 -7.030492e-02
2.807313e+00  2.202919e-12  5.324157e-10 -2.816142e-03  2.065346e-01  1.359240e-09 -7.012341e-03 -7.029672e-02
2.807606e+00  2.193595e-12  5.310810e-10 -2.813583e-03  2.065023e-01  1.356000e-09 -7.007067e-03 -7.027487e-02
2.808246e+00  2.173289e-12  5.281705e-10 -2.807990e-03  2.064317e-01  1.348934e-09 -6.995540e-03 -7.022707e-02
2.809473e+00  2.134775e-12  5.226360e-10 -2.797309e-03  2.062965e-01  1.335493e-09 -6.973515e-03 -7.013564e-02
2.811606e+00  2.068962e-12  5.131343e-10 -2.778830e-03  2.060613e-01  1.312408e-09 -6.935377e-03 -6.997695e-02
2.815055e+00  1.965655e-12  4.981017e-10 -2.749215e-03  2.056815e-01  1.275856e-09 -6.874168e-03 -6.972130e-02
2.820318e+00  1.815121e-12  4.759205e-10 -2.704626e-03  2.051026e-01  1.221856e-09 -6.781798e-03 -6.933319e-02
2.827987e+00  1.610584e-12  4.451951e-10 -2.640965e-03  2.042606e-01  1.146916e-09 -6.649474e-03 -6.877229e-02
2.838736e+00  1.351497e-12  4.051332e-10 -2.554258e-03  2.030834e-01  1.048936e-09 -6.468377e-03 -6.799493e-02
2.853321e+00  1.046973e-12  3.559806e-10 -2.441173e-03  2.014919e-01  9.282499e-10 -6.230618e-03 -6.695652e-02
2.872564e+00  7.180981e-13  2.993985e-10 -2.299638e-03  1.994026e-01  7.885421e-10 -5.930398e-03 -6.561460e-02
2.897343e+00  3.974265e-13  2.386134e-10 -2.129477e-03  1.967304e-01  6.372625e-10 -5.565272e-03 -6.393251e-02
2.928573e+00  1.240440e-13  1.781603e-10 -1.932938e-03  1.933927e-01  4.851027e-10 -5.137305e-03 -6.188345e-02
2.967189e+00 -6.612625e-14  1.231205e-10 -1.714959e-03  1.893139e-01  3.442928e-10 -4.653862e-03 -5.945442e-02
3.014123e+00 -1.527239e-13  7.794253e-11 -1.483027e-03  1.844310e-01  2.258934e-10 -4.127764e-03 -5.664949e-02
3.070287e+00 -1.412296e-13  4.519226e-11 -1.246563e-03  1.787000e-01  1.368404e-10 -3.576600e-03 -5.349200e-02
3.136542e+00 -6.498230e-14  2.475748e-11 -1.015854e-03  1.721015e-01  7.794066e-11 -3.021166e-03 -5.002489e-02
3.213683e+00  2.509439e-14  1.398480e-11 -8.007288e-04  1.646466e-01  4.393545e-11 -2.483200e-03 -4.630920e-02
3.302415e+00  8.109475e-14  8.847697e-12 -6.092497e-04  1.563812e-01  2.593878e-11 -1.982804e-03 -4.242046e-02
3.403327e+00  7.979903e-14  5.674626e-12 -4.467222e-04  1.473879e-01  1.527742e-11 -1.536079e-03 -3.844352e-02
3.516879e+00  3.271212e-14  2.544084e-12 -3.152622e-04  1.377854e-01  6.774542e-12 -1.153461e-03 -3.446640e-02
3.643378e+00 -2.341778e-14 -4.483236e-13 -2.139752e-04  1.277236e-01 -3.468079e-13 -8.390912e-04 -3.057392e-02
3.782971e+00 -5.140369e-14 -2.164252e-12 -1.396392e-04  1.173765e-01 -4.319299e-12 -5.912584e-04 -2.684209e-02
3.935625e+00 -3.794056e-14 -1.895705e-12 -8.764994e-05  1.069320e-01 -3.934883e-12 -4.036860e-04 -2.333375e-02
4.101127e+00 -3.242149e-16 -2.266105e-13 -5.296776e-05  9.658009e-02 -4.983798e-13 -2.672641e-04 -2.009597e-02
4.279073e+00  2.934257e-14  1.336858e-12 -3.086361e-05  8.650100e-02  2.795900e-12 -1.717893e-04 -1.715915e-02
4.468875e+00  2.992418e-14  1.570975e-12 -1.737300e-05  7.685516e-02  3.325387e-12 -1.073811e-04 -1.453779e-02
4.669759e+00  6.304483e-15  4.840939e-13 -9.465608e-06  6.777493e-02  1.053206e-12 -6.540821e-05 -1.223235e-02
4.880776e+00 -1.788635e-14 -8.203338e-13 -5.002298e-06  5.935982e-02 -1.716170e-12 -3.891989e-05 -1.023194e-02
5.100813e+00 -2.225739e-14 -1.201205e-12 -2.572578e-06  5.167475e-02 -2.553134e-12 -2.268644e-05 -8.517216e-03
5.328610e+00 -6.450565e-15 -4.694168e-13 -1.296399e-06  4.475142e-02 -1.021403e-12 -1.299556e-05 -7.063289e-03
5.562778e+00  1.232323e-14  5.628359e-13 -6.474402e-07  3.859187e-02  1.177382e-12 -7.341491e-06 -5.842245e-03
5.801821e+00  1.685427e-14  9.295349e-13 -3.229317e-07  3.317360e-02  1.982043e-12 -4.105377e-06 -4.825258e-03
6.044160e+00  5.257250e-15  3.962125e-13 -1.583994e-07  2.845543e-02  8.663477e-13 -2.280823e-06 -3.984174e-03
6.288163e+00 -9.491796e-15 -4.259243e-13 -7.265627e-08  2.438337e-02 -8.883010e-13 -1.263202e-06 -3.292608e-03
6.532165e+00 -1.340634e-14 -7.478004e-13 -2.973537e-08  2.089591e-02 -1.596155e-12 -6.998641e-07 -2.726619e-03
6.774505e+00 -4.351652e-15 -3.418783e-13 -1.265746e-08  1.792856e-02 -7.497920e-13 -3.897170e-07 -2.265040e-03
7.013547e+00  7.672128e-15  3.300602e-13 -9.301870e-09  1.541735e-02  6.843146e-13 -2.195139e-07 -1.889545e-03
7.247715e+00  1.128846e-14  6.286419e-13 -9.303124e-09  1.330136e-02  1.340515e-12 -1.257797e-07 -1.584543e-03
7.475513e+00  4.177377e-15  3.313732e-13 -6.616267e-09  1.152441e-02  7.257117e-13 -7.328769e-08 -1.336962e-03
7.695550e+00 -6.118276e-15 -2.319674e-13 -1.175376e-09  1.003590e-02 -4.738454e-13 -4.308282e-08 -1.135969e-03
7.906566e+00 -1.018695e-14 -5.453691e-13  3.367853e-09  8.791198e-03 -1.158690e-12 -2.542252e-08 -9.726753e-04
8.107450e+00 -5.114138e-15 -3.711855e-13  3.981659e-09  7.751564e-03 -8.076860e-13 -1.531052e-08 -8.398417e-04
8.297252e+00  3.989874e-15  9.665854e-14  9.644972e-10  6.883789e-03  1.822163e-13 -9.823359e-09 -7.316105e-04
8.475199e+00  9.333378e-15  4.567282e-13 -2.720646e-09  6.159711e-03  9.607748e-13 -6.897785e-09 -6.432624e-04
8.640700e+00  7.012593e-15  4.452296e-13 -4.148978e-09  5.555644e-03  9.573645e-13 -5.080772e-09 -5.710077e-04
8.793354e+00 -6.058272e-16  1.087007e-13 -2.562808e-09  5.051786e-03  2.565004e-13 -3.597520e-09 -5.118088e-04
8.932947e+00 -7.613507e-15 -2.855482e-13  5.532713e-10  4.631661e-03 -5.825648e-13 -2.281093e-09 -4.632330e-04
9.059447e+00 -9.266108e-15 -4.733555e-13  2.979318e-09  4.281594e-03 -9.971543e-13 -1.284009e-09 -4.233314e-04
9.172998e+00 -4.907975e-15 -3.630658e-13  3.366619e-09  3.990254e-03 -7.834497e-13 -7.524984e-10 -3.905403e-04
9.273910e+00  2.386619e-15 -5.358547e-14  1.845737e-09  3.748248e-03 -1.410319e-13 -6.532582e-10 -3.636022e-04
9.362642e+00  8.348851e-15  2.664231e-13 -4.398095e-10  3.547776e-03  5.358098e-13 -7.949682e-10 -3.415018e-04
9.439784e+00  1.008251e-14  4.415427e-13 -2.237659e-09  3.382344e-03  9.172809e-13 -9.539952e-10 -3.234158e-04
9.506039e+00  7.192855e-15  4.178906e-13 -2.854350e-09  3.246517e-03  8.844275e-13 -9.862908e-10 -3.086718e-04
9.562202e+00  1.332582e-15  2.388037e-13 -2.306362e-09  3.135719e-03  5.229444e-13 -8.636425e-10 -2.967171e-04
9.609136e+00 -5.067454e-15 -3.655967e-15 -1.073512e-09  3.046073e-03  2.295520e-14 -6.420145e-10 -2.870933e-04
9.647752e+00 -9.985501e-15 -2.213279e-13  2.643133e-10  2.974269e-03 -4.312483e-13 -4.043503e-10 -2.794168e-04
9.678982e+00 -1.241237e-14 -3.611995e-13  1.288377e-09  2.917456e-03 -7.274342e-13 -2.154741e-10 -2.733634e-04
9.703762e+00 -1.234690e-14 -4.107479e-13  1.828799e-09  2.873163e-03 -8.375340e-13 -1.039761e-10 -2.686566e-04
9.723005e+00 -1.043577e-14 -3.863834e-13  1.920033e-09  2.839237e-03 -7.941276e-13 -6.644481e-11 -2.650591e-04
9.737589e+00 -7.544735e-15 -3.169602e-13  1.703333e-09  2.813794e-03 -6.562747e-13 -8.173179e-11 -2.623655e-04
9.748339e+00 -4.442514e-15 -2.305822e-13  1.338319e-09  2.795191e-03 -4.819837e-13 -1.248345e-10 -2.603984e-04
9.756007e+00 -1.650491e-15 -1.476396e-13  9.506703e-10  2.781996e-03 -3.135689e-13 -1.754821e-10 -2.590043e-04
9.761270e+00  5.730658e-16 -7.928136e-14  6.153815e-10  2.772976e-03 -1.743263e-13 -2.211273e-10 -2.580519e-04
9.764719e+00  2.174518e-15 -2.907828e-14  3.625948e-10  2.767082e-03 -7.188456e-14 -2.562572e-10 -2.574299e-04
9.766852e+00  3.224910e-15  4.223918e-15  1.924034e-10  2.763442e-03 -3.861359e-15 -2.801735e-10 -2.570458e-04
9.768079e+00  3.850083e-15  2.417205e-14  8.960843e-11  2.761352e-03  3.690788e-14 -2.947068e-10 -2.568253e-04
9.768719e+00  4.182756e-15  3.482359e-14  3.447621e-11  2.760261e-03  5.868371e-14 -3.025265e-10 -2.567102e-04
9.769012e+00  4.336202e-15  3.974494e-14  8.948139e-12  2.759763e-03  6.874632e-14 -3.061529e-10 -2.566577e-04
9.769122e+00  4.393999e-15  4.159998e-14 -6.832280e-13  2.759576e-03  7.253953e-14 -3.075220e-10 -2.566380e-04
9.769151e+00  4.409744e-15  4.210543e-14 -3.308386e-12  2.759525e-03  7.357311e-14 -3.078952e-10 -2.566326e-04
9.769156e+00  4.412069e-15  4.218007e-14 -3.696043e-12  2.759517e-03  7.372573e-14 -3.079503e-10 -2.566318e-04
9.769157e+00  4.412134e-15  4.218239e-14 -3.708574e-12  2.759516e-03  7.373050e-14 -3.079517e-10 -2.566317e-04
9.769176e+00  4.411818e-15  4.217948e-14 -3.708395e-12  2.759484e-03  7.372549e-14 -3.079388e-10 -2.566282e-04
9.769305e+00  4.409679e-15  4.215983e-14 -3.707181e-12  2.759263e-03  7.369159e-14 -3.078516e-10 -2.566050e-04
9.769782e+00  4.401823e-15  4.208763e-14 -3.702720e-12  2.758451e-03  7.356704e-14 -3.075312e-10 -2.565194e-04
9.771053e+00  4.380926e-15  4.189560e-14 -3.690849e-12  2.756290e-03  7.323577e-14 -3.066784e-10 -2.562914e-04
9.773833e+00  4.335427e-15  4.147744e-14 -3.664981e-12  2.751565e-03  7.251443e-14 -3.048194e-10 -2.557933e-04
9.779159e+00  4.249178e-15  4.068464e-14 -3.615856e-12  2.742539e-03  7.114681e-14 -3.012863e-10 -2.548420e-04
9.788423e+00  4.101934e-15  3.933083e-14 -3.531713e-12  2.726911e-03  6.881138e-14 -2.952269e-10 -2.531962e-04
9.803397e+00  3.871179e-15  3.720822e-14 -3.399115e-12  2.701839e-03  6.514964e-14 -2.856567e-10 -2.505586e-04
9.826253e+00  3.535810e-15  3.412104e-14 -3.204678e-12  2.664021e-03  5.982371e-14 -2.715737e-10 -2.465872e-04
9.859551e+00  3.081969e-15  2.993837e-14 -2.937895e-12  2.609886e-03  5.260737e-14 -2.521456e-10 -2.409171e-04
9.906227e+00  2.510629e-15  2.466305e-14 -2.594909e-12  2.535875e-03  4.350472e-14 -2.269653e-10 -2.331939e-04
9.969557e+00  1.845380e-15  1.850247e-14 -2.182628e-12  2.438847e-03  3.287192e-14 -1.963362e-10 -2.231203e-04
1.005312e+01  1.137379e-15  1.191407e-14 -1.721870e-12  2.316566e-03  2.149511e-14 -1.615052e-10 -2.105098e-04
1.016071e+01  4.633694e-16  5.588492e-15 -1.247714e-12  2.168218e-03  1.056071e-14 -1.247271e-10 -1.953433e-04
1.029632e+01 -8.684417e-17  3.379321e-16 -8.052450e-13  1.994888e-03  1.462367e-15 -8.903951e-11 -1.778148e-04
1.046400e+01 -4.339566e-16 -3.114530e-15 -4.400852e-13  1.799856e-03 -4.561990e-15 -5.769349e-11 -1.583540e-04
1.066781e+01 -5.383420e-16 -4.396014e-15 -1.853954e-13  1.588627e-03 -6.878289e-15 -3.332885e-11 -1.376133e-04
1.091168e+01 -4.229814e-16 -3.689008e-15 -4.989168e-14  1.368593e-03 -5.805599e-15 -1.715658e-11 -1.164135e-04
1.119938e+01 -1.756070e-16 -1.751440e-15 -1.296774e-14  1.148338e-03 -2.644204e-15 -8.525889e-12 -9.565206e-05
1.153435e+01  7.867221e-17  3.246284e-16 -3.143129e-14  9.366616e-04  7.465295e-16 -5.179774e-12 -7.618886e-05
1.191965e+01  2.281412e-16  1.559100e-15 -5.704535e-14  7.415047e-04  2.718245e-15 -4.204644e-12 -5.873555e-05
1.235784e+01  2.253589e-16  1.527281e-15 -5.724115e-14  5.690020e-04  2.589110e-15 -3.269948e-12 -4.377205e-05
1.285091e+01  1.078781e-16  5.358522e-16 -2.762511e-14  4.228649e-04  9.269935e-16 -1.498866e-12 -3.150920e-05
1.340020e+01 -2.848774e-17 -6.136145e-16  1.175059e-14  3.042138e-04 -8.833100e-16  5.443133e-13 -2.190193e-05
1.400635e+01 -9.166675e-17 -1.158130e-15  3.445651e-14  2.118540e-04 -1.575892e-15  1.723732e-12 -1.470315e-05
1.466922e+01 -5.155368e-17 -8.605775e-16  2.800626e-14  1.428763e-04 -8.360127e-16  1.436006e-12 -9.539644e-06
1.538787e+01  4.605979e-17 -1.092797e-16  2.116589e-15  9.339684e-05  5.646996e-16  1.465585e-13 -5.989436e-06
1.616056e+01  1.201307e-16  4.385630e-16 -2.059950e-14  5.925717e-05  1.434248e-15 -1.004883e-12 -3.644926e-06
1.698474e+01  1.183195e-16  3.854378e-16 -2.329647e-14  3.655831e-05  1.108441e-15 -1.144696e-12 -2.153974e-06
1.785703e+01  5.407665e-17 -1.275916e-16 -7.376440e-15  2.198205e-05 -7.318871e-17 -3.313249e-13 -1.238362e-06
1.877332e+01 -1.136806e-17 -6.003600e-16  1.103177e-14  1.291623e-05 -1.127707e-15  6.046697e-13 -6.941249e-07
1.972878e+01 -2.425694e-17 -6.289223e-16  1.636603e-14  7.436861e-06 -1.282677e-15  8.536948e-13 -3.806637e-07
2.071794e+01  1.763712e-17 -2.302116e-16  6.614677e-15  4.207454e-06 -5.773409e-16  3.151590e-13 -2.055468e-07
2.173476e+01  6.855107e-17  2.275328e-16 -6.969627e-15  2.345984e-06  2.743254e-16 -4.116281e-13 -1.101868e-07
2.277275e+01  7.900396e-17  3.839331e-16 -1.166832e-14  1.294535e-06  5.688989e-16 -6.515598e-13 -5.884133e-08
2.382505e+01  3.914686e-17  1.859101e-16 -4.765003e-15  7.112953e-07  1.976576e-16 -2.642915e-13 -3.094660e-08
2.488458e+01 -1.612821e-17 -1.268946e-16  5.516262e-15  3.917934e-07 -3.608884e-16  3.065022e-13 -1.564127e-08
2.594410e+01 -4.088784e-17 -2.889975e-16  9.029901e-15  2.168486e-07 -5.506980e-16  5.164350e-13 -7.572843e-09
2.699641e+01 -1.768283e-17 -2.469609e-16  3.166666e-15  1.197900e-07 -2.318967e-16  2.255173e-13 -3.868080e-09
2.803440e+01  3.111737e-17 -1.569245e-16 -5.827907e-15  6.535264e-08  2.665403e-16 -2.349485e-13 -2.495823e-09
2.905122e+01  6.589336e-17 -1.856490e-16 -9.632160e-15  3.547424e-08  5.031198e-16 -4.280987e-13 -1.895478e-09
3.004038e+01  6.301437e-17 -3.340634e-16 -5.437024e-15  2.017618e-08  3.066328e-16 -2.148615e-13 -1.208254e-09
3.099584e+01  3.068845e-17 -4.465160e-16  2.438877e-15  1.287511e-08 -1.451094e-16  1.684147e-13 -3.654879e-10
3.191213e+01 -1.715531e-18 -3.716915e-16  7.262233e-15  8.979072e-09 -5.499930e-16  3.704157e-13  2.559607e-10
3.278442e+01 -7.710020e-18 -1.078266e-16  5.773969e-15  5.930340e-09 -7.497697e-16  2.395565e-13  3.609377e-10
3.360859e+01  1.910159e-17  1.954599e-16  1.503496e-16  3.093449e-09 -8.059843e-16 -8.201041e-14  3.207171e-11
3.438128e+01  6.489160e-17  3.619002e-16 -4.729920e-15  9.448765e-10 -8.685671e-16 -3.192802e-13 -3.673548e-10
3.509994e+01  1.080682e-16  3.202408e-16 -5.521277e-15  5.899951e-12 -1.000999e-15 -2.994165e-13 -5.042715e-10
3.576280e+01  1.327079e-16  1.398089e-16 -2.550042e-15  2.014689e-10 -1.122017e-15 -6.298131e-14 -3.036923e-10
3.636895e+01  1.345205e-16 -3.829393e-17  1.221965e-15  9.058685e-10 -1.088533e-15  2.035177e-13  5.860329e-11
3.691825e+01  1.186054e-16 -1.041674e-16  2.844594e-15  1.406790e-09 -8.242333e-16  3.221639e-13  3.328489e-10
3.741132e+01  9.351876e-17 -3.935246e-17  1.361203e-15  1.329985e-09 -3.848742e-16  2.365070e-13  3.733434e-10
3.784951e+01  6.644195e-17  9.322896e-17 -2.015109e-15  7.497655e-10  7.597963e-17  1.975587e-14  2.006097e-10
3.823481e+01  4.144587e-17  2.040308e-16 -5.115924e-15  1.120907e-11  3.983307e-16 -1.967410e-13 -5.476143e-11
3.856978e+01  2.012970e-17  2.311957e-16 -6.256448e-15 -5.374506e-10  4.952759e-16 -3.077805e-13 -2.534201e-10
3.885747e+01  2.950109e-18  1.644382e-16 -4.993574e-15 -7.219412e-10  3.783683e-16 -2.795670e-13 -3.198932e-10
3.910135e+01 -9.916473e-18  3.603996e-17 -2.015687e-15 -5.684262e-10  1.304634e-16 -1.450152e-13 -2.575225e-10
3.930515e+01 -1.839749e-17 -1.050230e-16  1.474039e-15 -2.248411e-10 -1.446047e-16  3.058471e-14 -1.201806e-10
3.947283e+01 -2.269338e-17 -2.173959e-16  4.394524e-15  1.420923e-10 -3.648393e-16  1.859228e-13  2.798660e-11
3.960844e+01 -2.340984e-17 -2.798543e-16  6.144739e-15  4.165749e-10 -4.898289e-16  2.848203e-13  1.410566e-10
3.971604e+01 -2.149388e-17 -2.914813e-16  6.641132e-15  5.542959e-10 -5.184012e-16  3.194248e-13  2.006335e-10
3.979960e+01 -1.802359e-17 -2.645888e-16  6.153840e-15  5.675280e-10 -4.740877e-16  3.018731e-13  2.107342e-10
3.986293e+01 -1.397895e-17 -2.161667e-16  5.091628e-15  4.970856e-10 -3.888171e-16  2.527234e-13  1.869998e-10
3.990960e+01 -1.008995e-17 -1.615260e-16  3.835635e-15  3.878184e-10 -2.911501e-16  1.917990e-13  1.469984e-10
3.994290e+01 -6.789850e-18 -1.112264e-16  2.655208e-15  2.744955e-10 -2.007275e-16  1.334062e-13  1.045251e-10
3.996576e+01 -4.250710e-18 -7.068765e-17  1.693237e-15  1.775342e-10 -1.276581e-16  8.533355e-14  6.779715e-11
3.998073e+01 -2.459537e-18 -4.129339e-17  9.912642e-16  1.048512e-10 -7.460441e-17  5.005195e-14  4.011143e-11
3.999000e+01 -1.299195e-18 -2.193885e-17  5.273354e-16  5.607403e-11 -3.964609e-17  2.665737e-14  2.147393e-11
3.999532e+01 -6.135135e-19 -1.039418e-17  2.500248e-16  2.666558e-11 -1.878595e-17  1.264723e-14  1.021778e-11
3.999810e+01 -2.500586e-19 -4.243729e-18  1.021189e-16  1.090794e-11 -7.670423e-18  5.167309e-15  4.180999e-12
3.999937e+01 -8.273581e-20 -1.405194e-18  3.381974e-17  3.615018e-12 -2.539925e-18  1.711571e-15  1.385824e-12
3.999985e+01 -1.976317e-20 -3.357574e-19  8.081424e-18  8.640559e-13 -6.068971e-19  4.090131e-16  3.312544e-13
3.999998e+01 -2.613795e-21 -4.440939e-20  1.068919e-18  1.142956e-13 -8.027227e-20  5.410045e-17  4.381830e-14
4.000000e+01 -8.188362e-23 -1.391251e-21  3.348702e-20  3.580683e-15 -2.514759e-21  1.694859e-18  1.372754e-15
