376 3
 0 0 1
 2 2 5
 -2.412008e+01 -1.032964e+00 -3.635348e-01
0.000000e+00  5.139285e+01  1.215918e+01  6.714629e-13
3.278564e-09  5.139285e+01  1.215918e+01 -6.954688e-08
1.046582e-07  5.139280e+01  1.215917e+01 -2.220094e-06
7.915214e-07  5.139248e+01  1.215909e+01 -1.679033e-05
3.316517e-06  5.139131e+01  1.215881e+01 -7.035159e-05
1.004733e-05  5.138820e+01  1.215808e+01 -2.131225e-04
2.477810e-05  5.138139e+01  1.215647e+01 -5.255545e-04
5.299135e-05  5.136834e+01  1.215338e+01 -1.123827e-03
1.020609e-04  5.134566e+01  1.214801e+01 -2.164004e-03
1.813877e-04  5.130902e+01  1.213934e+01 -3.844604e-03
3.024627e-04  5.125314e+01  1.212612e+01 -6.407358e-03
4.788527e-04  5.117185e+01  1.210687e+01 -1.013595e-02
7.261078e-04  5.105811e+01  1.207993e+01 -1.535256e-02
1.061591e-03  5.090421e+01  1.204346e+01 -2.241204e-02
1.504231e-03  5.070187e+01  1.199549e+01 -3.169383e-02
2.074209e-03  5.044253e+01  1.193394e+01 -4.359136e-02
2.792580e-03  5.011761e+01  1.185675e+01 -5.849953e-02
3.680838e-03  4.971880e+01  1.176187e+01 -7.680018e-02
4.760448e-03  4.923844e+01  1.164740e+01 -9.884637e-02
6.052333e-03  4.866988e+01  1.151164e+01 -1.249460e-01
7.576358e-03  4.800778e+01  1.135316e+01 -1.553455e-01
9.350803e-03  4.724852e+01  1.117092e+01 -1.902146e-01
1.139185e-02  4.639041e+01  1.096429e+01 -2.296335e-01
1.371307e-02  4.543394e+01  1.073313e+01 -2.735825e-01
1.632504e-02  4.438189e+01  1.047781e+01 -3.219358e-01
1.923484e-02  4.323937e+01  1.019926e+01 -3.744596e-01
2.244580e-02  4.201374e+01  9.898904e+00 -4.308155e-01
2.595722e-02  4.071440e+01  9.578708e+00 -4.905680e-01
2.976415e-02  3.935253e+01  9.241067e+00 -5.531972e-01
3.385735e-02  3.794072e+01  8.888761e+00 -6.181151e-01
3.822326e-02  3.649254e+01  8.524867e+00 -6.846847e-01
4.284407e-02  3.502206e+01  8.152660e+00 -7.522413e-01
4.769797e-02  3.354344e+01  7.775513e+00 -8.201137e-01
5.275935e-02  3.207045e+01  7.396799e+00 -8.876455e-01
5.799924e-02  3.061610e+01  7.019794e+00 -9.542134e-01
6.338567e-02  2.919230e+01  6.647596e+00 -1.019244e+00
6.888423e-02  2.780963e+01  6.283056e+00 -1.082227e+00
7.445863e-02  2.647717e+01  5.928723e+00 -1.142725e+00
8.007127e-02  2.520241e+01  5.586813e+00 -1.200375e+00
8.568391e-02  2.399126e+01  5.259181e+00 -1.254897e+00
9.125831e-02  2.284805e+01  4.947322e+00 -1.306088e+00
9.675688e-02  2.177567e+01  4.652378e+00 -1.353819e+00
1.021433e-01  2.077570e+01  4.375153e+00 -1.398030e+00
1.073832e-01  1.984856e+01  4.116141e+00 -1.438720e+00
1.124446e-01  1.899366e+01  3.875557e+00 -1.475943e+00
1.172985e-01  1.820960e+01  3.653369e+00 -1.509793e+00
1.219193e-01  1.749430e+01  3.449337e+00 -1.540402e+00
1.262852e-01  1.684515e+01  3.263040e+00 -1.567925e+00
1.303784e-01  1.625916e+01  3.093915e+00 -1.592538e+00
1.341853e-01  1.573307e+01  2.941282e+00 -1.614427e+00
1.376967e-01  1.526341e+01  2.804371e+00 -1.633787e+00
1.409077e-01  1.484661e+01  2.682344e+00 -1.650811e+00
1.438175e-01  1.447905e+01  2.574317e+00 -1.665692e+00
1.464295e-01  1.415712e+01  2.479372e+00 -1.678617e+00
1.487507e-01  1.387723e+01  2.396571e+00 -1.689767e+00
1.507917e-01  1.363584e+01  2.324970e+00 -1.699315e+00
1.525662e-01  1.342950e+01  2.263624e+00 -1.707423e+00
1.540902e-01  1.325485e+01  2.211597e+00 -1.714246e+00
1.553821e-01  1.310864e+01  2.167968e+00 -1.719929e+00
1.564617e-01  1.298773e+01  2.131838e+00 -1.724608e+00
1.573500e-01  1.288911e+01  2.102335e+00 -1.728411e+00
1.580683e-01  1.280992e+01  2.078622e+00 -1.731455e+00
1.586383e-01  1.274744e+01  2.059900e+00 -1.733850e+00
1.590810e-01  1.269914e+01  2.045417e+00 -1.735699e+00
1.594164e-01  1.266266e+01  2.034472e+00 -1.737093e+00
1.596637e-01  1.263584e+01  2.026424e+00 -1.738116e+00
1.598401e-01  1.261674e+01  2.020692e+00 -1.738844e+00
1.599612e-01  1.260365e+01  2.016762e+00 -1.739343e+00
1.600405e-01  1.259508e+01  2.014189e+00 -1.739670e+00
1.600896e-01  1.258979e+01  2.012599e+00 -1.739871e+00
1.601178e-01  1.258674e+01  2.011684e+00 -1.739987e+00
1.601325e-01  1.258515e+01  2.011207e+00 -1.740048e+00
1.601392e-01  1.258443e+01  2.010989e+00 -1.740076e+00
1.601418e-01  1.258415e+01  2.010907e+00 -1.740086e+00
1.601424e-01  1.258408e+01  2.010885e+00 -1.740089e+00
1.601425e-01  1.258407e+01  2.010881e+00 -1.740089e+00
1.601426e-01  1.258407e+01  2.010881e+00 -1.740089e+00
1.601430e-01  1.258402e+01  2.010868e+00 -1.740091e+00
1.601458e-01  1.258372e+01  2.010777e+00 -1.740102e+00
1.601560e-01  1.258261e+01  2.010444e+00 -1.740145e+00
1.601834e-01  1.257966e+01  2.009557e+00 -1.740257e+00
1.602433e-01  1.257320e+01  2.007617e+00 -1.740503e+00
1.603581e-01  1.256084e+01  2.003904e+00 -1.740973e+00
1.605577e-01  1.253936e+01  1.997453e+00 -1.741790e+00
1.608803e-01  1.250473e+01  1.987045e+00 -1.743106e+00
1.613728e-01  1.245205e+01  1.971209e+00 -1.745103e+00
1.620903e-01  1.237572e+01  1.948246e+00 -1.747991e+00
1.630960e-01  1.226954e+01  1.916269e+00 -1.751993e+00
1.644606e-01  1.212696e+01  1.873275e+00 -1.757341e+00
1.662611e-01  1.194146e+01  1.817235e+00 -1.764251e+00
1.685795e-01  1.170688e+01  1.746209e+00 -1.772910e+00
1.715015e-01  1.141798e+01  1.658480e+00 -1.783445e+00
1.751145e-01  1.107087e+01  1.552703e+00 -1.795903e+00
1.795059e-01  1.066357e+01  1.428055e+00 -1.810221e+00
1.847607e-01  1.019637e+01  1.284367e+00 -1.826207e+00
1.909597e-01  9.672185e+00  1.122233e+00 -1.843525e+00
1.981774e-01  9.096615e+00  9.430747e-01 -1.861685e+00
2.064794e-01  8.477880e+00  7.491478e-01 -1.880057e+00
2.159211e-01  7.826458e+00  5.434854e-01 -1.897884e+00
2.265454e-01  7.154530e+00  3.297744e-01 -1.914322e+00
2.383811e-01  6.475251e+00  1.121751e-01 -1.928485e+00
2.514418e-01  5.801926e+00 -1.049038e-01 -1.939494e+00
2.657247e-01  5.147189e+00 -3.170517e-01 -1.946540e+00
2.812096e-01  4.522264e+00 -5.201029e-01 -1.948930e+00
2.978589e-01  3.936393e+00 -7.103566e-01 -1.946137e+00
3.156174e-01  3.396474e+00 -8.847539e-01 -1.937828e+00
3.344127e-01  2.906935e+00 -1.040996e+00 -1.923882e+00
3.541562e-01  2.469813e+00 -1.177597e+00 -1.904388e+00
3.747436e-01  2.085011e+00 -1.293880e+00 -1.879633e+00
3.960570e-01  1.750676e+00 -1.389916e+00 -1.850074e+00
4.179666e-01  1.463623e+00 -1.466424e+00 -1.816305e+00
4.403322e-01  1.219780e+00 -1.524648e+00 -1.779021e+00
4.630064e-01  1.014577e+00 -1.566218e+00 -1.738974e+00
4.858360e-01  8.432867e-01 -1.593023e+00 -1.696938e+00
5.086657e-01  7.012786e-01 -1.607076e+00 -1.653677e+00
5.313398e-01  5.842044e-01 -1.610417e+00 -1.609913e+00
5.537055e-01  4.881101e-01 -1.605024e+00 -1.566305e+00
5.756150e-01  4.094938e-01 -1.592746e+00 -1.523438e+00
5.969285e-01  3.453196e-01 -1.575265e+00 -1.481813e+00
6.175159e-01  2.930018e-01 -1.554068e+00 -1.441841e+00
6.372593e-01  2.503697e-01 -1.530436e+00 -1.403850e+00
6.560547e-01  2.156224e-01 -1.505451e+00 -1.368087e+00
6.738132e-01  1.872801e-01 -1.480002e+00 -1.334723e+00
6.904625e-01  1.641360e-01 -1.454802e+00 -1.303866e+00
7.059474e-01  1.452113e-01 -1.430407e+00 -1.275567e+00
7.202302e-01  1.297156e-01 -1.407235e+00 -1.249827e+00
7.332910e-01  1.170121e-01 -1.385583e+00 -1.226609e+00
7.451267e-01  1.065889e-01 -1.365652e+00 -1.205840e+00
7.557510e-01  9.803363e-02 -1.347557e+00 -1.187423e+00
7.651927e-01  9.101445e-02 -1.331345e+00 -1.171238e+00
7.734947e-01  8.526311e-02 -1.317008e+00 -1.157152e+00
7.807123e-01  8.056211e-02 -1.304494e+00 -1.145016e+00
7.869114e-01  7.673405e-02 -1.293716e+00 -1.134675e+00
7.921662e-01  7.363330e-02 -1.284563e+00 -1.125971e+00
7.965576e-01  7.113933e-02 -1.276905e+00 -1.118739e+00
8.001706e-01  6.915150e-02 -1.270600e+00 -1.112818e+00
8.030926e-01  6.758496e-02 -1.265498e+00 -1.108049e+00
8.054110e-01  6.636757e-02 -1.261448e+00 -1.104278e+00
8.072115e-01  6.543746e-02 -1.258303e+00 -1.101356e+00
8.085761e-01  6.474129e-02 -1.255919e+00 -1.099146e+00
8.095818e-01  6.423300e-02 -1.254162e+00 -1.097520e+00
8.102992e-01  6.387286e-02 -1.252908e+00 -1.096361e+00
8.107917e-01  6.362683e-02 -1.252048e+00 -1.095567e+00
8.111144e-01  6.346616e-02 -1.251484e+00 -1.095046e+00
8.113140e-01  6.336698e-02 -1.251135e+00 -1.094724e+00
8.114287e-01  6.331002e-02 -1.250935e+00 -1.094539e+00
8.114887e-01  6.328031e-02 -1.250830e+00 -1.094443e+00
8.115160e-01  6.326673e-02 -1.250782e+00 -1.094399e+00
8.115263e-01  6.326164e-02 -1.250764e+00 -1.094382e+00
8.115291e-01  6.326026e-02 -1.250759e+00 -1.094377e+00
8.115295e-01  6.326005e-02 -1.250759e+00 -1.094377e+00
8.115296e-01  6.326002e-02 -1.250759e+00 -1.094377e+00
8.115308e-01  6.325940e-02 -1.250756e+00 -1.094375e+00
8.115394e-01  6.325516e-02 -1.250741e+00 -1.094361e+00
8.115709e-01  6.323956e-02 -1.250686e+00 -1.094310e+00
8.116547e-01  6.319801e-02 -1.250540e+00 -1.094175e+00
8.118383e-01  6.310717e-02 -1.250219e+00 -1.093879e+00
8.121899e-01  6.293356e-02 -1.249605e+00 -1.093313e+00
8.128014e-01  6.263276e-02 -1.248536e+00 -1.092328e+00
8.137899e-01  6.214955e-02 -1.246809e+00 -1.090738e+00
8.152987e-01  6.141929e-02 -1.244173e+00 -1.088316e+00
8.174968e-01  6.037088e-02 -1.240332e+00 -1.084794e+00
8.205780e-01  5.893162e-02 -1.234950e+00 -1.079875e+00
8.247587e-01  5.703403e-02 -1.227649e+00 -1.073231e+00
8.302747e-01  5.462441e-02 -1.218022e+00 -1.064521e+00
8.373776e-01  5.167235e-02 -1.205640e+00 -1.053396e+00
8.463297e-01  4.818001e-02 -1.190065e+00 -1.039523e+00
8.573988e-01  4.418930e-02 -1.170872e+00 -1.022597e+00
8.708525e-01  3.978514e-02 -1.147664e+00 -1.002365e+00
8.869516e-01  3.509295e-02 -1.120107e+00 -9.786424e-01
9.059434e-01  3.026973e-02 -1.087957e+00 -9.513374e-01
9.280559e-01  2.548928e-02 -1.051096e+00 -9.204650e-01
9.534907e-01  2.092355e-02 -1.009562e+00 -8.861604e-01
9.824170e-01  1.672359e-02 -9.635725e-01 -8.486840e-01
1.014966e+00  1.300358e-02 -9.135396e-01 -8.084186e-01
1.051227e+00  9.831286e-03 -8.600662e-01 -7.658565e-01
1.091241e+00  7.226193e-03 -8.039242e-01 -7.215783e-01
1.134999e+00  5.164977e-03 -7.460159e-01 -6.762237e-01
1.182440e+00  3.592282e-03 -6.873212e-01 -6.304582e-01
1.233448e+00  2.433750e-03 -6.288372e-01 -5.849381e-01
1.287854e+00  1.608496e-03 -5.715179e-01 -5.402787e-01
1.345437e+00  1.038974e-03 -5.162208e-01 -4.970270e-01
1.405925e+00  6.573316e-04 -4.636662e-01 -4.556428e-01
1.468998e+00  4.083610e-04 -4.144125e-01 -4.164874e-01
1.534295e+00  2.497923e-04 -3.688470e-01 -3.798212e-01
1.601419e+00  1.509005e-04 -3.271914e-01 -3.458074e-01
1.669940e+00  9.032331e-05 -2.895181e-01 -3.145215e-01
1.739407e+00  5.375864e-05 -2.557739e-01 -2.859636e-01
1.809349e+00  3.193179e-05 -2.258065e-01 -2.600730e-01
1.879292e+00  1.899278e-05 -1.993921e-01 -2.367418e-01
1.948758e+00  1.134361e-05 -1.762602e-01 -2.158291e-01
2.017280e+00  6.820645e-06 -1.561150e-01 -1.971721e-01
2.084403e+00  4.143507e-06 -1.386528e-01 -1.805965e-01
2.149701e+00  2.557234e-06 -1.235755e-01 -1.659241e-01
2.212774e+00  1.612746e-06 -1.105993e-01 -1.529791e-01
2.273262e+00  1.041224e-06 -9.946119e-02 -1.415922e-01
2.330845e+00  6.848121e-07 -8.992200e-02 -1.316039e-01
2.385251e+00  4.555231e-07 -8.176760e-02 -1.228660e-01
2.436259e+00  3.067451e-07 -7.480870e-02 -1.152424e-01
2.483700e+00  2.126077e-07 -6.887968e-02 -1.086097e-01
2.527458e+00  1.554065e-07 -6.383668e-02 -1.028563e-01
2.567472e+00  1.207096e-07 -5.955551e-02 -9.788225e-02
2.603732e+00  9.734250e-08 -5.592936e-02 -9.359809e-02
2.636282e+00  7.854581e-08 -5.286658e-02 -8.992403e-02
2.665208e+00  6.190744e-08 -5.028859e-02 -8.678888e-02
2.690643e+00  4.778804e-08 -4.812794e-02 -8.412909e-02
2.712755e+00  3.728580e-08 -4.632661e-02 -8.188777e-02
2.731747e+00  3.083691e-08 -4.483449e-02 -8.001387e-02
2.747846e+00  2.784694e-08 -4.360811e-02 -7.846140e-02
2.761300e+00  2.707101e-08 -4.260953e-02 -7.718878e-02
2.772369e+00  2.721233e-08 -4.180546e-02 -7.615830e-02
2.781321e+00  2.734568e-08 -4.116651e-02 -7.533569e-02
2.788424e+00  2.704165e-08 -4.066664e-02 -7.468977e-02
2.793940e+00  2.626684e-08 -4.028272e-02 -7.419225e-02
2.798121e+00  2.519875e-08 -3.999421e-02 -7.381754e-02
2.801202e+00  2.406244e-08 -3.978293e-02 -7.354266e-02
2.803400e+00  2.303424e-08 -3.963290e-02 -7.334724e-02
2.804909e+00  2.220982e-08 -3.953025e-02 -7.321342e-02
2.805897e+00  2.161279e-08 -3.946314e-02 -7.312589e-02
2.806509e+00  2.121972e-08 -3.942169e-02 -7.307180e-02
2.806861e+00  2.098522e-08 -3.939787e-02 -7.304072e-02
2.807044e+00  2.086027e-08 -3.938545e-02 -7.302450e-02
2.807128e+00  2.080260e-08 -3.937977e-02 -7.301708e-02
2.807159e+00  2.078087e-08 -3.937764e-02 -7.301430e-02
2.807168e+00  2.077495e-08 -3.937706e-02 -7.301355e-02
2.807169e+00  2.077407e-08 -3.937698e-02 -7.301344e-02
2.807169e+00  2.077402e-08 -3.937696e-02 -7.301342e-02
2.807174e+00  2.077337e-08 -3.937666e-02 -7.301303e-02
2.807204e+00  2.076896e-08 -3.937464e-02 -7.301039e-02
2.807313e+00  2.075274e-08 -3.936722e-02 -7.300070e-02
2.807606e+00  2.070956e-08 -3.934742e-02 -7.297486e-02
2.808246e+00  2.061536e-08 -3.930414e-02 -7.291833e-02
2.809473e+00  2.043607e-08 -3.922138e-02 -7.281021e-02
2.811606e+00  2.012774e-08 -3.907787e-02 -7.262257e-02
2.815055e+00  1.963854e-08 -3.884699e-02 -7.232031e-02
2.820318e+00  1.891346e-08 -3.849728e-02 -7.186158e-02
2.827987e+00  1.790222e-08 -3.799355e-02 -7.119883e-02
2.838736e+00  1.657052e-08 -3.729873e-02 -7.028080e-02
2.853321e+00  1.491322e-08 -3.637667e-02 -6.905538e-02
2.872564e+00  1.296675e-08 -3.519555e-02 -6.747336e-02
2.897343e+00  1.081618e-08 -3.373205e-02 -6.549302e-02
2.928573e+00  8.591713e-09 -3.197554e-02 -6.308506e-02
2.967189e+00  6.451198e-09 -2.993193e-02 -6.023746e-02
3.014123e+00  4.549607e-09 -2.762630e-02 -5.695962e-02
3.070287e+00  3.002903e-09 -2.510365e-02 -5.328494e-02
3.136542e+00  1.859353e-09 -2.242726e-02 -4.927124e-02
3.213683e+00  1.091638e-09 -1.967439e-02 -4.499865e-02
3.302415e+00  6.157275e-10 -1.692975e-02 -4.056480e-02
3.403327e+00  3.292498e-10 -1.427764e-02 -3.607792e-02
3.516879e+00  1.503888e-10 -1.179392e-02 -3.164849e-02
3.643378e+00  3.710385e-11 -9.539182e-03 -2.738072e-02
3.782971e+00 -2.121255e-11 -7.554353e-03 -2.336496e-02
3.935625e+00 -2.881824e-11 -5.859058e-03 -1.967201e-02
4.101127e+00 -3.555831e-12 -4.452933e-03 -1.635002e-02
4.279073e+00  2.406109e-11 -3.319153e-03 -1.342387e-02
4.468875e+00  2.925906e-11 -2.429258e-03 -1.089708e-02
4.669759e+00  9.981953e-12 -1.748269e-03 -8.755290e-03
4.880776e+00 -1.450925e-11 -1.239269e-03 -6.970714e-03
5.100813e+00 -2.263124e-11 -8.669194e-04 -5.506875e-03
5.328610e+00 -9.665658e-12 -5.997462e-04 -4.322908e-03
5.562778e+00  9.933405e-12 -4.112689e-04 -3.377134e-03
5.801821e+00  1.770238e-11 -2.802262e-04 -2.629709e-03
6.044160e+00  8.272169e-12 -1.902023e-04 -2.044356e-03
6.288163e+00 -7.449375e-12 -1.289340e-04 -1.589290e-03
6.532165e+00 -1.430664e-11 -8.751434e-05 -1.237516e-03
6.774505e+00 -7.207552e-12 -5.962689e-05 -9.666929e-04
7.013547e+00  5.652349e-12 -4.088104e-05 -7.587179e-04
7.247715e+00  1.199807e-11 -2.827256e-05 -5.991798e-04
7.475513e+00  6.960594e-12 -1.976906e-05 -4.767680e-04
7.695550e+00 -3.731164e-12 -1.400601e-05 -3.827073e-04
7.906566e+00 -1.025802e-11 -1.007228e-05 -3.102517e-04
8.107450e+00 -7.610381e-12 -7.362663e-06 -2.542509e-04
8.297252e+00  1.054515e-12 -5.476980e-06 -2.107932e-04
8.475199e+00  8.264457e-12 -4.150957e-06 -1.769169e-04
8.640700e+00  8.723353e-12 -3.208990e-06 -1.503834e-04
8.793354e+00  2.845864e-12 -2.532819e-06 -1.295005e-04
8.932947e+00 -4.611731e-12 -2.041669e-06 -1.129875e-04
9.059447e+00 -8.630148e-12 -1.680041e-06 -9.987377e-05
9.172998e+00 -7.198127e-12 -1.410020e-06 -8.942075e-05
9.273910e+00 -1.848592e-12 -1.205959e-06 -8.106476e-05
9.362642e+00  4.069127e-12 -1.050502e-06 -7.437321e-05
9.439784e+00  7.641651e-12 -9.316356e-07 -6.901197e-05
9.506039e+00  7.718136e-12 -8.406779e-07 -6.472098e-05
9.562202e+00  4.920951e-12 -7.710826e-07 -6.129605e-05
9.609136e+00  8.179797e-13 -7.178095e-07 -5.857521e-05
9.647752e+00 -3.021981e-12 -6.769947e-07 -5.642865e-05
9.678982e+00 -5.613411e-12 -6.457296e-07 -5.475105e-05
9.703762e+00 -6.677574e-12 -6.218583e-07 -5.345597e-05
9.723005e+00 -6.455995e-12 -6.037832e-07 -5.247162e-05
9.737589e+00 -5.425682e-12 -5.902942e-07 -5.173778e-05
9.748339e+00 -4.065504e-12 -5.804401e-07 -5.120355e-05
9.756007e+00 -2.729535e-12 -5.734433e-07 -5.082584e-05
9.761270e+00 -1.615959e-12 -5.686519e-07 -5.056821e-05
9.764719e+00 -7.930064e-13 -5.655162e-07 -5.040012e-05
9.766852e+00 -2.451526e-13 -5.635775e-07 -5.029642e-05
9.768079e+00  8.367146e-14 -5.624631e-07 -5.023690e-05
9.768719e+00  2.594391e-13 -5.618813e-07 -5.020585e-05
9.769012e+00  3.406919e-13 -5.616154e-07 -5.019167e-05
9.769122e+00  3.713259e-13 -5.615157e-07 -5.018635e-05
9.769151e+00  3.796736e-13 -5.614886e-07 -5.018490e-05
9.769156e+00  3.809062e-13 -5.614846e-07 -5.018469e-05
9.769157e+00  3.809452e-13 -5.614839e-07 -5.018465e-05
9.769176e+00  3.809199e-13 -5.614676e-07 -5.018372e-05
9.769305e+00  3.807484e-13 -5.613572e-07 -5.017745e-05
9.769782e+00  3.801183e-13 -5.609515e-07 -5.015439e-05
9.771053e+00  3.784424e-13 -5.598712e-07 -5.009298e-05
9.773833e+00  3.747929e-13 -5.575141e-07 -4.995884e-05
9.779159e+00  3.678730e-13 -5.530261e-07 -4.970294e-05
9.788423e+00  3.560538e-13 -5.453031e-07 -4.926101e-05
9.803397e+00  3.375168e-13 -5.330368e-07 -4.855493e-05
9.826253e+00  3.105414e-13 -5.148256e-07 -4.749687e-05
9.859551e+00  2.739629e-13 -4.893632e-07 -4.599687e-05
9.906227e+00  2.277690e-13 -4.557075e-07 -4.397427e-05
9.969557e+00  1.737155e-13 -4.136014e-07 -4.137257e-05
1.005312e+01  1.157258e-13 -3.637812e-07 -3.817585e-05
1.016071e+01  5.975685e-14 -3.081682e-07 -3.442374e-05
1.029632e+01  1.284842e-14 -2.498229e-07 -3.022025e-05
1.046400e+01 -1.868395e-14 -1.925755e-07 -2.573205e-05
1.066781e+01 -3.150041e-14 -1.403429e-07 -2.117320e-05
1.091168e+01 -2.702284e-14 -9.628927e-08 -1.677702e-05
1.119938e+01 -1.164408e-14 -6.211043e-08 -1.276036e-05
1.153435e+01  5.305510e-15 -3.774535e-08 -9.289315e-06
1.191965e+01  1.536711e-14 -2.166834e-08 -6.456312e-06
1.235784e+01  1.477461e-14 -1.164417e-08 -4.274629e-06
1.285091e+01  6.018204e-15 -5.577111e-09 -2.690651e-06
1.340020e+01 -4.114461e-15 -2.035135e-09 -1.607516e-06
1.400635e+01 -9.068194e-15 -2.505918e-10 -9.111441e-07
1.466922e+01 -6.710795e-15  2.472364e-10 -4.911850e-07
1.538787e+01 -2.568597e-16 -1.491551e-11 -2.537855e-07
1.616056e+01  4.700236e-15 -4.150633e-10 -1.270605e-07
1.698474e+01  4.668187e-15 -4.881689e-10 -6.159572e-08
1.785703e+01  6.668901e-16 -1.723940e-10 -2.768678e-08
1.877332e+01 -3.229660e-15  2.296177e-10 -1.022932e-08
1.972878e+01 -3.702432e-15  3.680156e-10 -2.485204e-09
2.071794e+01 -9.075471e-16  1.627958e-10 -7.355471e-10
2.173476e+01  2.135232e-15 -1.547700e-10 -1.604944e-09
2.277275e+01  2.595157e-15 -2.853931e-10 -2.178004e-09
2.382505e+01  3.352014e-16 -1.384953e-10 -1.216731e-09
2.488458e+01 -2.313486e-15  1.139607e-10  5.261045e-10
2.594410e+01 -2.965417e-15  2.285326e-10  1.498304e-09
2.699641e+01 -1.318761e-15  1.199779e-10  9.668211e-10
2.803440e+01  8.701945e-16 -8.452128e-11 -3.856623e-10
2.905122e+01  1.638631e-15 -1.896532e-10 -1.248186e-09
3.004038e+01  5.665168e-16 -1.147018e-10 -9.217736e-10
3.099584e+01 -1.102459e-15  5.326339e-11  1.669216e-10
3.191213e+01 -1.797837e-15  1.597770e-10  1.005118e-09
3.278442e+01 -1.010126e-15  1.231699e-10  9.337162e-10
3.360859e+01  4.524542e-16 -1.049781e-11  1.232846e-10
3.438128e+01  1.333864e-15 -1.255179e-10 -7.068476e-10
3.509994e+01  9.997116e-16 -1.374931e-10 -9.382530e-10
3.576280e+01 -1.742949e-16 -4.983626e-11 -4.869760e-10
3.636895e+01 -1.242212e-15  6.563188e-11  2.477793e-10
3.691825e+01 -1.446777e-15  1.310221e-10  7.567324e-10
3.741132e+01 -6.901058e-16  1.134349e-10  7.703135e-10
3.784951e+01  5.251868e-16  3.440442e-11  3.620040e-10
3.823481e+01  1.505230e-15 -5.573924e-11 -1.833586e-10
3.856978e+01  1.778958e-15 -1.122070e-10 -5.805790e-10
3.885747e+01  1.280553e-15 -1.164289e-10 -6.868354e-10
3.910135e+01  2.769960e-16 -7.677323e-11 -5.236163e-10
3.930515e+01 -8.360676e-16 -1.632909e-11 -2.125304e-10
3.947283e+01 -1.726028e-15  4.134018e-11  1.094784e-10
3.960844e+01 -2.221765e-15  8.115352e-11  3.478266e-10
3.971604e+01 -2.314543e-15  9.855128e-11  4.673606e-10
3.979960e+01 -2.101440e-15  9.681973e-11  4.799027e-10
3.986293e+01 -1.717150e-15  8.287384e-11  4.208089e-10
3.990960e+01 -1.283269e-15  6.375896e-11  3.284744e-10
3.994290e+01 -8.837366e-16  4.473243e-11  2.325503e-10
3.996576e+01 -5.616759e-16  2.877051e-11  1.504253e-10
3.998073e+01 -3.281260e-16  1.693295e-11  8.884711e-11
3.999000e+01 -1.743351e-16  9.036878e-12  4.751694e-11
3.999532e+01 -8.259764e-17  4.292385e-12  2.259679e-11
3.999810e+01 -3.372317e-17  1.754798e-12  9.243638e-12
3.999937e+01 -1.116654e-17  5.814006e-13  3.063465e-12
3.999985e+01 -2.668139e-18  1.389511e-13  7.322257e-13
3.999998e+01 -3.529050e-19  1.837967e-14  9.685743e-14
4.000000e+01 -1.105576e-20  5.758007e-16  3.034375e-15
