376 7
 0 0 0 0 1 1 2
 2 2 2 2 6 6 6
 -2.541428e+02 -2.950562e+01 -3.310368e+00 -1.628662e-01 -2.549066e+01 -2.137648e+00 -2.477809e-01
0.000000e+00 -2.597436e+02 -7.829989e+01 -2.982510e+01 -7.480923e+00 -3.378529e-06 -1.199004e-06  4.034458e-09
3.278564e-09 -2.597436e+02 -7.829988e+01 -2.982510e+01 -7.480923e+00 -1.660495e-06 -5.586144e-07  4.034446e-09
1.046582e-07 -2.597429e+02 -7.829968e+01 -2.982502e+01 -7.480903e+00  5.146445e-05  1.924348e-05  4.032612e-09
7.915214e-07 -2.597383e+02 -7.829828e+01 -2.982449e+01 -7.480769e+00  4.113906e-04  1.534044e-04  3.937179e-09
3.316517e-06 -2.597212e+02 -7.829314e+01 -2.982253e+01 -7.480278e+00  1.734469e-03  6.465761e-04  2.343738e-09
1.004733e-05 -2.596758e+02 -7.827944e+01 -2.981731e+01 -7.478969e+00  5.260942e-03  1.961053e-03 -1.144849e-08
2.477810e-05 -2.595763e+02 -7.824946e+01 -2.980589e+01 -7.476105e+00  1.297667e-02  4.837057e-03 -9.005916e-08
5.299135e-05 -2.593860e+02 -7.819207e+01 -2.978403e+01 -7.470622e+00  2.774605e-02  1.034228e-02 -4.261245e-07
1.020609e-04 -2.590553e+02 -7.809233e+01 -2.974604e+01 -7.461092e+00  5.340770e-02  1.990755e-02 -1.590784e-06
1.813877e-04 -2.585216e+02 -7.793130e+01 -2.968470e+01 -7.445706e+00  9.482362e-02  3.534514e-02 -5.029696e-06
3.024627e-04 -2.577091e+02 -7.768604e+01 -2.959126e+01 -7.422268e+00  1.578713e-01  5.884587e-02 -1.397742e-05
4.788527e-04 -2.565300e+02 -7.732980e+01 -2.945553e+01 -7.388223e+00  2.493683e-01  9.295089e-02 -3.498592e-05
7.261078e-04 -2.548864e+02 -7.683261e+01 -2.926607e+01 -7.340699e+00  3.769182e-01  1.404943e-01 -8.027621e-05
1.061591e-03 -2.526732e+02 -7.616203e+01 -2.901049e+01 -7.276587e+00  5.486708e-01  2.045136e-01 -1.710991e-04
1.504231e-03 -2.497829e+02 -7.528429e+01 -2.867586e+01 -7.192646e+00  7.729904e-01  2.881258e-01 -3.422189e-04
2.074209e-03 -2.461102e+02 -7.416574e+01 -2.824929e+01 -7.085635e+00  1.058036e+00  3.943705e-01 -6.475052e-04
2.792580e-03 -2.415589e+02 -7.277452e+01 -2.771851e+01 -6.952476e+00  1.411265e+00  5.260236e-01 -1.166429e-03
3.680838e-03 -2.360487e+02 -7.108252e+01 -2.707263e+01 -6.790432e+00  1.838876e+00  6.853892e-01 -2.011026e-03
4.760448e-03 -2.295224e+02 -6.906733e+01 -2.630291e+01 -6.597300e+00  2.345235e+00  8.740824e-01 -3.332641e-03
6.052333e-03 -2.219524e+02 -6.671427e+01 -2.540345e+01 -6.371599e+00  2.932319e+00  1.092819e+00 -5.327529e-03
7.576358e-03 -2.133464e+02 -6.401814e+01 -2.437196e+01 -6.112738e+00  3.599235e+00  1.341232e+00 -8.240234e-03
9.350803e-03 -2.037513e+02 -6.098465e+01 -2.321024e+01 -5.821159e+00  4.341867e+00  1.617733e+00 -1.236363e-02
1.139185e-02 -1.932541e+02 -5.763124e+01 -2.192455e+01 -5.498423e+00  5.152704e+00  1.919445e+00 -1.803467e-02
1.371307e-02 -1.819805e+02 -5.398724e+01 -2.052571e+01 -5.147232e+00  6.020892e+00  2.242211e+00 -2.562510e-02
1.632504e-02 -1.700904e+02 -5.009329e+01 -1.902890e+01 -4.771384e+00  6.932527e+00  2.580698e+00 -3.552714e-02
1.923484e-02 -1.577700e+02 -4.599991e+01 -1.745317e+01 -4.375650e+00  7.871185e+00  2.928591e+00 -4.813446e-02
2.244580e-02 -1.452224e+02 -4.176538e+01 -1.582066e+01 -3.965588e+00  8.818664e+00  3.278866e+00 -6.381957e-02
2.595722e-02 -1.326565e+02 -3.745312e+01 -1.415567e+01 -3.547292e+00  9.755876e+00  3.624126e+00 -8.290953e-02
2.976415e-02 -1.202758e+02 -3.312863e+01 -1.248349e+01 -3.127119e+00  1.066382e+01  3.956971e+00 -1.056618e-01
3.385735e-02 -1.082679e+02 -2.885644e+01 -1.082925e+01 -2.711387e+00  1.152456e+01  4.270371e+00 -1.322426e-01
3.822326e-02 -9.679622e+01 -2.469722e+01 -9.216802e+00 -2.306103e+00  1.232209e+01  4.558011e+00 -1.627104e-01
4.284407e-02 -8.599328e+01 -2.070521e+01 -7.667705e+00 -1.916704e+00  1.304308e+01  4.814589e+00 -1.970053e-01
4.769797e-02 -7.595775e+01 -1.692631e+01 -6.200461e+00 -1.547860e+00  1.367738e+01  5.036025e+00 -2.349459e-01
5.275935e-02 -6.675361e+01 -1.339681e+01 -4.829944e+00 -1.203337e+00  1.421832e+01  5.219597e+00 -2.762344e-01
5.799924e-02 -5.841194e+01 -1.014277e+01 -3.567112e+00 -8.859128e-01  1.466272e+01  5.363973e+00 -3.204683e-01
6.338567e-02 -5.093450e+01 -7.180100e+00 -2.418962e+00 -5.973727e-01  1.501077e+01  5.469167e+00 -3.671586e-01
6.888423e-02 -4.429856e+01 -4.515203e+00 -1.388711e+00 -3.385465e-01  1.526563e+01  5.536412e+00 -4.157519e-01
7.445863e-02 -3.846240e+01 -2.145998e+00 -4.761468e-01 -1.093990e-01  1.543297e+01  5.567988e+00 -4.656545e-01
8.007127e-02 -3.337072e+01 -6.327656e-02  3.218817e-01  9.085034e-02  1.552042e+01  5.567006e+00 -5.162579e-01
8.568391e-02 -2.895977e+01  1.747809e+00  1.010912e+00  2.635877e-01  1.553695e+01  5.537178e+00 -5.669616e-01
9.125831e-02 -2.516170e+01  3.306244e+00  1.598286e+00  4.106592e-01  1.549238e+01  5.482599e+00 -6.171940e-01
9.675688e-02 -2.190817e+01  4.633729e+00  2.092586e+00  5.342281e-01  1.539679e+01  5.407531e+00 -6.664291e-01
1.021433e-01 -1.913300e+01  5.753410e+00  2.503115e+00  6.366447e-01  1.526019e+01  5.316226e+00 -7.141990e-01
1.073832e-01 -1.677405e+01  6.688815e+00  2.839456e+00  7.203328e-01  1.509209e+01  5.212775e+00 -7.601028e-01
1.124446e-01 -1.477441e+01  7.462996e+00  3.111099e+00  7.876957e-01  1.490131e+01  5.100994e+00 -8.038100e-01
1.172985e-01 -1.308295e+01  8.097892e+00  3.327158e+00  8.410436e-01  1.469578e+01  4.984346e+00 -8.450621e-01
1.219193e-01 -1.165448e+01  8.613883e+00  3.496160e+00  8.825397e-01  1.448248e+01  4.865884e+00 -8.836696e-01
1.262852e-01 -1.044958e+01  9.029513e+00  3.625910e+00  9.141650e-01  1.426735e+01  4.748232e+00 -9.195075e-01
1.303784e-01 -9.434246e+00  9.361355e+00  3.723412e+00  9.376974e-01  1.405534e+01  4.633578e+00 -9.525100e-01
1.341853e-01 -8.579385e+00  9.623984e+00  3.794837e+00  9.547039e-01  1.385045e+01  4.523690e+00 -9.826626e-01
1.376967e-01 -7.860266e+00  9.830031e+00  3.845533e+00  9.665420e-01  1.365579e+01  4.419941e+00 -1.009996e+00
1.409077e-01 -7.255982e+00  9.990295e+00  3.880059e+00  9.743686e-01  1.347368e+01  4.323338e+00 -1.034577e+00
1.438175e-01 -6.748912e+00  1.011389e+01  3.902239e+00  9.791530e-01  1.330572e+01  4.234565e+00 -1.056504e+00
1.464295e-01 -6.324232e+00  1.020842e+01  3.915230e+00  9.816945e-01  1.315289e+01  4.154018e+00 -1.075901e+00
1.487507e-01 -5.969476e+00  1.028013e+01  3.921591e+00  9.826396e-01  1.301565e+01  4.081843e+00 -1.092908e+00
1.507917e-01 -5.674148e+00  1.033413e+01  3.923359e+00  9.825012e-01  1.289400e+01  4.017980e+00 -1.107681e+00
1.525662e-01 -5.429385e+00  1.037449e+01  3.922118e+00  9.816774e-01  1.278760e+01  3.962192e+00 -1.120385e+00
1.540902e-01 -5.227675e+00  1.040448e+01  3.919072e+00  9.804683e-01  1.269578e+01  3.914104e+00 -1.131193e+00
1.553821e-01 -5.062614e+00  1.042662e+01  3.915108e+00  9.790930e-01  1.261767e+01  3.873229e+00 -1.140279e+00
1.564617e-01 -4.928710e+00  1.044289e+01  3.910850e+00  9.777046e-01  1.255223e+01  3.839000e+00 -1.147819e+00
1.573500e-01 -4.821219e+00  1.045478e+01  3.906718e+00  9.764030e-01  1.249827e+01  3.810794e+00 -1.153986e+00
1.580683e-01 -4.736018e+00  1.046344e+01  3.902970e+00  9.752475e-01  1.245456e+01  3.787958e+00 -1.158949e+00
1.586383e-01 -4.669497e+00  1.046971e+01  3.899742e+00  9.742663e-01  1.241984e+01  3.769823e+00 -1.162872e+00
1.590810e-01 -4.618488e+00  1.047422e+01  3.897082e+00  9.734656e-01  1.239286e+01  3.755731e+00 -1.165909e+00
1.594164e-01 -4.580201e+00  1.047742e+01  3.894977e+00  9.728363e-01  1.237239e+01  3.745045e+00 -1.168205e+00
1.596637e-01 -4.552189e+00  1.047967e+01  3.893378e+00  9.723604e-01  1.235730e+01  3.737167e+00 -1.169895e+00
1.598401e-01 -4.532311e+00  1.048122e+01  3.892212e+00  9.720145e-01  1.234654e+01  3.731546e+00 -1.171098e+00
1.599612e-01 -4.518717e+00  1.048225e+01  3.891400e+00  9.717741e-01  1.233914e+01  3.727687e+00 -1.171924e+00
1.600405e-01 -4.509832e+00  1.048292e+01  3.890863e+00  9.716153e-01  1.233430e+01  3.725158e+00 -1.172464e+00
1.600896e-01 -4.504346e+00  1.048332e+01  3.890529e+00  9.715165e-01  1.233130e+01  3.723594e+00 -1.172798e+00
1.601178e-01 -4.501194e+00  1.048355e+01  3.890335e+00  9.714595e-01  1.232958e+01  3.722694e+00 -1.172990e+00
1.601325e-01 -4.499549e+00  1.048367e+01  3.890235e+00  9.714297e-01  1.232868e+01  3.722225e+00 -1.173091e+00
1.601392e-01 -4.498798e+00  1.048373e+01  3.890188e+00  9.714161e-01  1.232827e+01  3.722010e+00 -1.173136e+00
1.601418e-01 -4.498516e+00  1.048375e+01  3.890171e+00  9.714110e-01  1.232811e+01  3.721930e+00 -1.173154e+00
1.601424e-01 -4.498440e+00  1.048376e+01  3.890166e+00  9.714096e-01  1.232807e+01  3.721908e+00 -1.173158e+00
1.601425e-01 -4.498428e+00  1.048376e+01  3.890166e+00  9.714094e-01  1.232807e+01  3.721904e+00 -1.173159e+00
1.601426e-01 -4.498426e+00  1.048376e+01  3.890165e+00  9.714093e-01  1.232806e+01  3.721904e+00 -1.173159e+00
1.601430e-01 -4.498380e+00  1.048376e+01  3.890163e+00  9.714085e-01  1.232804e+01  3.721891e+00 -1.173162e+00
1.601458e-01 -4.498069e+00  1.048378e+01  3.890143e+00  9.714028e-01  1.232787e+01  3.721802e+00 -1.173181e+00
1.601560e-01 -4.496923e+00  1.048387e+01  3.890073e+00  9.713820e-01  1.232724e+01  3.721474e+00 -1.173251e+00
1.601834e-01 -4.493869e+00  1.048409e+01  3.889884e+00  9.713264e-01  1.232557e+01  3.720601e+00 -1.173437e+00
1.602433e-01 -4.487194e+00  1.048457e+01  3.889470e+00  9.712043e-01  1.232191e+01  3.718691e+00 -1.173845e+00
1.603581e-01 -4.474437e+00  1.048548e+01  3.888670e+00  9.709688e-01  1.231490e+01  3.715032e+00 -1.174625e+00
1.605577e-01 -4.452336e+00  1.048701e+01  3.887258e+00  9.705539e-01  1.230270e+01  3.708666e+00 -1.175981e+00
1.608803e-01 -4.416841e+00  1.048935e+01  3.884921e+00  9.698694e-01  1.228298e+01  3.698374e+00 -1.178170e+00
1.613728e-01 -4.363214e+00  1.049262e+01  3.881224e+00  9.687918e-01  1.225285e+01  3.682658e+00 -1.181502e+00
1.620903e-01 -4.286259e+00  1.049673e+01  3.875561e+00  9.671519e-01  1.220894e+01  3.659751e+00 -1.186337e+00
1.630960e-01 -4.180684e+00  1.050120e+01  3.867079e+00  9.647157e-01  1.214733e+01  3.627621e+00 -1.193079e+00
1.644606e-01 -4.041615e+00  1.050492e+01  3.854583e+00  9.611601e-01  1.206363e+01  3.583996e+00 -1.202158e+00
1.662611e-01 -3.865233e+00  1.050585e+01  3.836413e+00  9.560431e-01  1.195308e+01  3.526398e+00 -1.214017e+00
1.685795e-01 -3.649481e+00  1.050066e+01  3.810318e+00  9.487724e-01  1.181058e+01  3.452202e+00 -1.229083e+00
1.715015e-01 -3.394750e+00  1.048446e+01  3.773355e+00  9.385788e-01  1.163092e+01  3.358710e+00 -1.247746e+00
1.751145e-01 -3.104391e+00  1.045058e+01  3.721820e+00  9.245025e-01  1.140892e+01  3.243264e+00 -1.270319e+00
1.795059e-01 -2.784927e+00  1.039061e+01  3.651297e+00  9.054042e-01  1.113980e+01  3.103393e+00 -1.297004e+00
1.847607e-01 -2.445826e+00  1.029473e+01  3.556816e+00  8.800091e-01  1.081949e+01  2.936997e+00 -1.327853e+00
1.909597e-01 -2.098796e+00  1.015232e+01  3.433187e+00  8.469931e-01  1.044511e+01  2.742573e+00 -1.362735e+00
1.981774e-01 -1.756639e+00  9.952970e+00  3.275485e+00  8.051083e-01  1.001543e+01  2.519461e+00 -1.401303e+00
2.064794e-01 -1.431846e+00  9.687753e+00  3.079657e+00  7.533414e-01  9.531349e+00  2.268082e+00 -1.442976e+00
2.159211e-01 -1.135185e+00  9.350525e+00  2.843177e+00  6.910838e-01  8.996226e+00  1.990150e+00 -1.486933e+00
2.265454e-01 -8.745531e-01  8.939106e+00  2.565648e+00  6.182876e-01  8.416089e+00  1.688789e+00 -1.532129e+00
2.383811e-01 -6.543379e-01  8.456072e+00  2.249225e+00  5.355781e-01  7.799548e+00  1.368548e+00 -1.577333e+00
2.514418e-01 -4.753628e-01  7.908978e+00  1.898784e+00  4.442964e-01  7.157441e+00  1.035262e+00 -1.621180e+00
2.657247e-01 -3.353817e-01  7.309934e+00  1.521751e+00  3.464583e-01  6.502210e+00  6.957718e-01 -1.662252e+00
2.812096e-01 -2.299366e-01  6.674583e+00  1.127627e+00  2.446284e-01  5.847074e+00  3.575248e-01 -1.699159e+00
2.978589e-01 -1.533496e-01  6.020650e+00  7.272374e-01  1.417238e-01  5.205100e+00  2.808333e-02 -1.730636e+00
3.156174e-01 -9.963402e-02  5.366300e+00  3.318390e-01  4.077694e-02  4.588308e+00 -2.853820e-01 -1.755622e+00
3.344127e-01 -6.318522e-02  4.728573e+00 -4.779947e-02 -5.531054e-02  4.006918e+00 -5.765620e-01 -1.773328e+00
3.541562e-01 -3.920095e-02  4.122103e+00 -4.022104e-01 -1.439876e-01  3.468821e+00 -8.403818e-01 -1.783284e+00
3.747436e-01 -2.385317e-02  3.558275e+00 -7.238380e-01 -2.232218e-01  2.979328e+00 -1.073241e+00 -1.785351e+00
3.960570e-01 -1.427327e-02  3.044851e+00 -1.007392e+00 -2.915995e-01  2.541179e+00 -1.273103e+00 -1.779710e+00
4.179666e-01 -8.423541e-03  2.586038e+00 -1.249938e+00 -3.483551e-01  2.154779e+00 -1.439445e+00 -1.766826e+00
4.403322e-01 -4.920313e-03  2.182884e+00 -1.450758e+00 -3.933379e-01  1.818585e+00 -1.573090e+00 -1.747394e+00
4.630064e-01 -2.857291e-03  1.833888e+00 -1.611038e+00 -4.269307e-01  1.529586e+00 -1.675960e+00 -1.722278e+00
4.858360e-01 -1.657598e-03  1.535688e+00 -1.733464e+00 -4.499396e-01  1.283779e+00 -1.750798e+00 -1.692451e+00
5.086657e-01 -9.638104e-04  1.283724e+00 -1.821773e+00 -4.634714e-01  1.076614e+00 -1.800877e+00 -1.658934e+00
5.313398e-01 -5.616204e-04  1.072823e+00 -1.880328e+00 -4.688150e-01  9.033585e-01 -1.829735e+00 -1.622742e+00
5.537055e-01 -3.274230e-04  8.976485e-01 -1.913748e+00 -4.673349e-01  7.593764e-01 -1.840954e+00 -1.584845e+00
5.756150e-01 -1.917954e-04  7.530393e-01 -1.926606e+00 -4.603849e-01  6.403199e-01 -1.837980e+00 -1.546133e+00
5.969285e-01 -1.149013e-04  6.342177e-01 -1.923210e+00 -4.492422e-01  5.422456e-01 -1.823998e+00 -1.507391e+00
6.175159e-01 -7.208341e-05  5.369108e-01 -1.907456e+00 -4.350646e-01  4.616707e-01 -1.801852e+00 -1.469294e+00
6.372593e-01 -4.736115e-05  4.573957e-01 -1.882754e+00 -4.188650e-01  3.955839e-01 -1.774009e+00 -1.432394e+00
6.560547e-01 -3.126262e-05  3.924954e-01 -1.851994e+00 -4.015020e-01  3.414253e-01 -1.742545e+00 -1.397133e+00
6.738132e-01 -1.956952e-05  3.395422e-01 -1.817563e+00 -3.836817e-01  2.970490e-01 -1.709165e+00 -1.363841e+00
6.904625e-01 -1.135431e-05  2.963248e-01 -1.781379e+00 -3.659671e-01  2.606754e-01 -1.675231e+00 -1.332756e+00
7.059474e-01 -6.665741e-06  2.610282e-01 -1.744937e+00 -3.487925e-01  2.308410e-01 -1.641802e+00 -1.304030e+00
7.202302e-01 -4.976635e-06  2.321741e-01 -1.709373e+00 -3.324795e-01  2.063507e-01 -1.609670e+00 -1.277742e+00
7.332910e-01 -4.944342e-06  2.085649e-01 -1.675510e+00 -3.172542e-01  1.862321e-01 -1.579406e+00 -1.253914e+00
7.451267e-01 -5.082496e-06  1.892337e-01 -1.643921e+00 -3.032627e-01  1.696971e-01 -1.551396e+00 -1.232517e+00
7.557510e-01 -4.506223e-06  1.734008e-01 -1.614972e+00 -2.905864e-01  1.561074e-01 -1.525874e+00 -1.213485e+00
7.651927e-01 -3.175670e-06  1.604380e-01 -1.588862e+00 -2.792548e-01  1.449456e-01 -1.502955e+00 -1.196719e+00
7.734947e-01 -1.610050e-06  1.498380e-01 -1.565664e+00 -2.692563e-01  1.357921e-01 -1.482657e+00 -1.182097e+00
7.807123e-01 -4.023622e-07  1.411899e-01 -1.545348e+00 -2.605481e-01  1.283052e-01 -1.464924e+00 -1.169481e+00
7.869114e-01  1.280699e-07  1.341596e-01 -1.527812e+00 -2.530636e-01  1.222052e-01 -1.449644e+00 -1.158719e+00
7.921662e-01  1.316475e-08  1.284734e-01 -1.512896e+00 -2.467191e-01  1.172621e-01 -1.436666e+00 -1.149650e+00
7.965576e-01 -4.885056e-07  1.239058e-01 -1.500402e+00 -2.414193e-01  1.132849e-01 -1.425807e+00 -1.142110e+00
8.001706e-01 -1.073788e-06  1.202692e-01 -1.490107e+00 -2.370614e-01  1.101140e-01 -1.416866e+00 -1.135933e+00
8.030926e-01 -1.524569e-06  1.174060e-01 -1.481773e+00 -2.335395e-01  1.076147e-01 -1.409632e+00 -1.130955e+00
8.054110e-01 -1.750116e-06  1.151826e-01 -1.475156e+00 -2.307469e-01  1.056721e-01 -1.403891e+00 -1.127017e+00
8.072115e-01 -1.763574e-06  1.134848e-01 -1.470016e+00 -2.285794e-01  1.041878e-01 -1.399432e+00 -1.123966e+00
8.085761e-01 -1.632479e-06  1.122147e-01 -1.466118e+00 -2.269375e-01  1.030767e-01 -1.396053e+00 -1.121658e+00
8.095818e-01 -1.434218e-06  1.112877e-01 -1.463246e+00 -2.257278e-01  1.022654e-01 -1.393563e+00 -1.119959e+00
8.102992e-01 -1.229735e-06  1.106311e-01 -1.461196e+00 -2.248651e-01  1.016905e-01 -1.391786e+00 -1.118748e+00
8.107917e-01 -1.055079e-06  1.101826e-01 -1.459789e+00 -2.242730e-01  1.012978e-01 -1.390566e+00 -1.117918e+00
8.111144e-01 -9.242342e-07  1.098898e-01 -1.458868e+00 -2.238852e-01  1.010413e-01 -1.389767e+00 -1.117374e+00
8.113140e-01 -8.364440e-07  1.097090e-01 -1.458297e+00 -2.236453e-01  1.008830e-01 -1.389273e+00 -1.117037e+00
8.114287e-01 -7.835182e-07  1.096052e-01 -1.457970e+00 -2.235074e-01  1.007921e-01 -1.388989e+00 -1.116844e+00
8.114887e-01 -7.551603e-07  1.095510e-01 -1.457798e+00 -2.234354e-01  1.007447e-01 -1.388841e+00 -1.116743e+00
8.115160e-01 -7.420360e-07  1.095263e-01 -1.457720e+00 -2.234025e-01  1.007230e-01 -1.388773e+00 -1.116697e+00
8.115263e-01 -7.370853e-07  1.095170e-01 -1.457691e+00 -2.233901e-01  1.007149e-01 -1.388748e+00 -1.116680e+00
8.115291e-01 -7.357361e-07  1.095145e-01 -1.457683e+00 -2.233868e-01  1.007127e-01 -1.388741e+00 -1.116675e+00
8.115295e-01 -7.355368e-07  1.095141e-01 -1.457682e+00 -2.233863e-01  1.007123e-01 -1.388740e+00 -1.116674e+00
8.115296e-01 -7.355297e-07  1.095141e-01 -1.457681e+00 -2.233862e-01  1.007123e-01 -1.388739e+00 -1.116674e+00
8.115308e-01 -7.355082e-07  1.095129e-01 -1.457678e+00 -2.233847e-01  1.007113e-01 -1.388736e+00 -1.116672e+00
8.115394e-01 -7.353624e-07  1.095052e-01 -1.457653e+00 -2.233744e-01  1.007045e-01 -1.388715e+00 -1.116657e+00
8.115709e-01 -7.348268e-07  1.094768e-01 -1.457563e+00 -2.233366e-01  1.006796e-01 -1.388637e+00 -1.116604e+00
8.116547e-01 -7.334010e-07  1.094011e-01 -1.457324e+00 -2.232358e-01  1.006133e-01 -1.388430e+00 -1.116463e+00
8.118383e-01 -7.302898e-07  1.092355e-01 -1.456799e+00 -2.230152e-01  1.004683e-01 -1.387975e+00 -1.116154e+00
8.121899e-01 -7.243660e-07  1.089191e-01 -1.455795e+00 -2.225928e-01  1.001911e-01 -1.387104e+00 -1.115562e+00
8.128014e-01 -7.141724e-07  1.083711e-01 -1.454048e+00 -2.218582e-01  9.971093e-02 -1.385591e+00 -1.114533e+00
8.137899e-01 -6.979822e-07  1.074909e-01 -1.451223e+00 -2.206710e-01  9.893950e-02 -1.383143e+00 -1.112871e+00
8.152987e-01 -6.739460e-07  1.061612e-01 -1.446912e+00 -2.188600e-01  9.777357e-02 -1.379408e+00 -1.110338e+00
8.174968e-01 -6.403408e-07  1.042533e-01 -1.440631e+00 -2.162236e-01  9.609955e-02 -1.373968e+00 -1.106656e+00
8.205780e-01 -5.959262e-07  1.016362e-01 -1.431828e+00 -2.125324e-01  9.380118e-02 -1.366346e+00 -1.101510e+00
8.247587e-01 -5.403701e-07  9.818956e-02 -1.419888e+00 -2.075331e-01  9.077043e-02 -1.356011e+00 -1.094559e+00
8.302747e-01 -4.746587e-07  9.381963e-02 -1.404146e+00 -2.009543e-01  8.692114e-02 -1.342392e+00 -1.085439e+00
8.373776e-01 -4.013525e-07  8.847685e-02 -1.383909e+00 -1.925155e-01  8.220428e-02 -1.324891e+00 -1.073787e+00
8.463297e-01 -3.245285e-07  8.217301e-02 -1.358477e+00 -1.819388e-01  7.662282e-02 -1.302908e+00 -1.059246e+00
8.573988e-01 -2.492873e-07  7.499417e-02 -1.327186e+00 -1.689640e-01  7.024341e-02 -1.275868e+00 -1.041494e+00
8.708525e-01 -1.808397e-07  6.710588e-02 -1.289452e+00 -1.533681e-01  6.320176e-02 -1.243262e+00 -1.020260e+00
8.869516e-01 -1.233742e-07  5.874728e-02 -1.244831e+00 -1.349882e-01  5.569892e-02 -1.204691e+00 -9.953497e-01
9.059434e-01 -7.908942e-08  5.021309e-02 -1.193085e+00 -1.137463e-01  4.798719e-02 -1.159918e+00 -9.666683e-01
9.280559e-01 -4.780281e-08  4.182433e-02 -1.134252e+00 -8.967565e-02  4.034633e-02 -1.108923e+00 -9.342387e-01
9.534907e-01 -2.735967e-08  3.389245e-02 -1.068698e+00 -6.294187e-02  3.305354e-02 -1.051945e+00 -8.982174e-01
9.824170e-01 -1.468592e-08  2.668333e-02 -9.971580e-01 -3.385770e-02  2.635239e-02 -9.895175e-01 -8.589005e-01
1.014966e+00 -6.972218e-09  2.038847e-02 -9.207360e-01 -2.885008e-03  2.042680e-02 -9.224695e-01 -8.167197e-01
1.051227e+00 -2.392894e-09  1.510925e-02 -8.408616e-01  2.937822e-02  1.538519e-02 -8.519037e-01 -7.722266e-01
1.091241e+00 -6.731739e-11  1.085667e-02 -7.592082e-01  6.222688e-02  1.125740e-02 -7.791378e-01 -7.260668e-01
1.134999e+00  5.134885e-10  7.565084e-03 -6.775737e-01  9.489178e-02  8.003727e-03 -7.056204e-01 -6.789448e-01
1.182440e+00  2.663867e-11  5.115116e-03 -5.977438e-01  1.265918e-01  5.532654e-03 -6.328299e-01 -6.315839e-01
1.233448e+00 -6.327790e-10  3.359581e-03 -5.213566e-01  1.565883e-01  3.722337e-03 -5.621704e-01 -5.846871e-01
1.287854e+00 -7.636984e-10  2.146704e-03 -4.497885e-01  1.842352e-01  2.441065e-03 -4.948791e-01 -5.389008e-01
1.345437e+00 -2.717755e-10  1.337169e-03 -3.840772e-01  2.090177e-01  1.563304e-03 -4.319569e-01 -4.947867e-01
1.405925e+00  3.655865e-10  8.138952e-04 -3.248865e-01  2.305761e-01  9.799086e-04 -3.741277e-01 -4.528033e-01
1.468998e+00  5.882762e-10  4.853729e-04 -2.725139e-01  2.487145e-01  6.027100e-04 -3.218294e-01 -4.132969e-01
1.534295e+00  2.609047e-10  2.844023e-04 -2.269310e-01  2.633931e-01  3.647637e-04 -2.752302e-01 -3.765020e-01
1.601419e+00 -2.503167e-10  1.642375e-04 -1.878464e-01  2.747102e-01  2.178729e-04 -2.342661e-01 -3.425491e-01
1.669940e+00 -4.621711e-10  9.382100e-05 -1.547787e-01  2.828756e-01  1.288731e-04 -1.986887e-01 -3.114769e-01
1.739407e+00 -2.240632e-10  5.326803e-05 -1.271277e-01  2.881808e-01  7.578523e-05 -1.681178e-01 -2.832487e-01
1.809349e+00  1.872585e-10  3.021523e-05 -1.042383e-01  2.909696e-01  4.448855e-05 -1.420910e-01 -2.577683e-01
1.879292e+00  3.743108e-10  1.718201e-05 -8.545001e-02  2.916110e-01  2.615875e-05 -1.201063e-01 -2.348966e-01
1.948758e+00  1.956463e-10  9.788913e-06 -7.013368e-02  2.904774e-01  1.543426e-05 -1.016568e-01 -2.144660e-01
2.017280e+00 -1.410091e-10  5.571923e-06 -5.771436e-02  2.879270e-01  9.149060e-06 -8.625503e-02 -1.962921e-01
2.084403e+00 -3.136853e-10  3.182592e-06 -4.768351e-02  2.842920e-01  5.470143e-06 -7.344980e-02 -1.801845e-01
2.149701e+00 -1.884230e-10  1.864646e-06 -3.960292e-02  2.798705e-01  3.330728e-06 -6.283520e-02 -1.659534e-01
2.212774e+00  9.064851e-11  1.155529e-06 -3.310274e-02  2.749230e-01  2.089496e-06 -5.405448e-02 -1.534156e-01
2.273262e+00  2.667664e-10  7.568521e-07 -2.787602e-02  2.696711e-01  1.352278e-06 -4.679971e-02 -1.423979e-01
2.330845e+00  2.040485e-10  4.948989e-07 -2.367138e-02  2.642991e-01  8.874438e-07 -4.080904e-02 -1.327393e-01
2.385251e+00 -2.014209e-11  2.981374e-07 -2.028507e-02  2.589558e-01  5.763931e-07 -3.586236e-02 -1.242922e-01
2.436259e+00 -2.119292e-10  1.581516e-07 -1.755326e-02  2.537585e-01  3.690697e-07 -3.177639e-02 -1.169224e-01
2.483700e+00 -2.301368e-10  8.245620e-08 -1.534508e-02  2.487965e-01  2.432619e-07 -2.839958e-02 -1.105090e-01
2.527458e+00 -8.125111e-11  6.328081e-08 -1.355641e-02  2.441345e-01  1.784193e-07 -2.560733e-02 -1.049437e-01
2.567472e+00  1.132667e-10  7.396841e-08 -1.210469e-02  2.398170e-01  1.489577e-07 -2.329758e-02 -1.001298e-01
2.603732e+00  2.221266e-10  8.425166e-08 -1.092447e-02  2.358712e-01  1.307316e-07 -2.138689e-02 -9.598114e-02
2.636282e+00  1.903503e-10  7.653109e-08 -9.963868e-03  2.323100e-01  1.092924e-07 -1.980709e-02 -9.242103e-02
2.665208e+00  5.505410e-11  5.107484e-08 -9.181668e-03  2.291350e-01  8.221294e-08 -1.850243e-02 -8.938117e-02
2.690643e+00 -9.813670e-11  1.979721e-08 -8.545043e-03  2.263385e-01  5.493150e-08 -1.742724e-02 -8.680060e-02
2.712755e+00 -1.933397e-10 -4.162011e-09 -8.027732e-03  2.239058e-01  3.423918e-08 -1.654396e-02 -8.462473e-02
2.731747e+00 -1.994127e-10 -1.380905e-08 -7.608616e-03  2.218164e-01  2.366160e-08 -1.582154e-02 -8.280456e-02
2.747846e+00 -1.310200e-10 -9.836472e-09 -7.270599e-03  2.200461e-01  2.237850e-08 -1.523420e-02 -8.129585e-02
2.761300e+00 -2.773642e-11  2.158324e-09 -6.999720e-03  2.185676e-01  2.677677e-08 -1.476030e-02 -8.005857e-02
2.772369e+00  7.023738e-11  1.564345e-08 -6.784471e-03  2.173521e-01  3.275864e-08 -1.438160e-02 -7.905634e-02
2.781321e+00  1.372977e-10  2.595352e-08 -6.615266e-03  2.163697e-01  3.738345e-08 -1.408252e-02 -7.825602e-02
2.788424e+00  1.658495e-10  3.118972e-08 -6.484039e-03  2.155908e-01  3.939220e-08 -1.384971e-02 -7.762746e-02
2.793940e+00  1.616841e-10  3.169704e-08 -6.383940e-03  2.149862e-01  3.889022e-08 -1.367160e-02 -7.714320e-02
2.798121e+00  1.367466e-10  2.898572e-08 -6.309113e-03  2.145282e-01  3.669997e-08 -1.353815e-02 -7.677842e-02
2.801202e+00  1.031510e-10  2.476553e-08 -6.254532e-03  2.141908e-01  3.378129e-08 -1.344065e-02 -7.651080e-02
2.803400e+00  6.990895e-11  2.037858e-08 -6.215886e-03  2.139501e-01  3.088921e-08 -1.337152e-02 -7.632052e-02
2.804909e+00  4.209991e-11  1.661921e-08 -6.189499e-03  2.137850e-01  2.846322e-08 -1.332428e-02 -7.619021e-02
2.805897e+00  2.150759e-11  1.379831e-08 -6.172272e-03  2.136768e-01  2.666270e-08 -1.329342e-02 -7.610497e-02
2.806509e+00  7.783427e-12  1.190401e-08 -6.161640e-03  2.136099e-01  2.546082e-08 -1.327437e-02 -7.605230e-02
2.806861e+00 -4.590965e-13  1.076148e-08 -6.155536e-03  2.135714e-01  2.473828e-08 -1.326343e-02 -7.602203e-02
2.807044e+00 -4.866498e-12  1.014916e-08 -6.152351e-03  2.135513e-01  2.435171e-08 -1.325772e-02 -7.600623e-02
2.807128e+00 -6.904262e-12  9.865744e-09 -6.150896e-03  2.135421e-01  2.417292e-08 -1.325511e-02 -7.599902e-02
2.807159e+00 -7.672596e-12  9.758830e-09 -6.150351e-03  2.135387e-01  2.410551e-08 -1.325414e-02 -7.599631e-02
2.807168e+00 -7.881970e-12  9.729691e-09 -6.150202e-03  2.135377e-01  2.408713e-08 -1.325387e-02 -7.599557e-02
2.807169e+00 -7.912886e-12  9.725388e-09 -6.150180e-03  2.135376e-01  2.408442e-08 -1.325383e-02 -7.599546e-02
2.807169e+00 -7.913870e-12  9.725238e-09 -6.150177e-03  2.135376e-01  2.408431e-08 -1.325382e-02 -7.599545e-02
2.807174e+00 -7.913380e-12  9.724907e-09 -6.150101e-03  2.135371e-01  2.408354e-08 -1.325369e-02 -7.599507e-02
2.807204e+00 -7.910056e-12  9.722662e-09 -6.149583e-03  2.135338e-01  2.407830e-08 -1.325276e-02 -7.599250e-02
2.807313e+00 -7.897847e-12  9.714415e-09 -6.147680e-03  2.135218e-01  2.405906e-08 -1.324935e-02 -7.598306e-02
2.807606e+00 -7.865368e-12  9.692462e-09 -6.142609e-03  2.134898e-01  2.400785e-08 -1.324026e-02 -7.595789e-02
2.808246e+00 -7.794627e-12  9.644576e-09 -6.131527e-03  2.134197e-01  2.389613e-08 -1.322038e-02 -7.590285e-02
2.809473e+00 -7.660440e-12  9.553473e-09 -6.110358e-03  2.132855e-01  2.368352e-08 -1.318241e-02 -7.579754e-02
2.811606e+00 -7.431081e-12  9.396916e-09 -6.073714e-03  2.130522e-01  2.331795e-08 -1.311662e-02 -7.561479e-02
2.815055e+00 -7.070908e-12  9.148833e-09 -6.014942e-03  2.126751e-01  2.273814e-08 -1.301096e-02 -7.532038e-02
2.820318e+00 -6.545739e-12  8.781853e-09 -5.926340e-03  2.120998e-01  2.187922e-08 -1.285136e-02 -7.487348e-02
2.827987e+00 -5.831440e-12  8.271567e-09 -5.799602e-03  2.112623e-01  2.068231e-08 -1.262238e-02 -7.422769e-02
2.838736e+00 -4.925228e-12  7.602478e-09 -5.626520e-03  2.100897e-01  1.910796e-08 -1.230834e-02 -7.333286e-02
2.853321e+00 -3.857552e-12  6.774928e-09 -5.399949e-03  2.085016e-01  1.715197e-08 -1.189483e-02 -7.213786e-02
2.872564e+00 -2.700246e-12  5.811370e-09 -5.114982e-03  2.064115e-01  1.486009e-08 -1.137065e-02 -7.059416e-02
2.897343e+00 -1.565052e-12  4.759474e-09 -4.770184e-03  2.037301e-01  1.233609e-08 -1.072992e-02 -6.866018e-02
2.928573e+00 -5.870302e-13  3.689306e-09 -4.368694e-03  2.003685e-01  9.736929e-09 -9.974085e-03 -6.630596e-02
2.967189e+00  1.084231e-13  2.682841e-09 -3.918891e-03  1.962428e-01  7.251026e-09 -9.113454e-03 -6.351787e-02
3.014123e+00  4.480639e-13  1.816721e-09 -3.434366e-03  1.912798e-01  5.060938e-09 -8.167758e-03 -6.030248e-02
3.070287e+00  4.464388e-13  1.142850e-09 -2.933012e-03  1.854235e-01  3.299818e-09 -7.165419e-03 -5.668906e-02
3.136542e+00  2.137302e-13  6.743434e-10 -2.435236e-03  1.786424e-01  2.017685e-09 -6.141364e-03 -5.273012e-02
3.213683e+00 -7.816311e-14  3.841217e-10 -1.961540e-03  1.709369e-01  1.173668e-09 -5.133563e-03 -4.849946e-02
3.302415e+00 -2.650605e-13  2.186266e-10 -1.529932e-03  1.623444e-01  6.609929e-10 -4.178820e-03 -4.408792e-02
3.403327e+00 -2.643833e-13  1.212806e-10 -1.153724e-03  1.529441e-01  3.550165e-10 -3.308592e-03 -3.959704e-02
3.516879e+00 -1.104641e-13  5.387542e-11 -8.402177e-04  1.428566e-01  1.604758e-10 -2.545683e-03 -3.513151e-02
3.643378e+00  7.591211e-14  4.332972e-12 -5.905203e-04  1.322407e-01  3.313125e-11 -1.902441e-03 -3.079143e-02
3.782971e+00  1.702892e-13 -2.238737e-11 -4.004310e-04  1.212854e-01 -3.310079e-11 -1.380719e-03 -2.666536e-02
3.935625e+00  1.267758e-13 -2.198306e-11 -2.620488e-04  1.101985e-01 -3.900908e-11 -9.734305e-04 -2.282498e-02
4.101127e+00  1.849047e-15 -2.936503e-12 -1.656281e-04  9.919310e-02 -5.078811e-12 -6.671257e-04 -1.932196e-02
4.279073e+00 -9.755119e-14  1.597956e-11 -1.012382e-04  8.847332e-02  3.072867e-11 -4.449318e-04 -1.618710e-02
4.468875e+00 -1.002073e-13  1.926657e-11 -5.995092e-05  7.822167e-02  3.734856e-11 -2.892162e-04 -1.343152e-02
4.669759e+00 -2.165555e-14  6.308200e-12 -3.447230e-05  6.858894e-02  1.260535e-11 -1.835811e-04 -1.104932e-02
4.880776e+00  5.941438e-14 -9.779408e-12 -1.929856e-05  5.968803e-02 -1.864828e-11 -1.140504e-04 -9.021228e-03
5.100813e+00  7.450830e-14 -1.484104e-11 -1.055080e-05  5.159167e-02 -2.886883e-11 -6.952597e-05 -7.318513e-03
5.328610e+00  2.189800e-14 -6.105804e-12 -5.653163e-06  4.433393e-02 -1.220647e-11 -4.170660e-05 -5.906775e-03
5.562778e+00 -4.108352e-14  6.702697e-12 -2.981043e-06  3.791450e-02  1.277039e-11 -2.469507e-05 -4.749193e-03
5.801821e+00 -5.663466e-14  1.155050e-11 -1.554336e-06  3.230498e-02  2.254884e-11 -1.448271e-05 -3.809108e-03
6.044160e+00 -1.802805e-14  5.191174e-12 -8.046378e-07  2.745587e-02  1.042697e-11 -8.444350e-06 -3.051868e-03
6.288163e+00  3.151232e-14 -5.047369e-12 -4.144210e-07  2.330364e-02 -9.587925e-12 -4.914163e-06 -2.445998e-03
6.532165e+00  4.498906e-14 -9.312688e-12 -2.125691e-07  1.977700e-02 -1.821049e-11 -2.864002e-06 -1.963804e-03
6.774505e+00  1.488785e-14 -4.500637e-12 -1.092633e-07  1.680217e-02 -9.071875e-12 -1.675705e-06 -1.581551e-03
7.013547e+00 -2.551271e-14  3.869484e-12 -5.736840e-08  1.430686e-02  7.296628e-12 -9.864407e-07 -1.279324e-03
7.247715e+00 -3.798023e-14  7.818217e-12 -3.147269e-08  1.222304e-02  1.527608e-11 -5.866298e-07 -1.040708e-03
7.475513e+00 -1.440814e-14  4.351606e-12 -1.782837e-08  1.048872e-02  8.763138e-12 -3.550994e-07 -8.523740e-04
7.695550e+00  2.016847e-14 -2.633865e-12 -9.723294e-09  9.048725e-03 -4.859997e-12 -2.205794e-07 -7.036243e-04
7.906566e+00  3.414846e-14 -6.730387e-12 -4.659681e-09  7.854987e-03 -1.308607e-11 -1.407413e-07 -5.859573e-04
8.107450e+00  1.746311e-14 -4.809396e-12 -1.987379e-09  6.866248e-03 -9.609607e-12 -9.124314e-08 -4.926683e-04
8.297252e+00 -1.304133e-14  9.151594e-13 -1.211007e-09  6.047568e-03  1.465324e-12 -5.923750e-08 -4.185003e-04
8.475199e+00 -3.128257e-14  5.518879e-12 -1.412521e-09  5.369657e-03  1.059506e-11 -3.853584e-08 -3.593486e-04
8.640700e+00 -2.394151e-14  5.624566e-12 -1.593964e-09  4.808156e-03  1.107586e-11 -2.590706e-08 -3.120161e-04
8.793354e+00  1.369190e-15  1.637419e-12 -1.230687e-09  4.342932e-03  3.507869e-12 -1.887954e-08 -2.740158e-04
8.932947e+00  2.502342e-14 -3.244171e-12 -4.419834e-10  3.957412e-03 -6.000009e-12 -1.509079e-08 -2.434131e-04
9.059447e+00  3.104523e-14 -5.741996e-12  2.996487e-10  3.637993e-03 -1.105280e-11 -1.258339e-08 -2.187012e-04
9.172998e+00  1.697387e-14 -4.618745e-12  6.039972e-10  3.373517e-03 -9.128465e-12 -1.022920e-08 -1.987047e-04
9.273910e+00 -7.173500e-15 -9.733020e-13  4.091220e-10  3.154833e-03 -2.231842e-12 -7.780320e-09 -1.825032e-04
9.362642e+00 -2.724787e-14  2.940475e-12 -6.000347e-11  2.974417e-03  5.334638e-12 -5.531929e-09 -1.693733e-04
9.439784e+00 -3.351438e-14  5.208368e-12 -4.955203e-10  2.826065e-03  9.852960e-12 -3.871071e-09 -1.587433e-04
9.506039e+00 -2.447798e-14  5.113883e-12 -6.921962e-10  2.704635e-03  9.875246e-12 -2.974991e-09 -1.501579e-04
9.562202e+00 -5.457717e-15  3.119282e-12 -6.146123e-10  2.605843e-03  6.223674e-12 -2.748118e-09 -1.432520e-04
9.609136e+00  1.557654e-14  2.989305e-13 -3.550017e-10  2.526089e-03  9.222519e-13 -2.927413e-09 -1.377298e-04
9.647752e+00  3.193418e-14 -2.292948e-12 -4.730800e-11  2.462326e-03 -4.014698e-12 -3.231300e-09 -1.333495e-04
9.678982e+00  4.022460e-14 -4.006422e-12  2.025458e-10  2.411951e-03 -7.328184e-12 -3.462071e-09 -1.299111e-04
9.703762e+00  4.037158e-14 -4.670432e-12  3.453681e-10  2.372724e-03 -8.668726e-12 -3.535548e-09 -1.272473e-04
9.723005e+00  3.444513e-14 -4.461869e-12  3.826012e-10  2.342708e-03 -8.353964e-12 -3.457507e-09 -1.252170e-04
9.737589e+00  2.525627e-14 -3.711737e-12  3.442712e-10  2.320214e-03 -7.001741e-12 -3.280283e-09 -1.237002e-04
9.748339e+00  1.531556e-14 -2.747885e-12  2.672634e-10  2.303775e-03 -5.230013e-12 -3.064801e-09 -1.225943e-04
9.756007e+00  6.333912e-15 -1.810725e-12  1.817399e-10  2.292121e-03 -3.494666e-12 -2.858489e-09 -1.218115e-04
9.761270e+00 -8.343805e-16 -1.033480e-12  1.062741e-10  2.284155e-03 -2.050183e-12 -2.688287e-09 -1.212772e-04
9.764719e+00 -6.003563e-15 -4.606681e-13  4.877119e-11  2.278952e-03 -9.834922e-13 -2.563100e-09 -1.209284e-04
9.766852e+00 -9.396498e-15 -7.993637e-14  9.826333e-12  2.275739e-03 -2.736825e-13 -2.479956e-09 -1.207131e-04
9.768079e+00 -1.141675e-14  1.483788e-13 -1.377414e-11  2.273894e-03  1.522455e-13 -2.430112e-09 -1.205895e-04
9.768719e+00 -1.249202e-14  2.703634e-13 -2.645414e-11  2.272931e-03  3.798892e-13 -2.403484e-09 -1.205250e-04
9.769012e+00 -1.298805e-14  3.267407e-13 -3.233047e-11  2.272491e-03  4.851163e-13 -2.391179e-09 -1.204956e-04
9.769122e+00 -1.317489e-14  3.479940e-13 -3.454834e-11  2.272326e-03  5.247880e-13 -2.386540e-09 -1.204845e-04
9.769151e+00 -1.322579e-14  3.537853e-13 -3.515293e-11  2.272281e-03  5.355983e-13 -2.385276e-09 -1.204815e-04
9.769156e+00 -1.323330e-14  3.546405e-13 -3.524221e-11  2.272275e-03  5.371946e-13 -2.385089e-09 -1.204811e-04
9.769157e+00 -1.323352e-14  3.546673e-13 -3.524504e-11  2.272274e-03  5.372450e-13 -2.385080e-09 -1.204810e-04
9.769176e+00 -1.323257e-14  3.546434e-13 -3.524344e-11  2.272245e-03  5.372093e-13 -2.384987e-09 -1.204791e-04
9.769305e+00 -1.322614e-14  3.544814e-13 -3.523257e-11  2.272050e-03  5.369669e-13 -2.384355e-09 -1.204660e-04
9.769782e+00 -1.320255e-14  3.538861e-13 -3.519262e-11  2.271334e-03  5.360766e-13 -2.382034e-09 -1.204181e-04
9.771053e+00 -1.313980e-14  3.523028e-13 -3.508632e-11  2.269426e-03  5.337085e-13 -2.375855e-09 -1.202905e-04
9.773833e+00 -1.300316e-14  3.488551e-13 -3.485464e-11  2.265256e-03  5.285516e-13 -2.362384e-09 -1.200116e-04
9.779159e+00 -1.274416e-14  3.423182e-13 -3.441453e-11  2.257292e-03  5.187734e-13 -2.336773e-09 -1.194792e-04
9.788423e+00 -1.230201e-14  3.311546e-13 -3.366030e-11  2.243508e-03  5.020716e-13 -2.292821e-09 -1.185591e-04
9.803397e+00 -1.160915e-14  3.136492e-13 -3.247067e-11  2.221403e-03  4.758749e-13 -2.223329e-09 -1.170868e-04
9.826253e+00 -1.060230e-14  2.881834e-13 -3.072374e-11  2.188090e-03  4.377495e-13 -2.120892e-09 -1.148754e-04
9.859551e+00 -9.240006e-15  2.536691e-13 -2.832155e-11  2.140460e-03  3.860441e-13 -1.979209e-09 -1.117295e-04
9.906227e+00 -7.525424e-15  2.101157e-13 -2.522304e-11  2.075457e-03  3.207332e-13 -1.794873e-09 -1.074666e-04
9.969557e+00 -5.529621e-15  1.592120e-13 -2.148039e-11  1.990440e-03  2.442881e-13 -1.569400e-09 -1.019457e-04
1.005312e+01 -3.406275e-15  1.047026e-13 -1.726755e-11  1.883636e-03  1.622452e-13 -1.310946e-09 -9.510007e-05
1.016071e+01 -1.385451e-15  5.225276e-14 -1.288532e-11  1.754602e-03  8.302300e-14 -1.034913e-09 -8.696859e-05
1.029632e+01  2.643411e-16  8.536443e-15 -8.727340e-12  1.604630e-03  1.658817e-14 -7.625865e-10 -7.771861e-05
1.046400e+01  1.307015e-15 -2.049005e-14 -5.200858e-12  1.436989e-03 -2.809198e-14 -5.174151e-10 -6.765076e-05
1.066781e+01  1.626173e-15 -3.173136e-14 -2.615903e-12  1.256885e-03 -4.623457e-14 -3.193986e-10 -5.717947e-05
1.091168e+01  1.292893e-15 -2.664299e-14 -1.080230e-12  1.071095e-03 -3.978536e-14 -1.793172e-10 -4.678771e-05
1.119938e+01  5.706630e-16 -1.140757e-14 -4.515606e-13  8.872603e-04 -1.774998e-14 -9.530232e-11 -3.696226e-05
1.153435e+01 -1.678995e-16  5.032904e-15 -3.863732e-13  7.129725e-04  6.645039e-15 -5.389905e-11 -2.812346e-05
1.191965e+01 -5.929664e-16  1.463259e-14 -4.810899e-13  5.547981e-04  2.132902e-14 -3.588857e-11 -2.056708e-05
1.235784e+01 -5.675713e-16  1.389036e-14 -4.445785e-13  4.174841e-04  2.083234e-14 -2.444542e-11 -1.443302e-05
1.285091e+01 -2.061314e-16  5.318224e-15 -2.082587e-13  3.035085e-04  8.583203e-15 -1.138858e-11 -9.707381e-06
1.340020e+01  2.076191e-16 -4.473135e-15  9.455361e-14  2.130617e-04 -5.783966e-15  2.017791e-12 -6.253428e-06
1.400635e+01  4.040576e-16 -9.146238e-15  2.682491e-13  1.444189e-04 -1.283383e-14  9.936038e-12 -3.858583e-06
1.466922e+01  2.958679e-16 -6.666310e-15  2.176753e-13  9.456128e-05 -9.365083e-15  8.838441e-12 -2.282930e-06
1.538787e+01  1.446773e-17 -1.794138e-16  1.791234e-14  5.986502e-05  1.237614e-16  1.313731e-12 -1.298032e-06
1.616056e+01 -2.098188e-16  4.855893e-15 -1.556078e-13  3.669681e-05  7.551396e-15 -5.811560e-12 -7.112768e-07
1.698474e+01 -2.287520e-16  4.995282e-15 -1.728581e-13  2.182438e-05  7.687462e-15 -7.011534e-12 -3.761257e-07
1.785703e+01 -7.548408e-17  1.155058e-15 -4.710164e-14  1.262416e-05  1.798553e-15 -2.294398e-12 -1.913210e-07
1.877332e+01  9.022084e-17 -2.755731e-15  9.377113e-14  7.122752e-06 -4.225221e-15  3.468998e-12 -9.291941e-08
1.972878e+01  1.318265e-16 -3.475107e-15  1.287528e-13  3.931129e-06 -5.303389e-15  5.241005e-12 -4.318379e-08
2.071794e+01  4.547767e-17 -1.017388e-15  4.562902e-14  2.127933e-06 -1.298658e-15  2.144488e-12 -2.014546e-08
2.173476e+01 -5.998776e-17  1.854478e-15 -6.353167e-14  1.133076e-06  3.542362e-15 -2.333768e-12 -1.046670e-08
2.277275e+01 -7.894146e-17  2.480997e-15 -9.781595e-14  5.964691e-07  4.856588e-15 -4.006542e-12 -6.071778e-09
2.382505e+01 -5.136077e-18  6.607022e-16 -3.820945e-14  3.130836e-07  1.984944e-15 -1.799636e-12 -3.004070e-09
2.488458e+01  7.624955e-17 -1.545217e-15  4.721821e-14  1.654064e-07 -1.964435e-15  1.729459e-12 -4.604204e-10
2.594410e+01  7.962419e-17 -2.037092e-15  7.711839e-14  8.796751e-08 -3.379904e-15  3.203794e-12  8.939041e-10
2.699641e+01 -1.544249e-18 -6.160282e-16  3.203482e-14  4.622872e-08 -1.393108e-15  1.572771e-12  6.946299e-10
2.803440e+01 -9.796203e-17  1.100148e-15 -3.716534e-14  2.337182e-08  1.754586e-15 -1.288425e-12 -3.711284e-10
2.905122e+01 -1.356336e-16  1.417513e-15 -6.513837e-14  1.151102e-08  3.107490e-15 -2.674203e-12 -1.110151e-09
3.004038e+01 -1.004469e-16  1.340118e-16 -3.217450e-14  6.280031e-09  1.625241e-15 -1.547580e-12 -8.526415e-10
3.099584e+01 -3.963404e-17 -1.457992e-15  2.533376e-14  4.428476e-09 -1.247154e-15  8.176043e-13  8.568529e-11
3.191213e+01 -9.571866e-18 -1.900005e-15  5.475595e-14  3.519163e-09 -3.169823e-15  2.278492e-12  8.436405e-10
3.278442e+01 -2.511340e-17 -8.548227e-16  3.423073e-14  2.326566e-09 -2.916242e-15  1.737277e-12  8.281708e-10
3.360859e+01 -5.399444e-17  7.432553e-16 -1.408592e-14  8.482250e-10 -1.082589e-15 -1.560684e-13  1.532120e-10
3.438128e+01 -5.276655e-17  1.606881e-15 -4.885310e-14 -2.977989e-10  7.701864e-16 -1.830964e-12 -5.747576e-10
3.509994e+01 -6.518740e-18  1.147800e-15 -4.481636e-14 -6.350915e-10  1.496502e-15 -2.163588e-12 -8.098833e-10
3.576280e+01  6.066395e-17 -1.841344e-16 -8.929058e-15 -2.242058e-10  1.085343e-15 -1.209385e-12 -4.541407e-10
3.636895e+01  1.072487e-16 -1.383476e-15  3.040136e-14  4.545044e-10  3.592942e-16  8.897666e-14  1.679787e-10
3.691825e+01  1.054582e-16 -1.665335e-15  4.675302e-14  8.870001e-10  1.544689e-16  7.446066e-13  6.207642e-10
3.741132e+01  5.797280e-17 -9.314752e-16  3.240728e-14  8.365470e-10  7.107580e-16  3.875807e-13  6.609790e-10
3.784951e+01 -7.845103e-18  3.017210e-16 -8.811677e-16  4.009413e-10  1.631678e-15 -6.439613e-13  3.363357e-10
3.823481e+01 -5.913610e-17  1.323628e-15 -3.300080e-14 -1.385477e-10  2.273153e-15 -1.671461e-12 -1.190844e-10
3.856978e+01 -7.525489e-17  1.648987e-15 -4.825502e-14 -5.190145e-10  2.186034e-15 -2.136489e-12 -4.627666e-10
3.885747e+01 -5.459401e-17  1.201700e-15 -4.202610e-14 -6.193208e-10  1.329550e-15 -1.858410e-12 -5.679438e-10
3.910135e+01 -1.033834e-17  2.420699e-16 -1.982202e-14 -4.696415e-10  7.594155e-18 -1.017841e-12 -4.462317e-10
3.930515e+01  3.907414e-17 -8.378558e-16  8.099153e-15 -1.868875e-10 -1.346384e-15  2.732002e-14 -1.959194e-10
3.947283e+01  7.849359e-17 -1.706426e-15  3.230090e-14  1.030903e-10 -2.376580e-15  9.409899e-13  6.905084e-11
3.960844e+01  1.002571e-16 -2.191411e-15  4.734420e-14  3.157339e-10 -2.911149e-15  1.525944e-12  2.684476e-10
3.971604e+01  1.040432e-16 -2.281663e-15  5.219686e-14  4.209205e-10 -2.960407e-15  1.741866e-12  3.711750e-10
3.979960e+01  9.424384e-17 -2.071392e-15  4.889164e-14  4.304069e-10 -2.651039e-15  1.659208e-12  3.855937e-10
3.986293e+01  7.689134e-17 -1.692655e-15  4.071665e-14  3.763863e-10 -2.147912e-15  1.394864e-12  3.402086e-10
3.990960e+01  5.740302e-17 -1.265041e-15  3.079944e-14  2.932582e-10 -1.596490e-15  1.061151e-12  2.665354e-10
3.994290e+01  3.950333e-17 -8.712332e-16  2.137752e-14  2.073576e-10 -1.095583e-15  7.391596e-13  1.891299e-10
3.996576e+01  2.509535e-17 -5.537536e-16  1.365576e-14  1.340168e-10 -6.947490e-16  4.732270e-13  1.225141e-10
3.998073e+01  1.465607e-17 -3.235079e-16  8.002968e-15  7.911276e-11 -4.052921e-16  2.777199e-13  7.242592e-11
3.999000e+01  7.785418e-18 -1.718849e-16  4.260175e-15  4.229681e-11 -2.151506e-16  1.479595e-13  3.875514e-11
3.999532e+01  3.688239e-18 -8.143767e-17  2.020604e-15  2.011053e-11 -1.018863e-16  7.021004e-14  1.843560e-11
3.999810e+01  1.505762e-18 -3.324978e-17  8.254409e-16  8.225774e-12 -4.158805e-17  2.868854e-14  7.542587e-12
3.999937e+01  4.985808e-19 -1.100982e-17  2.733928e-16  2.726008e-12 -1.376923e-17  9.502921e-15  2.499889e-12
3.999985e+01  1.191301e-19 -2.630695e-18  6.533089e-17  6.515563e-13 -3.289887e-18  2.270943e-15  5.975362e-13
3.999998e+01  1.575686e-20 -3.479525e-19  8.641303e-18  8.618623e-14 -4.351363e-19  3.003805e-16  7.904151e-14
4.000000e+01  4.936284e-22 -1.090060e-20  2.707145e-19  2.700063e-15 -1.363186e-20  9.410329e-18  2.476236e-15
