376 8
 0 0 0 0 1 1 1 2
 2 2 2 2 6 6 1 10
 -3.700871e+02 -4.514034e+01 -5.188705e+00 -2.908727e-01 -4.003094e+01 -3.532082e+00 -7.062413e-02 -6.857276e-01
0.000000e+00  3.391862e+02  1.046358e+02 -4.049908e+01  1.062348e+01  6.646783e-06 -2.459338e-06  4.324266e-07 -4.084859e-07
3.278564e-09  3.391861e+02  1.046358e+02 -4.049908e+01  1.062348e+01  3.853918e-06 -1.387352e-06  2.432958e-07 -4.084846e-07
1.046582e-07  3.391851e+02  1.046355e+02 -4.049895e+01  1.062345e+01 -8.250684e-05  3.176052e-05 -5.604991e-06 -4.084481e-07
7.915214e-07  3.391779e+02  1.046333e+02 -4.049809e+01  1.062322e+01 -6.676073e-04  2.563398e-04 -4.522757e-05 -4.084001e-07
3.316517e-06  3.391513e+02  1.046251e+02 -4.049492e+01  1.062239e+01 -2.818403e-03  1.081880e-03 -1.908779e-04 -4.112029e-07
1.004733e-05  3.390805e+02  1.046033e+02 -4.048647e+01  1.062018e+01 -8.550904e-03  3.282187e-03 -5.790786e-04 -4.415570e-07
2.477810e-05  3.389257e+02  1.045555e+02 -4.046798e+01  1.061533e+01 -2.109263e-02  8.096079e-03 -1.428395e-03 -6.240813e-07
5.299135e-05  3.386294e+02  1.044641e+02 -4.043259e+01  1.060604e+01 -4.509730e-02  1.730980e-02 -3.053974e-03 -1.418346e-06
1.020609e-04  3.381147e+02  1.043052e+02 -4.037110e+01  1.058991e+01 -8.679712e-02  3.331545e-02 -5.877855e-03 -4.190273e-06
1.813877e-04  3.372843e+02  1.040488e+02 -4.027183e+01  1.056387e+01 -1.540758e-01  5.913901e-02 -1.043391e-02 -1.240004e-05
3.024627e-04  3.360208e+02  1.036583e+02 -4.012068e+01  1.052422e+01 -2.564430e-01  9.843061e-02 -1.736614e-02 -3.378993e-05
4.788527e-04  3.341885e+02  1.030915e+02 -3.990124e+01  1.046666e+01 -4.048910e-01  1.554092e-01 -2.741889e-02 -8.403585e-05
7.261078e-04  3.316371e+02  1.023012e+02 -3.959517e+01  1.038637e+01 -6.116123e-01  2.347545e-01 -4.141778e-02 -1.923512e-04
1.061591e-03  3.282067e+02  1.012363e+02 -3.918270e+01  1.027816e+01 -8.895641e-01  3.414389e-01 -6.024010e-02 -4.094639e-04
1.504231e-03  3.237352e+02  9.984453e+01 -3.864343e+01  1.013668e+01 -1.251872e+00  4.804983e-01 -8.477431e-02 -8.181976e-04
2.074209e-03  3.180679e+02  9.807435e+01 -3.795725e+01  9.956654e+00 -1.711074e+00  6.567413e-01 -1.158687e-01 -1.546548e-03
2.792580e-03  3.110674e+02  9.587806e+01 -3.710543e+01  9.733155e+00 -2.278239e+00  8.744068e-01 -1.542710e-01 -2.782669e-03
3.680838e-03  3.026261e+02  9.321511e+01 -3.607194e+01  9.461965e+00 -2.961984e+00  1.136785e+00 -2.005614e-01 -4.790592e-03
4.760448e-03  2.926773e+02  9.005547e+01 -3.484471e+01  9.139906e+00 -3.767479e+00  1.445829e+00 -2.550840e-01 -7.924880e-03
6.052333e-03  2.812057e+02  8.638290e+01 -3.341690e+01  8.765168e+00 -4.695513e+00  1.801788e+00 -3.178818e-01 -1.264187e-02
7.576358e-03  2.682557e+02  8.219777e+01 -3.178804e+01  8.337605e+00 -5.741726e+00  2.202901e+00 -3.886425e-01 -1.950484e-02
9.350803e-03  2.539357e+02  7.751911e+01 -2.996482e+01  7.858952e+00 -6.896112e+00  2.645192e+00 -4.666628e-01 -2.918044e-02
1.139185e-02  2.384181e+02  7.238557e+01 -2.796156e+01  7.332942e+00 -8.142887e+00  3.122407e+00 -5.508357e-01 -4.242418e-02
1.371307e-02  2.219331e+02  6.685507e+01 -2.580010e+01  6.765290e+00 -9.460788e+00  3.626111e+00 -6.396684e-01 -6.005390e-02
1.632504e-02  2.047587e+02  6.100310e+01 -2.350927e+01  6.163544e+00 -1.082382e+01  4.145961e+00 -7.313300e-01 -8.291117e-02
1.923484e-02  1.872054e+02  5.491955e+01 -2.112374e+01  5.536796e+00 -1.220244e+01  4.670148e+00 -8.237296e-01 -1.118128e-01
2.244580e-02  1.695975e+02  4.870448e+01 -1.868247e+01  4.895273e+00 -1.356504e+01  5.185982e+00 -9.146186e-01 -1.474954e-01
2.595722e-02  1.522548e+02  4.246309e+01 -1.622679e+01  4.249836e+00 -1.487971e+01  5.680562e+00 -1.001710e+00 -1.905590e-01
2.976415e-02  1.354735e+02  3.630028e+01 -1.379834e+01  3.611447e+00 -1.611600e+01  6.141482e+00 -1.082804e+00 -2.414133e-01
3.385735e-02  1.195112e+02  3.031540e+01 -1.143702e+01  2.990618e+00 -1.724661e+01  6.557518e+00 -1.155907e+00 -3.002345e-01
3.822326e-02  1.045753e+02  2.459762e+01 -9.179131e+00  2.396930e+00 -1.824879e+01  6.919213e+00 -1.219339e+00 -3.669364e-01
4.284407e-02  9.081664e+01  1.922217e+01 -7.055799e+00  1.838615e+00 -1.910540e+01  7.219330e+00 -1.271813e+00 -4.411586e-01
4.769797e-02  7.832846e+01  1.424789e+01 -5.091903e+00  1.322270e+00 -1.980551e+01  7.453139e+00 -1.312487e+00 -5.222746e-01
5.275935e-02  6.714918e+01  9.715979e+00 -3.305440e+00  8.526831e-01 -2.034451e+01  7.618512e+00 -1.340980e+00 -6.094176e-01
5.799924e-02  5.726910e+01  5.650029e+00 -1.707386e+00  4.327933e-01 -2.072379e+01  7.715845e+00 -1.357360e+00 -7.015227e-01
6.338567e-02  4.863919e+01  2.057130e+00 -3.019954e-01  6.376604e-02 -2.095013e+01  7.747825e+00 -1.362105e+00 -7.973794e-01
6.888423e-02  4.118088e+01 -1.070184e+00  9.125420e-01 -2.548397e-01 -2.103471e+01  7.719081e+00 -1.356037e+00 -8.956911e-01
7.445863e-02  3.479581e+01 -3.751425e+00  1.943192e+00 -5.248341e-01 -2.099203e+01  7.635757e+00 -1.340254e+00 -9.951350e-01
8.007127e-02  2.937465e+01 -6.015392e+00  2.801021e+00 -7.491200e-01 -2.083886e+01  7.505055e+00 -1.316039e+00 -1.094419e+00
8.568391e-02  2.480452e+01 -7.897378e+00  3.500093e+00 -9.314034e-01 -2.059311e+01  7.334794e+00 -1.284789e+00 -1.192331e+00
9.125831e-02  2.097473e+01 -9.436586e+00  4.056411e+00 -1.075913e+00 -2.027291e+01  7.132995e+00 -1.247937e+00 -1.287778e+00
9.675688e-02  1.778089e+01 -1.067386e+01  4.486959e+00 -1.187147e+00 -1.989588e+01  6.907532e+00 -1.206894e+00 -1.379814e+00
1.021433e-01  1.512749e+01 -1.164981e+01  4.808885e+00 -1.269654e+00 -1.947845e+01  6.665851e+00 -1.162991e+00 -1.467657e+00
1.073832e-01  1.292931e+01 -1.240340e+01  5.038853e+00 -1.327860e+00 -1.903552e+01  6.414769e+00 -1.117449e+00 -1.550695e+00
1.124446e-01  1.111180e+01 -1.297092e+01  5.192554e+00 -1.365938e+00 -1.858019e+01  6.160328e+00 -1.071351e+00 -1.628482e+00
1.172985e-01  9.610814e+00 -1.338534e+01  5.284370e+00 -1.387716e+00 -1.812362e+01  5.907734e+00 -1.025628e+00 -1.700731e+00
1.219193e-01  8.371895e+00 -1.367594e+01  5.327179e+00 -1.396623e+00 -1.767506e+01  5.661327e+00 -9.810576e-01 -1.767292e+00
1.262852e-01  7.349328e+00 -1.386827e+01  5.332266e+00 -1.395664e+00 -1.724194e+01  5.424609e+00 -9.382667e-01 -1.828142e+00
1.303784e-01  6.505066e+00 -1.398420e+01  5.309326e+00 -1.387423e+00 -1.682999e+01  5.200293e+00 -8.977394e-01 -1.883357e+00
1.341853e-01  5.807664e+00 -1.404215e+01  5.266525e+00 -1.374074e+00 -1.644344e+01  4.990370e+00 -8.598309e-01 -1.933097e+00
1.376967e-01  5.231272e+00 -1.405739e+01  5.210605e+00 -1.357409e+00 -1.608517e+01  4.796196e+00 -8.247814e-01 -1.977586e+00
1.409077e-01  4.754714e+00 -1.404234e+01  5.147025e+00 -1.338880e+00 -1.575695e+01  4.618570e+00 -7.927316e-01 -2.017097e+00
1.438175e-01  4.360682e+00 -1.400699e+01  5.080095e+00 -1.319628e+00 -1.545959e+01  4.457821e+00 -7.637374e-01 -2.051932e+00
1.464295e-01  4.035038e+00 -1.395915e+01  5.013131e+00 -1.300530e+00 -1.519311e+01  4.313886e+00 -7.377843e-01 -2.082415e+00
1.487507e-01  3.766228e+00 -1.390485e+01  4.948597e+00 -1.282233e+00 -1.495690e+01  4.186380e+00 -7.148002e-01 -2.108883e+00
1.507917e-01  3.544789e+00 -1.384859e+01  4.888236e+00 -1.265192e+00 -1.474984e+01  4.074659e+00 -6.946670e-01 -2.131672e+00
1.525662e-01  3.362944e+00 -1.379362e+01  4.833192e+00 -1.249702e+00 -1.457041e+01  3.977881e+00 -6.772306e-01 -2.151117e+00
1.540902e-01  3.214270e+00 -1.374216e+01  4.784125e+00 -1.235928e+00 -1.441679e+01  3.895051e+00 -6.623103e-01 -2.167546e+00
1.553821e-01  3.093430e+00 -1.369562e+01  4.741304e+00 -1.223930e+00 -1.428696e+01  3.825066e+00 -6.497060e-01 -2.181276e+00
1.564617e-01  2.995959e+00 -1.365476e+01  4.704695e+00 -1.213687e+00 -1.417876e+01  3.766750e+00 -6.392050e-01 -2.192612e+00
1.573500e-01  2.918084e+00 -1.361985e+01  4.674034e+00 -1.205118e+00 -1.408996e+01  3.718892e+00 -6.305883e-01 -2.201845e+00
1.580683e-01  2.856595e+00 -1.359079e+01  4.648892e+00 -1.198097e+00 -1.401829e+01  3.680272e+00 -6.236355e-01 -2.209250e+00
1.586383e-01  2.808737e+00 -1.356722e+01  4.628729e+00 -1.192471e+00 -1.396152e+01  3.649683e+00 -6.181291e-01 -2.215086e+00
1.590810e-01  2.772127e+00 -1.354861e+01  4.612943e+00 -1.188068e+00 -1.391749e+01  3.625963e+00 -6.138594e-01 -2.219594e+00
1.594164e-01  2.744701e+00 -1.353432e+01  4.600906e+00 -1.184712e+00 -1.388416e+01  3.608005e+00 -6.106271e-01 -2.222997e+00
1.596637e-01  2.724662e+00 -1.352370e+01  4.591995e+00 -1.182229e+00 -1.385961e+01  3.594781e+00 -6.082470e-01 -2.225497e+00
1.598401e-01  2.710457e+00 -1.351607e+01  4.585617e+00 -1.180451e+00 -1.384211e+01  3.585353e+00 -6.065502e-01 -2.227277e+00
1.599612e-01  2.700749e+00 -1.351081e+01  4.581229e+00 -1.179229e+00 -1.383010e+01  3.578884e+00 -6.053860e-01 -2.228496e+00
1.600405e-01  2.694408e+00 -1.350735e+01  4.578350e+00 -1.178427e+00 -1.382224e+01  3.574647e+00 -6.046235e-01 -2.229295e+00
1.600896e-01  2.690493e+00 -1.350521e+01  4.576568e+00 -1.177930e+00 -1.381737e+01  3.572027e+00 -6.041519e-01 -2.229788e+00
1.601178e-01  2.688244e+00 -1.350398e+01  4.575542e+00 -1.177645e+00 -1.381458e+01  3.570521e+00 -6.038808e-01 -2.230072e+00
1.601325e-01  2.687071e+00 -1.350333e+01  4.575007e+00 -1.177495e+00 -1.381312e+01  3.569734e+00 -6.037392e-01 -2.230220e+00
1.601392e-01  2.686535e+00 -1.350304e+01  4.574762e+00 -1.177427e+00 -1.381245e+01  3.569375e+00 -6.036746e-01 -2.230287e+00
1.601418e-01  2.686334e+00 -1.350293e+01  4.574670e+00 -1.177402e+00 -1.381220e+01  3.569240e+00 -6.036503e-01 -2.230313e+00
1.601424e-01  2.686280e+00 -1.350290e+01  4.574645e+00 -1.177395e+00 -1.381213e+01  3.569203e+00 -6.036437e-01 -2.230320e+00
1.601425e-01  2.686272e+00 -1.350289e+01  4.574641e+00 -1.177394e+00 -1.381212e+01  3.569198e+00 -6.036427e-01 -2.230321e+00
1.601426e-01  2.686270e+00 -1.350289e+01  4.574641e+00 -1.177394e+00 -1.381212e+01  3.569197e+00 -6.036426e-01 -2.230321e+00
1.601430e-01  2.686237e+00 -1.350288e+01  4.574626e+00 -1.177389e+00 -1.381208e+01  3.569175e+00 -6.036386e-01 -2.230325e+00
1.601458e-01  2.686015e+00 -1.350275e+01  4.574524e+00 -1.177361e+00 -1.381180e+01  3.569026e+00 -6.036118e-01 -2.230353e+00
1.601560e-01  2.685198e+00 -1.350230e+01  4.574151e+00 -1.177257e+00 -1.381078e+01  3.568478e+00 -6.035131e-01 -2.230456e+00
1.601834e-01  2.683020e+00 -1.350111e+01  4.573155e+00 -1.176980e+00 -1.380807e+01  3.567016e+00 -6.032500e-01 -2.230731e+00
1.602433e-01  2.678260e+00 -1.349848e+01  4.570973e+00 -1.176372e+00 -1.380213e+01  3.563818e+00 -6.026745e-01 -2.231333e+00
1.603581e-01  2.669167e+00 -1.349343e+01  4.566790e+00 -1.175207e+00 -1.379077e+01  3.557694e+00 -6.015724e-01 -2.232484e+00
1.605577e-01  2.653426e+00 -1.348462e+01  4.559498e+00 -1.173176e+00 -1.377100e+01  3.547049e+00 -5.996566e-01 -2.234483e+00
1.608803e-01  2.628177e+00 -1.347026e+01  4.547665e+00 -1.169882e+00 -1.373908e+01  3.529853e+00 -5.965621e-01 -2.237705e+00
1.613728e-01  2.590105e+00 -1.344810e+01  4.529499e+00 -1.164826e+00 -1.369041e+01  3.503640e+00 -5.918452e-01 -2.242602e+00
1.620903e-01  2.535630e+00 -1.341526e+01  4.502814e+00 -1.157403e+00 -1.361964e+01  3.465523e+00 -5.849869e-01 -2.249689e+00
1.630960e-01  2.461205e+00 -1.336820e+01  4.464979e+00 -1.146887e+00 -1.352071e+01  3.412242e+00 -5.754010e-01 -2.259532e+00
1.644606e-01  2.363726e+00 -1.330246e+01  4.412876e+00 -1.132418e+00 -1.338698e+01  3.340231e+00 -5.624478e-01 -2.272716e+00
1.662611e-01  2.241029e+00 -1.321257e+01  4.342858e+00 -1.112998e+00 -1.321148e+01  3.245739e+00 -5.454545e-01 -2.289810e+00
1.685795e-01  2.092421e+00 -1.309192e+01  4.250726e+00 -1.087481e+00 -1.298713e+01  3.124970e+00 -5.237425e-01 -2.311320e+00
1.715015e-01  1.919156e+00 -1.293268e+01  4.131764e+00 -1.054588e+00 -1.270714e+01  2.974290e+00 -4.966638e-01 -2.337632e+00
1.751145e-01  1.724722e+00 -1.272596e+01  3.980870e+00 -1.012945e+00 -1.236547e+01  2.790464e+00 -4.636458e-01 -2.368947e+00
1.795059e-01  1.514854e+00 -1.246223e+01  3.792804e+00 -9.611502e-01 -1.195733e+01  2.570957e+00 -4.242460e-01 -2.405216e+00
1.847607e-01  1.297162e+00 -1.213201e+01  3.562611e+00 -8.978950e-01 -1.147981e+01  2.314266e+00 -3.782124e-01 -2.446075e+00
1.909597e-01  1.080387e+00 -1.172694e+01  3.286192e+00 -8.221196e-01 -1.093249e+01  2.020265e+00 -3.255481e-01 -2.490795e+00
1.981774e-01  8.733902e-01 -1.124103e+01  2.961014e+00 -7.332077e-01 -1.031798e+01  1.690536e+00 -2.665713e-01 -2.538247e+00
2.064794e-01  6.840390e-01 -1.067204e+01  2.586840e+00 -6.311896e-01 -9.642321e+00  1.328622e+00 -2.019629e-01 -2.586904e+00
2.159211e-01  5.182529e-01 -1.002261e+01  2.166378e+00 -5.169204e-01 -8.915116e+00  9.401477e-01 -1.327888e-01 -2.634875e+00
2.265454e-01  3.794041e-01 -9.300921e+00  1.705698e+00 -3.921936e-01 -8.149287e+00  5.327555e-01 -6.048924e-02 -2.679987e+00
2.383811e-01  2.681971e-01 -8.520739e+00  1.214265e+00 -2.597526e-01 -7.360456e+00  1.158169e-01  1.317399e-02 -2.719901e+00
2.514418e-01  1.830124e-01 -7.700567e+00  7.045390e-01 -1.231796e-01 -6.565959e+00 -3.000796e-01  8.621166e-02 -2.752273e+00
2.657247e-01  1.205758e-01 -6.862153e+00  1.911365e-01  1.333916e-02 -5.783594e+00 -7.038266e-01  1.565364e-01 -2.774919e+00
2.812096e-01  7.675009e-02 -6.028485e+00 -3.103502e-01  1.453439e-01 -5.030283e+00 -1.084602e+00  2.221129e-01 -2.785995e+00
2.978589e-01  4.725635e-02 -5.221652e+00 -7.846969e-01  2.684820e-01 -4.320829e+00 -1.432678e+00  2.811099e-01 -2.784137e+00
3.156174e-01  2.819725e-02 -4.460925e+00 -1.218352e+00  3.788810e-01 -3.666949e+00 -1.740119e+00  3.320337e-01 -2.768572e+00
3.344127e-01  1.634628e-02 -3.761338e+00 -1.600507e+00  4.734598e-01 -3.076699e+00 -2.001286e+00  3.738260e-01 -2.739165e+00
3.541562e-01  9.234101e-03 -3.132948e+00 -1.923792e+00  5.501363e-01 -2.554340e+00 -2.213092e+00  4.059147e-01 -2.696411e+00
3.747436e-01  5.097418e-03 -2.580766e+00 -2.184545e+00  6.079132e-01 -2.100588e+00 -2.374983e+00  4.282164e-01 -2.641375e+00
3.960570e-01  2.754962e-03 -2.105257e+00 -2.382661e+00  6.468439e-01 -1.713172e+00 -2.488706e+00  4.410933e-01 -2.575584e+00
4.179666e-01  1.460064e-03 -1.703219e+00 -2.521108e+00  6.679007e-01 -1.387561e+00 -2.557887e+00  4.452776e-01 -2.500900e+00
4.403322e-01  7.622801e-04 -1.368827e+00 -2.605238e+00  6.727755e-01 -1.117734e+00 -2.587526e+00  4.417743e-01 -2.419376e+00
4.630064e-01  3.970239e-04 -1.094677e+00 -2.641999e+00  6.636514e-01 -8.968995e-01 -2.583457e+00  4.317586e-01 -2.333118e+00
4.858360e-01  2.101365e-04 -8.726808e-01 -2.639172e+00  6.429737e-01 -7.180872e-01 -2.551847e+00  4.164781e-01 -2.244168e+00
5.086657e-01  1.133828e-04 -6.947727e-01 -2.604706e+00  6.132490e-01 -5.745918e-01 -2.498779e+00  3.971694e-01 -2.154403e+00
5.313398e-01  5.992386e-05 -5.533877e-01 -2.546199e+00  5.768835e-01 -4.602658e-01 -2.429932e+00  3.749938e-01 -2.065468e+00
5.537055e-01  2.868778e-05 -4.417517e-01 -2.470543e+00  5.360690e-01 -3.696804e-01 -2.350369e+00  3.509932e-01 -1.978746e+00
5.756150e-01  1.187752e-05 -3.540127e-01 -2.383712e+00  4.927139e-01 -2.981844e-01 -2.264426e+00  3.260655e-01 -1.895341e+00
5.969285e-01  5.568223e-06 -2.852577e-01 -2.290686e+00  4.484123e-01 -2.418892e-01 -2.175679e+00  3.009560e-01 -1.816090e+00
6.175159e-01  5.219068e-06 -2.314555e-01 -2.195459e+00  4.044436e-01 -1.976081e-01 -2.086972e+00  2.762602e-01 -1.741588e+00
6.372593e-01  5.934067e-06 -1.893574e-01 -2.101113e+00  3.617922e-01 -1.627705e-01 -2.000480e+00  2.524355e-01 -1.672216e+00
6.560547e-01  4.708346e-06 -1.563815e-01 -2.009934e+00  3.211798e-01 -1.353288e-01 -1.917796e+00  2.298170e-01 -1.608178e+00
6.738132e-01  1.571738e-06 -1.304978e-01 -1.923530e+00  2.831041e-01 -1.136681e-01 -1.840022e+00  2.086354e-01 -1.549531e+00
6.904625e-01 -1.467836e-06 -1.101236e-01 -1.842960e+00  2.478771e-01 -9.652360e-02 -1.767862e+00  1.890350e-01 -1.496221e+00
7.059474e-01 -2.555611e-06 -9.403231e-02 -1.768847e+00  2.156632e-01 -8.291088e-02 -1.701703e+00  1.710911e-01 -1.448104e+00
7.202302e-01 -1.417670e-06 -8.127786e-02 -1.701479e+00  1.865118e-01 -7.206619e-02 -1.641688e+00  1.548243e-01 -1.404978e+00
7.332910e-01  7.344353e-07 -7.113213e-02 -1.640894e+00  1.603862e-01 -6.339829e-02 -1.587779e+00  1.402138e-01 -1.366592e+00
7.451267e-01  2.318874e-06 -6.303488e-02 -1.586948e+00  1.371869e-01 -5.644952e-02 -1.539804e+00  1.272081e-01 -1.332667e+00
7.557510e-01  2.456313e-06 -5.655428e-02 -1.539369e+00  1.167705e-01 -5.086507e-02 -1.497496e+00  1.157333e-01 -1.302905e+00
7.651927e-01  1.306877e-06 -5.135647e-02 -1.497799e+00  9.896444e-02 -4.636914e-02 -1.460527e+00  1.057003e-01 -1.277000e+00
7.734947e-01 -3.082166e-07 -4.718243e-02 -1.461827e+00  8.357852e-02 -4.274655e-02 -1.428524e+00  9.700965e-02 -1.254641e+00
7.807123e-01 -1.536939e-06 -4.383024e-02 -1.431008e+00  7.041279e-02 -3.982865e-02 -1.401095e+00  8.955607e-02 -1.235517e+00
7.869114e-01 -1.932822e-06 -4.114172e-02 -1.404885e+00  5.926393e-02 -3.748250e-02 -1.377833e+00  8.323111e-02 -1.219324e+00
7.921662e-01 -1.533619e-06 -3.899204e-02 -1.382995e+00  4.992960e-02 -3.560253e-02 -1.358331e+00  7.792569e-02 -1.205764e+00
7.965576e-01 -6.802203e-07 -3.728181e-02 -1.364883e+00  4.221164e-02 -3.410416e-02 -1.342188e+00  7.353184e-02 -1.194549e+00
8.001706e-01  2.311022e-07 -3.593102e-02 -1.350106e+00  3.591836e-02 -3.291889e-02 -1.329012e+00  6.994408e-02 -1.185401e+00
8.030926e-01  9.205885e-07 -3.487447e-02 -1.338238e+00  3.086639e-02 -3.199062e-02 -1.318427e+00  6.706065e-02 -1.178054e+00
8.054110e-01  1.278749e-06 -3.405838e-02 -1.328875e+00  2.688202e-02 -3.127285e-02 -1.310073e+00  6.478441e-02 -1.172257e+00
8.072115e-01  1.332975e-06 -3.343790e-02 -1.321636e+00  2.380250e-02 -3.072665e-02 -1.303613e+00  6.302378e-02 -1.167776e+00
8.085761e-01  1.180737e-06 -3.297523e-02 -1.316169e+00  2.147708e-02 -3.031909e-02 -1.298733e+00  6.169350e-02 -1.164391e+00
8.095818e-01  9.303053e-07 -3.263840e-02 -1.312150e+00  1.976795e-02 -3.002221e-02 -1.295145e+00  6.071535e-02 -1.161903e+00
8.102992e-01  6.662186e-07 -3.240024e-02 -1.309288e+00  1.855114e-02 -2.981222e-02 -1.292590e+00  6.001873e-02 -1.160131e+00
8.107917e-01  4.385734e-07 -3.223780e-02 -1.307326e+00  1.771709e-02 -2.966894e-02 -1.290838e+00  5.954114e-02 -1.158916e+00
8.111144e-01  2.672632e-07 -3.213181e-02 -1.306042e+00  1.717116e-02 -2.957545e-02 -1.289692e+00  5.922848e-02 -1.158121e+00
8.113140e-01  1.520502e-07 -3.206643e-02 -1.305248e+00  1.683367e-02 -2.951776e-02 -1.288983e+00  5.903518e-02 -1.157629e+00
8.114287e-01  8.250403e-08 -3.202890e-02 -1.304792e+00  1.663970e-02 -2.948465e-02 -1.288575e+00  5.892407e-02 -1.157347e+00
8.114887e-01  4.521632e-08 -3.200932e-02 -1.304554e+00  1.653844e-02 -2.946738e-02 -1.288363e+00  5.886607e-02 -1.157199e+00
8.115160e-01  2.795361e-08 -3.200038e-02 -1.304445e+00  1.649218e-02 -2.945949e-02 -1.288265e+00  5.883957e-02 -1.157132e+00
8.115263e-01  2.144108e-08 -3.199703e-02 -1.304404e+00  1.647483e-02 -2.945653e-02 -1.288229e+00  5.882963e-02 -1.157107e+00
8.115291e-01  1.966605e-08 -3.199612e-02 -1.304393e+00  1.647011e-02 -2.945572e-02 -1.288219e+00  5.882692e-02 -1.157100e+00
8.115295e-01  1.940393e-08 -3.199598e-02 -1.304391e+00  1.646941e-02 -2.945560e-02 -1.288218e+00  5.882652e-02 -1.157099e+00
8.115296e-01  1.939543e-08 -3.199597e-02 -1.304391e+00  1.646932e-02 -2.945559e-02 -1.288217e+00  5.882647e-02 -1.157099e+00
8.115308e-01  1.939477e-08 -3.199555e-02 -1.304386e+00  1.646719e-02 -2.945522e-02 -1.288213e+00  5.882525e-02 -1.157096e+00
8.115394e-01  1.939024e-08 -3.199276e-02 -1.304352e+00  1.645272e-02 -2.945276e-02 -1.288183e+00  5.881696e-02 -1.157075e+00
8.115709e-01  1.937362e-08 -3.198248e-02 -1.304227e+00  1.639956e-02 -2.944369e-02 -1.288071e+00  5.878651e-02 -1.156997e+00
8.116547e-01  1.932939e-08 -3.195510e-02 -1.303894e+00  1.625787e-02 -2.941954e-02 -1.287773e+00  5.870534e-02 -1.156791e+00
8.118383e-01  1.923289e-08 -3.189525e-02 -1.303165e+00  1.594786e-02 -2.936674e-02 -1.287122e+00  5.852774e-02 -1.156339e+00
8.121899e-01  1.904932e-08 -3.178095e-02 -1.301769e+00  1.535450e-02 -2.926589e-02 -1.285875e+00  5.818778e-02 -1.155475e+00
8.128014e-01  1.873389e-08 -3.158313e-02 -1.299344e+00  1.432367e-02 -2.909132e-02 -1.283709e+00  5.759706e-02 -1.153973e+00
8.137899e-01  1.823414e-08 -3.126593e-02 -1.295430e+00  1.266038e-02 -2.881132e-02 -1.280214e+00  5.664362e-02 -1.151549e+00
8.152987e-01  1.749504e-08 -3.078792e-02 -1.289473e+00  1.012925e-02 -2.838916e-02 -1.274893e+00  5.519201e-02 -1.147860e+00
8.174968e-01  1.646770e-08 -3.010459e-02 -1.280832e+00  6.458050e-03 -2.778522e-02 -1.267171e+00  5.308506e-02 -1.142508e+00
8.205780e-01  1.512138e-08 -2.917221e-02 -1.268791e+00  1.344539e-03 -2.696029e-02 -1.256408e+00  5.014731e-02 -1.135047e+00
8.247587e-01  1.345749e-08 -2.795317e-02 -1.252588e+00 -5.532651e-03 -2.588018e-02 -1.241917e+00  4.619057e-02 -1.125005e+00
8.302747e-01  1.152225e-08 -2.642243e-02 -1.231450e+00 -1.449886e-02 -2.452125e-02 -1.222999e+00  4.102171e-02 -1.111894e+00
8.373776e-01  9.412821e-09 -2.457425e-02 -1.204633e+00 -2.586370e-02 -2.287635e-02 -1.198976e+00  3.445269e-02 -1.095244e+00
8.463297e-01  7.271360e-09 -2.242811e-02 -1.171481e+00 -3.989709e-02 -2.096003e-02 -1.169238e+00  2.631283e-02 -1.074626e+00
8.573988e-01  5.263488e-09 -2.003205e-02 -1.131487e+00 -5.680162e-02 -1.881182e-02 -1.133300e+00  1.646293e-02 -1.049689e+00
8.708525e-01  3.543108e-09 -1.746218e-02 -1.084360e+00 -7.668285e-02 -1.649612e-02 -1.090854e+00  4.810505e-03 -1.020194e+00
8.869516e-01  2.213021e-09 -1.481712e-02 -1.030090e+00 -9.951995e-02 -1.409800e-02 -1.041828e+00 -8.674882e-03 -9.860412e-01
9.059434e-01  1.296747e-09 -1.220780e-02 -9.690046e-01 -1.251400e-01 -1.171477e-02 -9.864311e-01 -2.394793e-02 -9.473024e-01
9.280559e-01  7.363335e-10 -9.743771e-03 -9.018018e-01 -1.532004e-01 -9.444470e-03 -9.251879e-01 -4.087732e-02 -9.042326e-01
9.534907e-01  4.210806e-10 -7.519086e-03 -8.295551e-01 -1.831834e-01 -7.373550e-03 -8.589454e-01 -5.924101e-02 -8.572751e-01
9.824170e-01  2.358626e-10 -5.600591e-03 -7.536780e-01 -2.144068e-01 -5.566275e-03 -7.888514e-01 -7.872887e-02 -8.070499e-01
1.014966e+00  1.046817e-10 -4.021538e-03 -6.758480e-01 -2.460532e-01 -4.058304e-03 -7.162993e-01 -9.895365e-02 -7.543256e-01
1.051227e+00  5.781510e-12 -2.781602e-03 -5.978928e-01 -2.772164e-01 -2.855670e-03 -6.428424e-01 -1.194703e-01 -6.999785e-01
1.091241e+00 -4.800655e-11 -1.852724e-03 -5.216536e-01 -3.069615e-01 -1.938876e-03 -5.700871e-01 -1.398022e-01 -6.449414e-01
1.134999e+00 -4.630486e-11 -1.188594e-03 -4.488415e-01 -3.343919e-01 -1.270518e-03 -4.995772e-01 -1.594712e-01 -5.901486e-01
1.182440e+00 -6.202089e-12 -7.350138e-04 -3.809106e-01 -3.587150e-01 -8.041434e-04 -4.326858e-01 -1.780288e-01 -5.364827e-01
1.233448e+00  3.336400e-11 -4.387069e-04 -3.189643e-01 -3.792969e-01 -4.922331e-04 -3.705289e-01 -1.950836e-01 -4.847294e-01
1.287854e+00  4.019067e-11 -2.532192e-04 -2.637064e-01 -3.957018e-01 -2.919325e-04 -3.139113e-01 -2.103230e-01 -4.355433e-01
1.345437e+00  1.311070e-11 -1.416815e-04 -2.154402e-01 -4.077089e-01 -1.681396e-04 -2.633074e-01 -2.235266e-01 -3.894289e-01
1.405925e+00 -2.044252e-11 -7.706352e-05 -1.741074e-01 -4.153094e-01 -9.430017e-05 -2.188771e-01 -2.345704e-01 -3.467342e-01
1.468998e+00 -3.094815e-11 -4.087377e-05 -1.393573e-01 -4.186854e-01 -5.165699e-05 -1.805066e-01 -2.434234e-01 -3.076570e-01
1.534295e+00 -1.268424e-11 -2.121246e-05 -1.106294e-01 -4.181748e-01 -2.773218e-05 -1.478669e-01 -2.501373e-01 -2.722608e-01
1.601419e+00  1.402273e-11 -1.081767e-05 -8.723755e-02 -4.142301e-01 -1.464788e-05 -1.204780e-01 -2.548321e-01 -2.404958e-01
1.669940e+00  2.408300e-11 -5.451387e-06 -6.844391e-02 -4.073746e-01 -7.647736e-06 -9.777106e-02 -2.576794e-01 -2.122235e-01
1.739407e+00  1.077654e-11 -2.731410e-06 -5.351831e-02 -3.981620e-01 -3.967058e-06 -7.914233e-02 -2.588856e-01 -1.872410e-01
1.809349e+00 -1.057163e-11 -1.365225e-06 -4.177936e-02 -3.871427e-01 -2.052677e-06 -6.399478e-02 -2.586763e-01 -1.653030e-01
1.879292e+00 -1.941899e-11 -6.786698e-07 -3.261923e-02 -3.748368e-01 -1.060880e-06 -5.176784e-02 -2.572835e-01 -1.461412e-01
1.948758e+00 -9.337263e-12 -3.341303e-07 -2.551475e-02 -3.617160e-01 -5.478751e-07 -4.195548e-02 -2.549342e-01 -1.294797e-01
2.017280e+00  8.120332e-12 -1.652761e-07 -2.002843e-02 -3.481921e-01 -2.846840e-07 -3.411491e-02 -2.518429e-01 -1.150468e-01
2.084403e+00  1.631111e-11 -8.633549e-08 -1.580302e-02 -3.346123e-01 -1.518434e-07 -2.786839e-02 -2.482058e-01 -1.025830e-01
2.149701e+00  9.030602e-12 -4.956231e-08 -1.255243e-02 -3.212594e-01 -8.487540e-08 -2.290021e-02 -2.441978e-01 -9.184691e-02
2.212774e+00 -5.550568e-12 -2.924086e-08 -1.005115e-02 -3.083549e-01 -4.907912e-08 -1.895092e-02 -2.399708e-01 -8.261802e-02
2.273262e+00 -1.405745e-11 -1.497480e-08 -8.123638e-03 -2.960652e-01 -2.771481e-08 -1.581016e-02 -2.356535e-01 -7.469805e-02
2.330845e+00 -9.995040e-12 -5.299068e-09 -6.634545e-03 -2.845085e-01 -1.441643e-08 -1.330919e-02 -2.313525e-01 -6.791094e-02
2.385251e+00  1.974600e-12 -1.021270e-09 -5.480269e-03 -2.737621e-01 -7.143325e-09 -1.131379e-02 -2.271539e-01 -6.210192e-02
2.436259e+00  1.155719e-11 -1.190020e-09 -4.581916e-03 -2.638693e-01 -4.344553e-09 -9.717874e-03 -2.231248e-01 -5.713605e-02
2.483700e+00  1.172247e-11 -2.964560e-09 -3.879617e-03 -2.548468e-01 -3.878582e-09 -8.437966e-03 -2.193158e-01 -5.289638e-02
2.527458e+00  3.353658e-12 -3.690373e-09 -3.328036e-03 -2.466898e-01 -3.733483e-09 -7.408605e-03 -2.157633e-01 -4.928207e-02
2.567472e+00 -6.843600e-12 -2.539050e-09 -2.892850e-03 -2.393775e-01 -2.923163e-09 -6.578523e-03 -2.124910e-01 -4.620643e-02
2.603732e+00 -1.202230e-11 -4.347348e-10 -2.548045e-03 -2.328769e-01 -1.585573e-09 -5.907573e-03 -2.095124e-01 -4.359508e-02
2.636282e+00 -9.619895e-12  1.185929e-09 -2.273843e-03 -2.271465e-01 -3.758549e-10 -5.364274e-03 -2.068321e-01 -4.138424e-02
2.665208e+00 -1.960106e-12  1.527871e-09 -2.055149e-03 -2.221389e-01  2.157079e-10 -4.923880e-03 -2.044477e-01 -3.951916e-02
2.690643e+00  6.229668e-12  7.607555e-10 -1.880384e-03 -2.178026e-01  1.564893e-10 -4.566868e-03 -2.023509e-01 -3.795273e-02
2.712755e+00  1.094757e-11 -3.851544e-10 -1.740623e-03 -2.140840e-01 -2.488976e-10 -4.277763e-03 -2.005291e-01 -3.664430e-02
2.731747e+00  1.070762e-11 -1.213188e-09 -1.628939e-03 -2.109287e-01 -6.412226e-10 -4.044230e-03 -1.989657e-01 -3.555861e-02
2.747846e+00  6.492514e-12 -1.411875e-09 -1.539914e-03 -2.082819e-01 -8.102447e-10 -3.856359e-03 -1.976419e-01 -3.466493e-02
2.761300e+00  5.619651e-13 -1.064117e-09 -1.469271e-03 -2.060897e-01 -7.356528e-10 -3.706121e-03 -1.965369e-01 -3.393631e-02
2.772369e+00 -4.872828e-12 -4.557928e-10 -1.413593e-03 -2.042995e-01 -5.154016e-10 -3.586945e-03 -1.956286e-01 -3.334896e-02
2.781321e+00 -8.452549e-12  1.294237e-10 -1.370118e-03 -2.028606e-01 -2.703504e-10 -3.493394e-03 -1.948948e-01 -3.288181e-02
2.788424e+00 -9.823689e-12  5.235226e-10 -1.336583e-03 -2.017247e-01 -8.316823e-11 -3.420923e-03 -1.943130e-01 -3.251607e-02
2.793940e+00 -9.362151e-12  6.874858e-10 -1.311112e-03 -2.008459e-01  1.698989e-11 -3.365691e-03 -1.938615e-01 -3.223501e-02
2.798121e+00 -7.765808e-12  6.676055e-10 -1.292135e-03 -2.001820e-01  4.046969e-11 -3.324431e-03 -1.935195e-01 -3.202370e-02
2.801202e+00 -5.724448e-12  5.413078e-10 -1.278327e-03 -1.996937e-01  1.491836e-11 -3.294349e-03 -1.932675e-01 -3.186890e-02
2.803400e+00 -3.743207e-12  3.789170e-10 -1.268568e-03 -1.993460e-01 -3.185774e-11 -3.273058e-03 -1.930878e-01 -3.175895e-02
2.804909e+00 -2.101516e-12  2.270591e-10 -1.261913e-03 -1.991076e-01 -8.018324e-11 -3.258524e-03 -1.929645e-01 -3.168371e-02
2.805897e+00 -8.922239e-13  1.079071e-10 -1.257573e-03 -1.989515e-01 -1.198183e-10 -3.249037e-03 -1.928837e-01 -3.163451e-02
2.806509e+00 -8.866710e-14  2.590815e-11 -1.254895e-03 -1.988550e-01 -1.477207e-10 -3.243183e-03 -1.928337e-01 -3.160412e-02
2.806861e+00  3.931298e-13 -2.422215e-11 -1.253358e-03 -1.987995e-01 -1.649859e-10 -3.239822e-03 -1.928050e-01 -3.158666e-02
2.807044e+00  6.505237e-13 -5.128167e-11 -1.252557e-03 -1.987706e-01 -1.743639e-10 -3.238068e-03 -1.927900e-01 -3.157755e-02
2.807128e+00  7.694778e-13 -6.385040e-11 -1.252191e-03 -1.987574e-01 -1.787330e-10 -3.237267e-03 -1.927831e-01 -3.157339e-02
2.807159e+00  8.143207e-13 -6.859873e-11 -1.252053e-03 -1.987524e-01 -1.803858e-10 -3.236967e-03 -1.927806e-01 -3.157183e-02
2.807168e+00  8.265398e-13 -6.989355e-11 -1.252016e-03 -1.987510e-01 -1.808366e-10 -3.236885e-03 -1.927799e-01 -3.157140e-02
2.807169e+00  8.283440e-13 -7.008478e-11 -1.252010e-03 -1.987508e-01 -1.809032e-10 -3.236873e-03 -1.927798e-01 -3.157134e-02
2.807169e+00  8.284007e-13 -7.009087e-11 -1.252010e-03 -1.987508e-01 -1.809052e-10 -3.236871e-03 -1.927798e-01 -3.157133e-02
2.807174e+00  8.283470e-13 -7.008805e-11 -1.251990e-03 -1.987501e-01 -1.808982e-10 -3.236829e-03 -1.927794e-01 -3.157111e-02
2.807204e+00  8.279837e-13 -7.006891e-11 -1.251860e-03 -1.987454e-01 -1.808509e-10 -3.236544e-03 -1.927770e-01 -3.156963e-02
2.807313e+00  8.266490e-13 -6.999862e-11 -1.251381e-03 -1.987281e-01 -1.806774e-10 -3.235497e-03 -1.927680e-01 -3.156419e-02
2.807606e+00  8.230987e-13 -6.981155e-11 -1.250105e-03 -1.986820e-01 -1.802154e-10 -3.232705e-03 -1.927441e-01 -3.154967e-02
2.808246e+00  8.153666e-13 -6.940366e-11 -1.247317e-03 -1.985810e-01 -1.792079e-10 -3.226605e-03 -1.926918e-01 -3.151794e-02
2.809473e+00  8.007027e-13 -6.862832e-11 -1.241995e-03 -1.983878e-01 -1.772925e-10 -3.214953e-03 -1.925916e-01 -3.145725e-02
2.811606e+00  7.756475e-13 -6.729796e-11 -1.232792e-03 -1.980521e-01 -1.740046e-10 -3.194789e-03 -1.924174e-01 -3.135199e-02
2.815055e+00  7.363262e-13 -6.519530e-11 -1.218060e-03 -1.975103e-01 -1.688045e-10 -3.162462e-03 -1.921358e-01 -3.118261e-02
2.820318e+00  6.790482e-13 -6.209759e-11 -1.195913e-03 -1.966857e-01 -1.611352e-10 -3.113755e-03 -1.917063e-01 -3.092595e-02
2.827987e+00  6.012617e-13 -5.781686e-11 -1.164370e-03 -1.954893e-01 -1.505195e-10 -3.044146e-03 -1.910812e-01 -3.055602e-02
2.838736e+00  5.028068e-13 -5.225490e-11 -1.121555e-03 -1.938221e-01 -1.366931e-10 -2.949203e-03 -1.902060e-01 -3.004529e-02
2.853321e+00  3.872236e-13 -4.546548e-11 -1.065977e-03 -1.915785e-01 -1.197558e-10 -2.825136e-03 -1.890206e-01 -2.936668e-02
2.872564e+00  2.626310e-13 -3.770660e-11 -9.968540e-04 -1.886506e-01 -1.003021e-10 -2.669453e-03 -1.874607e-01 -2.849594e-02
2.897343e+00  1.415152e-13 -2.945796e-11 -9.144298e-04 -1.849345e-01 -7.947006e-11 -2.481647e-03 -1.854594e-01 -2.741459e-02
2.928573e+00  3.881994e-14 -2.137746e-11 -8.202198e-04 -1.803377e-01 -5.884669e-11 -2.263789e-03 -1.829498e-01 -2.611291e-02
2.967189e+00 -3.178949e-14 -1.418334e-11 -7.170906e-04 -1.747867e-01 -4.019590e-11 -2.020858e-03 -1.798684e-01 -2.459274e-02
3.014123e+00 -6.268629e-14 -8.477969e-12 -6.091085e-04 -1.682359e-01 -2.504185e-11 -1.760659e-03 -1.761582e-01 -2.286939e-02
3.070287e+00 -5.620570e-14 -4.567024e-12 -5.011302e-04 -1.606761e-01 -1.423178e-11 -1.493242e-03 -1.717737e-01 -2.097246e-02
3.136542e+00 -2.536899e-14 -2.354438e-12 -3.981810e-04 -1.521415e-01 -7.665513e-12 -1.229833e-03 -1.666854e-01 -1.894485e-02
3.213683e+00  1.013044e-14 -1.382228e-12 -3.047453e-04 -1.427140e-01 -4.358446e-12 -9.814507e-04 -1.608843e-01 -1.684011e-02
3.302415e+00  3.189970e-14 -1.024120e-12 -2.241378e-04 -1.325244e-01 -2.868583e-12 -7.574782e-04 -1.543860e-01 -1.471821e-02
3.403327e+00  3.118592e-14 -7.535389e-13 -1.581168e-04 -1.217485e-01 -1.914527e-12 -5.645171e-04 -1.472335e-01 -1.264028e-02
3.516879e+00  1.268246e-14 -3.452253e-13 -1.068266e-04 -1.105989e-01 -8.633826e-13 -4.057809e-04 -1.394979e-01 -1.066316e-02
3.643378e+00 -9.219783e-15  1.084812e-13 -6.905526e-05 -9.931191e-02  1.924708e-13 -2.811333e-04 -1.312771e-01 -8.834564e-03
3.782971e+00 -2.007512e-14  3.737820e-13 -4.269615e-05 -8.813158e-02  8.024611e-13 -1.876950e-04 -1.226915e-01 -7.189647e-03
3.935625e+00 -1.478246e-14  3.171239e-13 -2.526280e-05 -7.729235e-02  6.945599e-13 -1.207974e-04 -1.138776e-01 -5.749328e-03
4.101127e+00 -1.269861e-16  3.441180e-14 -1.432644e-05 -6.700301e-02  8.032122e-14 -7.500848e-05 -1.049807e-01 -4.520503e-03
4.279073e+00  1.139928e-14 -2.240118e-13 -7.804573e-06 -5.743378e-02 -4.901752e-13 -4.500104e-05 -9.614550e-02 -3.497802e-03
4.468875e+00  1.160774e-14 -2.588247e-13 -4.091672e-06 -4.870807e-02 -5.727367e-13 -2.613335e-05 -8.750856e-02 -2.666371e-03
4.669759e+00  2.426487e-15 -7.662840e-14 -2.062749e-06 -4.089957e-02 -1.742822e-13 -1.472195e-05 -7.919102e-02 -2.005087e-03
4.880776e+00 -6.955925e-15  1.376366e-13 -9.960899e-07 -3.403435e-02  3.006534e-13 -8.065183e-06 -7.129356e-02 -1.489661e-03
5.100813e+00 -8.633499e-15  1.972844e-13 -4.612444e-07 -2.809692e-02  4.371093e-13 -4.310697e-06 -6.389341e-02 -1.095244e-03
5.328610e+00 -2.484819e-15  7.472561e-14 -2.110927e-07 -2.303879e-02  1.688401e-13 -2.258644e-06 -5.704357e-02 -7.983527e-04
5.562778e+00  4.804080e-15 -9.433377e-14 -1.030186e-07 -1.878814e-02 -2.066283e-13 -1.167681e-06 -5.077382e-02 -5.780727e-04
5.801821e+00  6.563046e-15 -1.521389e-13 -5.518419e-08 -1.525913e-02 -3.381844e-13 -5.987464e-07 -4.509316e-02 -4.166362e-04
6.044160e+00  2.070477e-15 -6.291516e-14 -2.685203e-08 -1.236009e-02 -1.425532e-13 -3.037455e-07 -3.999312e-02 -2.995218e-04
6.288163e+00 -3.641668e-15  7.132299e-14 -5.981109e-09 -9.999934e-03  1.563570e-13 -1.504953e-07 -3.545146e-02 -2.152386e-04
6.532165e+00 -5.161866e-15  1.219111e-13  5.282691e-09 -8.092774e-03  2.718121e-13 -7.238207e-08 -3.143594e-02 -1.549372e-04
6.774505e+00 -1.673142e-15  5.379968e-14  4.876025e-09 -6.560796e-03  1.227094e-13 -3.551482e-08 -2.790768e-02 -1.119551e-04
7.013547e+00  2.952814e-15 -5.579298e-14 -2.393922e-09 -5.335697e-03 -1.216399e-13 -2.018086e-08 -2.482419e-02 -8.137061e-05
7.247715e+00  4.327540e-15 -1.026109e-13 -7.868234e-09 -4.359037e-03 -2.288333e-13 -1.352443e-08 -2.214170e-02 -5.960330e-05
7.475513e+00  1.573306e-15 -5.212211e-14 -6.319531e-09 -3.581856e-03 -1.193003e-13 -8.402716e-09 -1.981708e-02 -4.408022e-05
7.695550e+00 -2.384817e-15  4.011527e-14  3.521411e-10 -2.963829e-03  8.576470e-14 -3.084458e-09 -1.780913e-02 -3.296968e-05
7.906566e+00 -3.922757e-15  8.968900e-14  5.987522e-09 -2.472198e-03  1.985911e-13  8.883502e-10 -1.607943e-02 -2.497658e-05
8.107450e+00 -1.943779e-15  5.918602e-14  6.091660e-09 -2.080649e-03  1.337689e-13  1.899255e-09 -1.459287e-02 -1.918946e-05
8.297252e+00  1.554558e-15 -1.805153e-14  1.276550e-09 -1.768225e-03 -3.696272e-14  2.778328e-10 -1.331787e-02 -1.496850e-05
8.475199e+00  3.565619e-15 -7.583409e-14 -4.095604e-09 -1.518345e-03 -1.671563e-13 -1.971374e-09 -1.222632e-02 -1.186482e-05
8.640700e+00  2.612314e-15 -7.184764e-14 -5.941254e-09 -1.317954e-03 -1.614313e-13 -2.863978e-09 -1.129353e-02 -9.563048e-06
8.793354e+00 -3.526295e-16 -1.515889e-14 -3.414505e-09 -1.156806e-03 -3.777158e-14 -1.828060e-09 -1.049792e-02 -7.840913e-06
8.932947e+00 -3.026251e-15  4.947615e-14  1.161060e-09 -1.026871e-03  1.058112e-13  2.196867e-10 -9.820749e-03 -6.541081e-06
9.059447e+00 -3.586066e-15  7.882757e-14  4.553586e-09 -9.218601e-04  1.731749e-13  1.844326e-09 -9.245831e-03 -5.551617e-06
9.172998e+00 -1.813110e-15  5.875609e-14  4.907251e-09 -8.368394e-04  1.315712e-13  2.151287e-09 -8.759193e-03 -4.792439e-06
9.273910e+00  1.066203e-15  6.555681e-15  2.528755e-09 -7.679314e-04  1.778200e-14  1.204004e-09 -8.348795e-03 -4.205882e-06
9.362642e+00  3.378567e-15 -4.615349e-14 -8.578134e-10 -7.120777e-04 -9.899828e-14 -2.645358e-10 -8.004249e-03 -3.750104e-06
9.439784e+00  4.004039e-15 -7.383610e-14 -3.436094e-09 -6.668542e-04 -1.621254e-13 -1.437443e-09 -7.716573e-03 -3.394459e-06
9.506039e+00  2.808361e-15 -6.812285e-14 -4.240944e-09 -6.303284e-04 -1.522928e-13 -1.853984e-09 -7.477969e-03 -3.116265e-06
9.562202e+00  4.565404e-16 -3.679390e-14 -3.344092e-09 -6.009482e-04 -8.574576e-14 -1.514830e-09 -7.281643e-03 -2.898540e-06
9.609136e+00 -2.088810e-15  4.474477e-15 -1.474880e-09 -5.774559e-04  3.588283e-15 -7.257268e-10 -7.121634e-03 -2.728418e-06
9.647752e+00 -4.032937e-15  4.090978e-14  5.122111e-10 -5.588224e-04  8.338251e-14  1.381885e-10 -6.992693e-03 -2.596032e-06
9.678982e+00 -4.983271e-15  6.378663e-14  2.011679e-09 -5.441966e-04  1.343041e-13  8.036854e-10 -6.890166e-03 -2.493713e-06
9.703762e+00 -4.944852e-15  7.122163e-14  2.786440e-09 -5.328668e-04  1.519044e-13  1.158232e-09 -6.809915e-03 -2.415419e-06
9.723005e+00 -4.176911e-15  6.616449e-14  2.897048e-09 -5.242324e-04  1.423331e-13  1.222248e-09 -6.748255e-03 -2.356315e-06
9.737589e+00 -3.023466e-15  5.359852e-14  2.556897e-09 -5.177824e-04  1.162678e-13  1.086192e-09 -6.701904e-03 -2.312481e-06
9.748339e+00 -1.788936e-15  3.832162e-14  2.002986e-09 -5.130799e-04  8.407130e-14  8.530930e-10 -6.667952e-03 -2.280692e-06
9.756007e+00 -6.792958e-16  2.378774e-14  1.420378e-09 -5.097515e-04  5.324413e-14  6.043788e-10 -6.643838e-03 -2.258279e-06
9.761270e+00  2.037586e-16  1.186576e-14  9.186931e-10 -5.074795e-04  2.787446e-14  3.888011e-10 -6.627339e-03 -2.243019e-06
9.764719e+00  8.394699e-16  3.133067e-15  5.413514e-10 -5.059964e-04  9.257766e-15  2.260851e-10 -6.616551e-03 -2.233077e-06
9.766852e+00  1.256322e-15 -2.651074e-15  2.876411e-10 -5.050812e-04 -3.085902e-15  1.164655e-10 -6.609887e-03 -2.226948e-06
9.768079e+00  1.504387e-15 -6.112870e-15  1.345152e-10 -5.045558e-04 -1.047788e-14  5.023239e-11 -6.606059e-03 -2.223432e-06
9.768719e+00  1.636378e-15 -7.960503e-15  5.242153e-11 -5.042817e-04 -1.442437e-14  1.470275e-11 -6.604061e-03 -2.221598e-06
9.769012e+00  1.697257e-15 -8.813978e-15  1.441678e-11 -5.041565e-04 -1.624764e-14 -1.750177e-12 -6.603148e-03 -2.220760e-06
9.769122e+00  1.720188e-15 -9.135653e-15  7.933312e-14 -5.041095e-04 -1.693488e-14 -7.957868e-12 -6.602805e-03 -2.220446e-06
9.769151e+00  1.726434e-15 -9.223299e-15 -3.828418e-12 -5.040967e-04 -1.712214e-14 -9.649881e-12 -6.602712e-03 -2.220361e-06
9.769156e+00  1.727356e-15 -9.236241e-15 -4.405470e-12 -5.040948e-04 -1.714979e-14 -9.899741e-12 -6.602699e-03 -2.220348e-06
9.769157e+00  1.727382e-15 -9.236639e-15 -4.424125e-12 -5.040945e-04 -1.715064e-14 -9.907807e-12 -6.602696e-03 -2.220346e-06
9.769176e+00  1.727243e-15 -9.235998e-15 -4.423896e-12 -5.040863e-04 -1.714948e-14 -9.907346e-12 -6.602637e-03 -2.220292e-06
9.769305e+00  1.726307e-15 -9.231658e-15 -4.422341e-12 -5.040309e-04 -1.714164e-14 -9.904222e-12 -6.602232e-03 -2.219923e-06
9.769782e+00  1.722867e-15 -9.215715e-15 -4.416628e-12 -5.038271e-04 -1.711283e-14 -9.892747e-12 -6.600746e-03 -2.218570e-06
9.771053e+00  1.713720e-15 -9.173314e-15 -4.401430e-12 -5.032842e-04 -1.703620e-14 -9.862214e-12 -6.596785e-03 -2.214966e-06
9.773833e+00  1.693808e-15 -9.081004e-15 -4.368314e-12 -5.020981e-04 -1.686932e-14 -9.795666e-12 -6.588126e-03 -2.207099e-06
9.779159e+00  1.656085e-15 -8.906060e-15 -4.305448e-12 -4.998344e-04 -1.655293e-14 -9.669264e-12 -6.571575e-03 -2.192108e-06
9.788423e+00  1.591755e-15 -8.607527e-15 -4.197840e-12 -4.959216e-04 -1.601256e-14 -9.452693e-12 -6.542889e-03 -2.166274e-06
9.803397e+00  1.491124e-15 -8.140017e-15 -4.028450e-12 -4.896612e-04 -1.516516e-14 -9.111214e-12 -6.496786e-03 -2.125144e-06
9.826253e+00  1.345302e-15 -7.461324e-15 -3.780500e-12 -4.802589e-04 -1.393228e-14 -8.610043e-12 -6.427062e-03 -2.063847e-06
9.859551e+00  1.148873e-15 -6.544401e-15 -3.441207e-12 -4.668852e-04 -1.226106e-14 -7.921464e-12 -6.326854e-03 -1.977655e-06
9.906227e+00  9.033257e-16 -5.392780e-15 -3.006760e-12 -4.487669e-04 -1.015164e-14 -7.034399e-12 -6.189079e-03 -1.862789e-06
9.969557e+00  6.204912e-16 -4.056065e-15 -2.487659e-12 -4.253091e-04 -7.685338e-15 -5.964897e-12 -6.007046e-03 -1.717420e-06
1.005312e+01  3.245463e-16 -2.639089e-15 -1.912662e-12 -3.962354e-04 -5.042975e-15 -4.764283e-12 -5.775237e-03 -1.542687e-06
1.016071e+01  5.066266e-17 -1.296311e-15 -1.328851e-12 -3.617232e-04 -2.498487e-15 -3.520385e-12 -5.490188e-03 -1.343457e-06
1.029632e+01 -1.613061e-16 -2.044769e-16 -7.954689e-13 -3.225002e-04 -3.750218e-16 -2.347316e-12 -5.151359e-03 -1.128483e-06
1.046400e+01 -2.781266e-16  4.863217e-16 -3.708041e-13 -2.798657e-04  1.038419e-15 -1.362095e-12 -4.761844e-03 -9.096431e-07
1.066781e+01 -2.866361e-16  7.104533e-16 -9.466194e-14 -2.356057e-04  1.590691e-15 -6.522155e-13 -4.328756e-03 -7.002275e-07
1.091168e+01 -2.034695e-16  5.279056e-16  2.721771e-14 -1.917974e-04  1.350497e-15 -2.452662e-13 -3.863113e-03 -5.125351e-07
1.119938e+01 -7.419970e-17  1.199571e-16  2.846690e-14 -1.505273e-04  6.151569e-16 -9.573363e-14 -3.379154e-03 -3.554757e-07
1.153435e+01  4.173027e-17 -2.742217e-16 -2.873230e-14 -1.135861e-04 -1.846444e-16 -1.003497e-13 -2.893113e-03 -2.329989e-07
1.191965e+01  9.633535e-17 -4.608477e-16 -7.886076e-14 -8.221503e-05 -6.621496e-16 -1.404090e-13 -2.421589e-03 -1.439601e-07
1.235784e+01  7.646399e-17 -3.824648e-16 -8.149735e-14 -5.697088e-05 -6.510864e-16 -1.326634e-13 -1.979806e-03 -8.343613e-08
1.285091e+01  1.037644e-17 -1.381331e-16 -3.703400e-14 -3.773910e-05 -2.748269e-16 -6.098240e-14 -1.580065e-03 -4.483721e-08
1.340020e+01 -4.971353e-17  8.883668e-17  2.092380e-14 -2.387601e-05  1.509388e-16  3.117061e-14 -1.230678e-03 -2.183095e-08
1.400635e+01 -6.092685e-17  1.540234e-16  5.269566e-14 -1.442300e-05  3.351310e-16  8.336080e-14 -9.355539e-04 -9.345776e-09
1.466922e+01 -1.762562e-17  4.121329e-17  4.129563e-14 -8.324819e-06  2.063183e-16  6.692959e-14 -6.944480e-04 -3.596106e-09
1.538787e+01  4.628989e-17 -1.471822e-16  2.631544e-15 -4.599784e-06 -5.649981e-17  5.229293e-15 -5.037340e-04 -1.670513e-09
1.616056e+01  8.359710e-17 -2.866520e-16 -2.967401e-14 -2.439852e-06 -1.853898e-16 -4.818507e-14 -3.574765e-04 -1.306975e-09
1.698474e+01  6.941725e-17 -3.289163e-16 -3.190696e-14 -1.244943e-06 -5.293811e-17 -5.382946e-14 -2.485505e-04 -1.039049e-09
1.785703e+01  1.879441e-17 -3.163899e-16 -7.618494e-15 -6.098765e-07  2.180584e-16 -1.574613e-14 -1.696175e-04 -3.854813e-10
1.877332e+01 -2.750713e-17 -3.070217e-16  1.876020e-14 -2.846999e-07  3.599798e-16  2.731930e-14 -1.138405e-04  3.366068e-10
1.972878e+01 -3.674170e-17 -2.923232e-16  2.484701e-14 -1.263737e-07  1.946909e-16  3.864868e-14 -7.531257e-05  6.068440e-10
2.071794e+01 -9.193868e-18 -1.999038e-16  8.838878e-15 -5.564956e-08 -2.043274e-16  1.428917e-14 -4.923056e-05  2.888296e-10
2.173476e+01  2.560720e-17  1.467488e-17 -1.186525e-14 -2.743309e-08 -5.644519e-16 -1.825385e-14 -3.188061e-05 -2.440164e-10
2.277275e+01  3.633070e-17  2.805345e-16 -1.852475e-14 -1.572411e-08 -6.374140e-16 -2.865639e-14 -2.050942e-05 -4.829911e-10
2.382505e+01  1.614673e-17  4.303858e-16 -7.662584e-15 -7.870755e-09 -4.015099e-16 -1.103544e-14 -1.314611e-05 -2.521260e-10
2.488458e+01 -1.398300e-17  3.288041e-16  8.180731e-15 -1.042379e-09 -7.164085e-17  1.440626e-14 -8.420739e-06  1.766671e-10
2.594410e+01 -2.543779e-17  1.204614e-18  1.404156e-14  2.811377e-09  8.427288e-17  2.338420e-14 -5.405202e-06  3.887517e-10
2.699641e+01 -6.213384e-18 -3.580252e-16  6.213048e-15  2.318705e-09 -3.928931e-17  9.982174e-15 -3.485328e-06  2.208174e-10
2.803440e+01  3.101944e-17 -5.168005e-16 -6.265880e-15 -8.004622e-10 -3.160536e-16 -1.077708e-14 -2.263015e-06 -1.270406e-10
2.905122e+01  6.133333e-17 -3.717520e-16 -1.169915e-14 -3.116355e-09 -5.088523e-16 -1.949023e-14 -1.483910e-06 -3.216871e-10
3.004038e+01  6.755573e-17 -1.626839e-17 -6.488735e-15 -2.539407e-09 -4.681316e-16 -1.018672e-14 -9.861839e-07 -2.105432e-10
3.099584e+01  5.124762e-17  3.369887e-16  3.069804e-15  1.417689e-10 -2.466338e-16  6.590972e-15 -6.664360e-07  7.272811e-11
3.191213e+01  2.820816e-17  5.078403e-16  7.920776e-15  2.418239e-09 -5.276620e-17  1.556583e-14 -4.585112e-07  2.667159e-10
3.278442e+01  1.505883e-17  4.556707e-16  4.494106e-15  2.462973e-09 -9.546983e-17  1.050727e-14 -3.207185e-07  2.212502e-10
3.360859e+01  1.840346e-17  2.747540e-16 -3.162760e-15  5.212433e-10 -4.428083e-16 -2.040879e-15 -2.275989e-07  1.373743e-12
3.438128e+01  3.322575e-17  1.038999e-16 -7.946793e-15 -1.644889e-09 -9.858836e-16 -1.021305e-14 -1.639558e-07 -2.011176e-10
3.509994e+01  4.893851e-17  3.075821e-17 -5.893867e-15 -2.388422e-09 -1.512841e-15 -7.159124e-15 -1.204324e-07 -2.370032e-10
3.576280e+01  5.690200e-17  5.471762e-17  1.224105e-15 -1.370673e-09 -1.827933e-15  4.457694e-15 -9.066759e-08 -1.012736e-10
3.636895e+01  5.435883e-17  1.155004e-16  8.094394e-15  4.700269e-10 -1.839538e-15  1.592619e-14 -6.994037e-08  9.203982e-11
3.691825e+01  4.378993e-17  1.493476e-16  1.014902e-14  1.832193e-09 -1.578757e-15  1.954858e-14 -5.480247e-08  2.114554e-10
3.741132e+01  2.984014e-17  1.290772e-16  6.437029e-15  1.970831e-09 -1.158581e-15  1.349819e-14 -4.303615e-08  1.956967e-10
3.784951e+01  1.648981e-17  6.908407e-17 -4.691525e-16  1.011794e-09 -7.106650e-16  1.818915e-15 -3.349267e-08  7.389121e-11
3.823481e+01  5.830050e-18  4.465627e-18 -6.666391e-15 -3.500639e-10 -3.349358e-16 -9.094140e-15 -2.572820e-08 -7.385410e-11
3.856978e+01 -1.717751e-18 -3.448175e-17 -9.290136e-15 -1.384521e-09 -7.851271e-17 -1.439901e-14 -1.959033e-08 -1.728307e-10
3.885747e+01 -6.592964e-18 -3.652392e-17 -7.664957e-15 -1.704769e-09  5.887515e-17 -1.277288e-14 -1.492870e-08 -1.893329e-10
3.910135e+01 -9.414068e-18 -9.117407e-18 -3.022092e-15 -1.341029e-09  1.057453e-16 -6.036566e-15 -1.149238e-08 -1.337230e-10
3.930515e+01 -1.067812e-17  3.076729e-17  2.574980e-15 -5.873881e-10  9.879738e-17  2.549710e-15 -8.965117e-09 -4.158369e-11
3.947283e+01 -1.074729e-17  6.669989e-17  7.295736e-15  2.124179e-10  6.932745e-17  1.001721e-14 -7.047420e-09  4.932810e-11
3.960844e+01 -9.930934e-18  8.876642e-17  1.012533e-14  8.151994e-10  3.765157e-17  1.466147e-14 -5.516901e-09  1.140508e-10
3.971604e+01 -8.537835e-18  9.461156e-17  1.091425e-14  1.126041e-09  1.345403e-17  1.615617e-14 -4.243362e-09  1.442660e-10
3.979960e+01 -6.870632e-18  8.727760e-17  1.010019e-14  1.169645e-09 -1.033520e-18  1.512892e-14 -3.169237e-09  1.443673e-10
3.986293e+01 -5.189918e-18  7.211401e-17  8.350414e-15  1.032038e-09 -7.469328e-18  1.259691e-14 -2.277306e-09  1.248374e-10
3.990960e+01 -3.682419e-18  5.431016e-17  6.287504e-15  8.086224e-10 -8.726947e-18  9.527460e-15 -1.562842e-09  9.663604e-11
3.994290e+01 -2.450618e-18  3.759923e-17  4.351130e-15  5.738358e-10 -7.403527e-18  6.612271e-15 -1.017378e-09  6.806039e-11
3.996576e+01 -1.523282e-18  2.398118e-17  2.774161e-15  3.717418e-10 -5.272130e-18  4.223584e-15 -6.233997e-10  4.388093e-11
3.998073e+01 -8.774772e-19  1.404132e-17  1.623853e-15  2.197701e-10 -3.286966e-18  2.475129e-15 -3.558754e-10  2.586524e-11
3.999000e+01 -4.622690e-19  7.470544e-18  8.637928e-16  1.176024e-10 -1.812448e-18  1.317537e-15 -1.864613e-10  1.381639e-11
3.999532e+01 -2.179658e-19  3.542236e-18  4.095304e-16  5.594373e-11 -8.763963e-19  6.248992e-16 -8.764777e-11  6.565924e-12
3.999810e+01 -8.877013e-20  1.446826e-18  1.672627e-16  2.288855e-11 -3.615502e-19  2.552768e-16 -3.563894e-11  2.684964e-12
3.999937e+01 -2.936057e-20  4.791679e-19  5.539346e-17  7.586132e-12 -1.202798e-19  8.454947e-17 -1.177895e-11  8.896902e-13
3.999985e+01 -7.012452e-21  1.145007e-19  1.323653e-17  1.813279e-12 -2.879001e-20  2.020420e-17 -2.812506e-12  2.126399e-13
3.999998e+01 -9.274042e-22  1.514488e-20  1.750776e-18  2.398589e-13 -3.809756e-21  2.672405e-18 -3.719294e-13  2.812714e-14
4.000000e+01 -2.905309e-23  4.744578e-22  5.484819e-20  7.514370e-15 -1.193598e-22  8.372101e-20 -1.165142e-14  8.811725e-16
