376 8
 0 0 0 0 1 1 1 2
 2 2 2 2 6 6 2 10
 -3.962069e+02 -4.899179e+01 -5.906101e+00 -3.867838e-01 -4.365480e+01 -4.139819e+00 -1.146960e-01 -1.064182e+00
0.000000e+00  3.559040e+02  1.101914e+02 -4.296205e+01  1.226065e+01  9.883691e-06 -3.822683e-06 -8.012007e-07 -6.616678e-07
3.278564e-09  3.559039e+02  1.101914e+02 -4.296205e+01  1.226065e+01  6.838239e-06 -2.640009e-06 -5.532539e-07 -6.616656e-07
1.046582e-07  3.559028e+02  1.101911e+02 -4.296191e+01  1.226061e+01 -8.733302e-05  3.393057e-05  7.113737e-06 -6.616043e-07
7.915214e-07  3.558950e+02  1.101887e+02 -4.296097e+01  1.226034e+01 -7.253500e-04  2.816989e-04  5.905815e-05 -6.614262e-07
3.316517e-06  3.558662e+02  1.101798e+02 -4.295750e+01  1.225935e+01 -3.070660e-03  1.192479e-03  2.500025e-04 -6.643237e-07
1.004733e-05  3.557896e+02  1.101560e+02 -4.294824e+01  1.225671e+01 -9.321569e-03  3.619965e-03  7.589228e-04 -6.993341e-07
2.477810e-05  3.556219e+02  1.101041e+02 -4.292800e+01  1.225093e+01 -2.299733e-02  8.930827e-03  1.872341e-03 -9.143896e-07
5.299135e-05  3.553010e+02  1.100047e+02 -4.288925e+01  1.223987e+01 -4.917198e-02  1.909552e-02  4.003360e-03 -1.856524e-06
1.020609e-04  3.547435e+02  1.098320e+02 -4.282191e+01  1.222066e+01 -9.463962e-02  3.675248e-02  7.705126e-03 -5.153141e-06
1.813877e-04  3.538441e+02  1.095533e+02 -4.271323e+01  1.218964e+01 -1.679926e-01  6.523843e-02  1.367718e-02 -1.492820e-05
3.024627e-04  3.524759e+02  1.091289e+02 -4.254774e+01  1.214241e+01 -2.795909e-01  1.085766e-01  2.276299e-02 -4.041007e-05
4.788527e-04  3.504921e+02  1.085130e+02 -4.230751e+01  1.207385e+01 -4.414011e-01  1.714140e-01  3.593678e-02 -1.002826e-04
7.261078e-04  3.477303e+02  1.076542e+02 -4.197249e+01  1.197824e+01 -6.666819e-01  2.588990e-01  5.427793e-02 -2.293593e-04
1.061591e-03  3.440179e+02  1.064974e+02 -4.152111e+01  1.184941e+01 -9.694991e-01  3.764931e-01  7.893139e-02 -4.880763e-04
1.504231e-03  3.391810e+02  1.049859e+02 -4.093114e+01  1.168102e+01 -1.364062e+00  5.297122e-01  1.110535e-01 -9.750687e-04
2.074209e-03  3.330534e+02  1.030642e+02 -4.018071e+01  1.146681e+01 -1.863888e+00  7.238000e-01  1.517435e-01 -1.842686e-03
2.792580e-03  3.254894e+02  1.006811e+02 -3.924958e+01  1.120101e+01 -2.480818e+00  9.633440e-01  2.019630e-01 -3.314719e-03
3.680838e-03  3.163759e+02  9.779344e+01 -3.812053e+01  1.087868e+01 -3.223935e+00  1.251851e+00  2.624466e-01 -5.704917e-03
4.760448e-03  3.056454e+02  9.436975e+01 -3.678078e+01  1.049616e+01 -4.098466e+00  1.591313e+00  3.336113e-01 -9.434099e-03
6.052333e-03  2.932871e+02  9.039390e+01 -3.522344e+01  1.005146e+01 -5.104757e+00  1.981801e+00  4.154705e-01 -1.504306e-02
7.576358e-03  2.793559e+02  8.586813e+01 -3.344866e+01  9.544590e+00 -6.237444e+00  2.421128e+00  5.075633e-01 -2.319803e-02
9.350803e-03  2.639762e+02  8.081517e+01 -3.146458e+01  8.977855e+00 -7.484929e+00  2.904630e+00  6.089089e-01 -3.468560e-02
1.139185e-02  2.473419e+02  7.527927e+01 -2.928773e+01  8.355943e+00 -8.829275e+00  3.425110e+00  7.179932e-01 -5.039447e-02
1.371307e-02  2.297090e+02  6.932563e+01 -2.694292e+01  7.685914e+00 -1.024658e+01  3.972959e+00  8.327951e-01 -7.128279e-02
1.632504e-02  2.113838e+02  6.303840e+01 -2.446257e+01  6.977004e+00 -1.170785e+01  4.536490e+00  9.508548e-01 -9.833134e-02
1.923484e-02  1.927055e+02  5.651705e+01 -2.188537e+01  6.240254e+00 -1.318034e+01  5.102444e+00  1.069381e+00 -1.324851e-01
2.244580e-02  1.740259e+02  4.987158e+01 -1.925453e+01  5.488008e+00 -1.462931e+01  5.656662e+00  1.185392e+00 -1.745871e-01
2.595722e-02  1.556886e+02  4.321688e+01 -1.661563e+01  4.733300e+00 -1.601989e+01  6.184851e+00  1.295874e+00 -2.253113e-01
2.976415e-02  1.380089e+02  3.666669e+01 -1.401426e+01  3.989196e+00 -1.731913e+01  6.673379e+00  1.397954e+00 -2.851007e-01
3.385735e-02  1.212573e+02  3.032791e+01 -1.149382e+01  3.268142e+00 -1.849779e+01  7.110040e+00  1.489052e+00 -3.541170e-01
3.822326e-02  1.056478e+02  2.429553e+01 -9.093416e+00  2.581375e+00 -1.953190e+01  7.484696e+00  1.567028e+00 -4.322091e-01
4.284407e-02  9.133196e+01  1.864866e+01 -6.846201e+00  1.938448e+00 -2.040386e+01  7.789770e+00  1.630277e+00 -5.189024e-01
4.769797e-02  7.839818e+01  1.344802e+01 -4.778242e+00  1.346888e+00 -2.110299e+01  8.020534e+00  1.677798e+00 -6.134117e-01
5.275935e-02  6.687602e+01  8.734758e+00 -2.907883e+00  8.120156e-01 -2.162562e+01  8.175187e+00  1.709206e+00 -7.146751e-01
5.799924e-02  5.674404e+01  4.530749e+00 -1.245677e+00  3.369194e-01 -2.197466e+01  8.254735e+00  1.724712e+00 -8.214069e-01
6.338567e-02  4.793986e+01  8.399716e-01  2.052007e-01 -7.743569e-02 -2.215878e+01  8.262703e+00  1.725059e+00 -9.321621e-01
6.888423e-02  4.037121e+01 -2.349156e+00  1.448159e+00 -4.319834e-01 -2.219133e+01  8.204712e+00  1.711439e+00 -1.045408e+00
7.445863e-02  3.392652e+01 -5.060905e+00  2.492127e+00 -7.292550e-01 -2.208911e+01  8.087988e+00  1.685384e+00 -1.159596e+00
8.007127e-02  2.848442e+01 -7.329114e+00  3.350345e+00 -9.730351e-01 -2.187112e+01  7.920842e+00  1.648657e+00 -1.273228e+00
8.568391e-02  2.392160e+01 -9.194109e+00  4.039128e+00 -1.168006e+00 -2.155738e+01  7.712167e+00  1.603151e+00 -1.384912e+00
9.125831e-02  2.011864e+01 -1.069987e+01  4.576687e+00 -1.319411e+00 -2.116794e+01  7.470981e+00  1.550782e+00 -1.493410e+00
9.675688e-02  1.696417e+01 -1.189161e+01  4.982081e+00 -1.432748e+00 -2.072203e+01  7.206047e+00  1.493417e+00 -1.597664e+00
1.021433e-01  1.435727e+01 -1.281377e+01  5.274344e+00 -1.513517e+00 -2.023745e+01  6.925570e+00  1.432804e+00 -1.696814e+00
1.073832e-01  1.220871e+01 -1.350858e+01  5.471784e+00 -1.567017e+00 -1.973015e+01  6.636986e+00  1.370528e+00 -1.790206e+00
1.124446e-01  1.044107e+01 -1.401501e+01  5.591488e+00 -1.598197e+00 -1.921401e+01  6.346822e+00  1.307980e+00 -1.877379e+00
1.172985e-01  8.988257e+00 -1.436816e+01  5.648983e+00 -1.611560e+00 -1.870071e+01  6.060635e+00  1.246344e+00 -1.958056e+00
1.219193e-01  7.794589e+00 -1.459896e+01  5.658053e+00 -1.611104e+00 -1.819984e+01  5.783003e+00  1.186596e+00 -2.032120e+00
1.262852e-01  6.813647e+00 -1.473415e+01  5.630676e+00 -1.600306e+00 -1.771895e+01  5.517564e+00  1.129509e+00 -2.099593e+00
1.303784e-01  6.007057e+00 -1.479643e+01  5.577046e+00 -1.582121e+00 -1.726378e+01  5.267079e+00  1.075669e+00 -2.160612e+00
1.341853e-01  5.343316e+00 -1.480474e+01  5.505669e+00 -1.559018e+00 -1.683845e+01  5.033527e+00  1.025495e+00 -2.215401e+00
1.376967e-01  4.796680e+00 -1.477465e+01  5.423499e+00 -1.533008e+00 -1.644566e+01  4.818194e+00  9.792583e-01 -2.264253e+00
1.409077e-01  4.346190e+00 -1.471869e+01  5.336091e+00 -1.505700e+00 -1.608695e+01  4.621775e+00  9.371013e-01 -2.307508e+00
1.438175e-01  3.974811e+00 -1.464680e+01  5.247775e+00 -1.478340e+00 -1.576284e+01  4.444465e+00  8.990615e-01 -2.345539e+00
1.464295e-01  3.668707e+00 -1.456666e+01  5.161823e+00 -1.451867e+00 -1.547308e+01  4.286051e+00  8.650887e-01 -2.378733e+00
1.487507e-01  3.416627e+00 -1.448409e+01  5.080603e+00 -1.426959e+00 -1.521675e+01  4.145989e+00  8.350619e-01 -2.407485e+00
1.507917e-01  3.209407e+00 -1.440334e+01  5.005733e+00 -1.404072e+00 -1.499244e+01  4.023472e+00  8.088050e-01 -2.432187e+00
1.525662e-01  3.039551e+00 -1.432737e+01  4.938210e+00 -1.383480e+00 -1.479836e+01  3.917496e+00  7.860992e-01 -2.453224e+00
1.540902e-01  2.900899e+00 -1.425809e+01  4.878531e+00 -1.365316e+00 -1.463241e+01  3.826905e+00  7.666946e-01 -2.470968e+00
1.553821e-01  2.788360e+00 -1.419662e+01  4.826794e+00 -1.349592e+00 -1.449231e+01  3.750441e+00  7.503198e-01 -2.485775e+00
1.564617e-01  2.697686e+00 -1.414340e+01  4.782791e+00 -1.336234e+00 -1.437565e+01  3.686784e+00  7.366900e-01 -2.497985e+00
1.573500e-01  2.625311e+00 -1.409840e+01  4.746088e+00 -1.325102e+00 -1.427998e+01  3.634580e+00  7.255142e-01 -2.507918e+00
1.580683e-01  2.568209e+00 -1.406123e+01  4.716086e+00 -1.316009e+00 -1.420280e+01  3.592477e+00  7.165019e-01 -2.515878e+00
1.586383e-01  2.523793e+00 -1.403127e+01  4.692085e+00 -1.308740e+00 -1.414170e+01  3.559146e+00  7.093681e-01 -2.522148e+00
1.590810e-01  2.489833e+00 -1.400771e+01  4.673330e+00 -1.303061e+00 -1.409434e+01  3.533308e+00  7.038385e-01 -2.526988e+00
1.594164e-01  2.464401e+00 -1.398969e+01  4.659048e+00 -1.298738e+00 -1.405849e+01  3.513752e+00  6.996537e-01 -2.530639e+00
1.596637e-01  2.445825e+00 -1.397633e+01  4.648486e+00 -1.295542e+00 -1.403209e+01  3.499355e+00  6.965728e-01 -2.533321e+00
1.598401e-01  2.432659e+00 -1.396674e+01  4.640933e+00 -1.293257e+00 -1.401328e+01  3.489092e+00  6.943768e-01 -2.535230e+00
1.599612e-01  2.423663e+00 -1.396014e+01  4.635739e+00 -1.291686e+00 -1.400037e+01  3.482051e+00  6.928702e-01 -2.536538e+00
1.600405e-01  2.417787e+00 -1.395581e+01  4.632333e+00 -1.290655e+00 -1.399191e+01  3.477440e+00  6.918835e-01 -2.537394e+00
1.600896e-01  2.414160e+00 -1.395313e+01  4.630224e+00 -1.290017e+00 -1.398668e+01  3.474588e+00  6.912734e-01 -2.537923e+00
1.601178e-01  2.412077e+00 -1.395158e+01  4.629011e+00 -1.289650e+00 -1.398368e+01  3.472949e+00  6.909226e-01 -2.538227e+00
1.601325e-01  2.410990e+00 -1.395077e+01  4.628377e+00 -1.289459e+00 -1.398211e+01  3.472093e+00  6.907395e-01 -2.538386e+00
1.601392e-01  2.410493e+00 -1.395041e+01  4.628088e+00 -1.289371e+00 -1.398139e+01  3.471702e+00  6.906558e-01 -2.538458e+00
1.601418e-01  2.410307e+00 -1.395027e+01  4.627979e+00 -1.289338e+00 -1.398112e+01  3.471555e+00  6.906244e-01 -2.538485e+00
1.601424e-01  2.410256e+00 -1.395023e+01  4.627950e+00 -1.289329e+00 -1.398105e+01  3.471515e+00  6.906159e-01 -2.538493e+00
1.601425e-01  2.410249e+00 -1.395022e+01  4.627945e+00 -1.289328e+00 -1.398104e+01  3.471509e+00  6.906146e-01 -2.538494e+00
1.601426e-01  2.410248e+00 -1.395022e+01  4.627945e+00 -1.289328e+00 -1.398104e+01  3.471508e+00  6.906144e-01 -2.538494e+00
1.601430e-01  2.410217e+00 -1.395020e+01  4.627927e+00 -1.289323e+00 -1.398099e+01  3.471484e+00  6.906093e-01 -2.538499e+00
1.601458e-01  2.410011e+00 -1.395005e+01  4.627807e+00 -1.289286e+00 -1.398070e+01  3.471322e+00  6.905745e-01 -2.538529e+00
1.601560e-01  2.409254e+00 -1.394948e+01  4.627365e+00 -1.289153e+00 -1.397960e+01  3.470725e+00  6.904469e-01 -2.538639e+00
1.601834e-01  2.407236e+00 -1.394798e+01  4.626187e+00 -1.288796e+00 -1.397669e+01  3.469135e+00  6.901066e-01 -2.538934e+00
1.602433e-01  2.402826e+00 -1.394470e+01  4.623608e+00 -1.288016e+00 -1.397030e+01  3.465654e+00  6.893619e-01 -2.539579e+00
1.603581e-01  2.394403e+00 -1.393839e+01  4.618663e+00 -1.286521e+00 -1.395809e+01  3.458991e+00  6.879362e-01 -2.540813e+00
1.605577e-01  2.379824e+00 -1.392737e+01  4.610047e+00 -1.283916e+00 -1.393685e+01  3.447408e+00  6.854581e-01 -2.542955e+00
1.608803e-01  2.356444e+00 -1.390947e+01  4.596079e+00 -1.279693e+00 -1.390255e+01  3.428702e+00  6.814560e-01 -2.546407e+00
1.613728e-01  2.321204e+00 -1.388192e+01  4.574665e+00 -1.273221e+00 -1.385028e+01  3.400196e+00  6.753576e-01 -2.551651e+00
1.620903e-01  2.270811e+00 -1.384128e+01  4.543270e+00 -1.263736e+00 -1.377430e+01  3.358762e+00  6.664947e-01 -2.559235e+00
1.630960e-01  2.202020e+00 -1.378336e+01  4.498877e+00 -1.250334e+00 -1.366814e+01  3.300879e+00  6.541149e-01 -2.569757e+00
1.644606e-01  2.112023e+00 -1.370305e+01  4.437962e+00 -1.231958e+00 -1.352477e+01  3.222715e+00  6.374011e-01 -2.583832e+00
1.662611e-01  1.998915e+00 -1.359425e+01  4.356470e+00 -1.207400e+00 -1.333681e+01  3.120263e+00  6.155000e-01 -2.602045e+00
1.685795e-01  1.862193e+00 -1.344974e+01  4.249823e+00 -1.175303e+00 -1.309688e+01  2.989511e+00  5.875598e-01 -2.624906e+00
1.715015e-01  1.703185e+00 -1.326124e+01  4.112999e+00 -1.134186e+00 -1.279798e+01  2.826670e+00  5.527803e-01 -2.652778e+00
1.751145e-01  1.525310e+00 -1.301961e+01  3.940698e+00 -1.082498e+00 -1.243400e+01  2.628456e+00  5.104738e-01 -2.685805e+00
1.795059e-01  1.334048e+00 -1.271535e+01  3.727653e+00 -1.018710e+00 -1.200032e+01  2.392416e+00  4.601370e-01 -2.723843e+00
1.847607e-01  1.136568e+00 -1.233938e+01  3.469097e+00 -9.414647e-01 -1.149444e+01  2.117293e+00  4.015308e-01 -2.766385e+00
1.909597e-01  9.409944e-01 -1.188414e+01  3.161394e+00 -8.497569e-01 -1.091661e+01  1.803396e+00  3.347623e-01 -2.812510e+00
1.981774e-01  7.554342e-01 -1.134492e+01  2.802769e+00 -7.431602e-01 -1.027040e+01  1.452944e+00  2.603588e-01 -2.860851e+00
2.064794e-01  5.869454e-01 -1.072115e+01  2.394055e+00 -6.220491e-01 -9.563026e+00  1.070298e+00  1.793214e-01 -2.909602e+00
2.159211e-01  4.406698e-01 -1.001750e+01  1.939311e+00 -4.877849e-01 -8.805405e+00  6.620556e-01  9.314525e-02 -2.956573e+00
2.265454e-01  3.193289e-01 -9.244346e+00  1.446153e+00 -3.428167e-01 -8.011827e+00  2.369213e-01  3.791938e-03 -2.999287e+00
2.383811e-01  2.231797e-01 -8.417608e+00  9.256776e-01 -1.906584e-01 -7.199194e+00 -1.946675e-01 -8.639133e-02 -3.035130e+00
2.514418e-01  1.503972e-01 -7.557697e+00  3.919133e-01 -3.572080e-02 -6.385891e+00 -6.211491e-01 -1.748064e-01 -3.061533e+00
2.657247e-01  9.773931e-02 -6.687798e+00 -1.391831e-01  1.169941e-01 -5.590432e+00 -1.030634e+00 -2.587804e-01 -3.076169e+00
2.812096e-01  6.129588e-02 -5.831710e+00 -6.510488e-01  2.623008e-01 -4.830035e+00 -1.411793e+00 -3.357650e-01 -3.077146e+00
2.978589e-01  3.714161e-02 -5.011645e+00 -1.127964e+00  3.952807e-01 -4.119369e+00 -1.754717e+00 -4.035303e-01 -3.063164e+00
3.156174e-01  2.178703e-02 -4.246334e+00 -1.556404e+00  5.117073e-01 -3.469622e+00 -2.051636e+00 -4.603295e-01 -3.033616e+00
3.344127e-01  1.240563e-02 -3.549731e+00 -1.926086e+00  6.083827e-01 -2.888016e+00 -2.297398e+00 -5.050119e-01 -2.988634e+00
3.541562e-01  6.878776e-03 -2.930449e+00 -2.230598e+00  6.833439e-01 -2.377780e+00 -2.489664e+00 -5.370717e-01 -2.929055e+00
3.747436e-01  3.724781e-03 -2.391890e+00 -2.467535e+00  7.359200e-01 -1.938539e+00 -2.628815e+00 -5.566330e-01 -2.856331e+00
3.960570e-01  1.972460e-03 -1.932923e+00 -2.638215e+00  7.666516e-01 -1.566969e+00 -2.717616e+00 -5.643777e-01 -2.772402e+00
4.179666e-01  1.022201e-03 -1.548909e+00 -2.747057e+00  7.771001e-01 -1.257616e+00 -2.760717e+00 -5.614337e-01 -2.679530e+00
4.403322e-01  5.209091e-04 -1.232835e+00 -2.800762e+00  7.695910e-01 -1.003712e+00 -2.764058e+00 -5.492404e-01 -2.580133e+00
4.630064e-01  2.654099e-04 -9.763920e-01 -2.807448e+00  7.469306e-01 -7.979126e-01 -2.734279e+00 -5.294116e-01 -2.476631e+00
4.858360e-01  1.387857e-04 -7.708752e-01 -2.775823e+00  7.121373e-01 -6.328836e-01 -2.678189e+00 -5.036098e-01 -2.371307e+00
5.086657e-01  7.469931e-05 -6.078502e-01 -2.714510e+00  6.682115e-01 -5.017224e-01 -2.602330e+00 -4.734423e-01 -2.266216e+00
5.313398e-01  3.885411e-05 -4.795888e-01 -2.631541e+00  6.179606e-01 -3.982164e-01 -2.512669e+00 -4.403851e-01 -2.163114e+00
5.537055e-01  1.715519e-05 -3.793053e-01 -2.534023e+00  5.638817e-01 -3.169699e-01 -2.414414e+00 -4.057343e-01 -2.063436e+00
5.756150e-01  5.552249e-06 -3.012374e-01 -2.427982e+00  5.080983e-01 -2.534290e-01 -2.311923e+00 -3.705829e-01 -1.968292e+00
5.969285e-01  2.079743e-06 -2.406226e-01 -2.318316e+00  4.523406e-01 -2.038397e-01 -2.208707e+00 -3.358162e-01 -1.878489e+00
6.175159e-01  3.240859e-06 -1.936086e-01 -2.208854e+00  3.979578e-01 -1.651653e-01 -2.107481e+00 -3.021226e-01 -1.794568e+00
6.372593e-01  4.741278e-06 -1.571315e-01 -2.102461e+00  3.459523e-01 -1.349865e-01 -2.010257e+00 -2.700124e-01 -1.716837e+00
6.560547e-01  3.942388e-06 -1.287869e-01 -2.001181e+00  2.970249e-01 -1.113986e-01 -1.918444e+00 -2.398422e-01 -1.645420e+00
6.738132e-01  1.077777e-06 -1.067060e-01 -1.906375e+00  2.516242e-01 -9.291565e-02 -1.832956e+00 -2.118396e-01 -1.580291e+00
6.904625e-01 -1.762162e-06 -8.944752e-02 -1.818863e+00  2.099961e-01 -7.838663e-02 -1.754314e+00 -1.861283e-01 -1.521308e+00
7.059474e-01 -2.709922e-06 -7.590624e-02 -1.739049e+00  1.722281e-01 -6.692411e-02 -1.682736e+00 -1.627499e-01 -1.468251e+00
7.202302e-01 -1.495814e-06 -6.523779e-02 -1.667022e+00  1.382885e-01 -5.784617e-02 -1.618209e+00 -1.416839e-01 -1.420836e+00
7.332910e-01  6.782643e-07 -5.679827e-02 -1.602647e+00  1.080597e-01 -5.062955e-02 -1.560557e+00 -1.228634e-01 -1.378744e+00
7.451267e-01  2.255936e-06 -5.009655e-02 -1.545628e+00  8.136401e-02 -4.487255e-02 -1.509488e+00 -1.061889e-01 -1.341630e+00
7.557510e-01  2.384622e-06 -4.475711e-02 -1.495566e+00  5.798471e-02 -4.026627e-02 -1.464632e+00 -9.153814e-02 -1.309138e+00
7.651927e-01  1.239288e-06 -4.049187e-02 -1.451997e+00  3.768203e-02 -3.657241e-02 -1.425569e+00 -7.877487e-02 -1.280906e+00
7.734947e-01 -3.586305e-07 -3.707891e-02 -1.414420e+00  2.020462e-02 -3.360642e-02 -1.391854e+00 -6.775450e-02 -1.256577e+00
7.807123e-01 -1.565436e-06 -3.434646e-02 -1.382316e+00  5.298025e-03 -3.122464e-02 -1.363028e+00 -5.832883e-02 -1.235795e+00
7.869114e-01 -1.943466e-06 -3.216083e-02 -1.355168e+00 -7.289530e-03 -2.931459e-02 -1.338633e+00 -5.034933e-02 -1.218219e+00
7.921662e-01 -1.534901e-06 -3.041722e-02 -1.332464e+00 -1.780316e-02 -2.778749e-02 -1.318219e+00 -4.366952e-02 -1.203515e+00
7.965576e-01 -6.802042e-07 -2.903269e-02 -1.313710e+00 -2.647871e-02 -2.657266e-02 -1.301345e+00 -3.814675e-02 -1.191363e+00
8.001706e-01  2.275255e-07 -2.794088e-02 -1.298429e+00 -3.354098e-02 -2.561319e-02 -1.287589e+00 -3.364349e-02 -1.181457e+00
8.030926e-01  9.120084e-07 -2.708800e-02 -1.286170e+00 -3.920254e-02 -2.486271e-02 -1.276548e+00 -3.002839e-02 -1.173506e+00
8.054110e-01  1.266096e-06 -2.642993e-02 -1.276507e+00 -4.366278e-02 -2.428301e-02 -1.267841e+00 -2.717717e-02 -1.167236e+00
8.072115e-01  1.318083e-06 -2.593000e-02 -1.269041e+00 -4.710713e-02 -2.384222e-02 -1.261112e+00 -2.497337e-02 -1.162390e+00
8.085761e-01  1.165314e-06 -2.555748e-02 -1.263405e+00 -4.970633e-02 -2.351352e-02 -1.256031e+00 -2.330918e-02 -1.158730e+00
8.095818e-01  9.154645e-07 -2.528640e-02 -1.259264e+00 -5.161572e-02 -2.327420e-02 -1.252297e+00 -2.208600e-02 -1.156041e+00
8.102992e-01  6.524478e-07 -2.509481e-02 -1.256316e+00 -5.297463e-02 -2.310497e-02 -1.249639e+00 -2.121514e-02 -1.154126e+00
8.107917e-01  4.259106e-07 -2.496415e-02 -1.254295e+00 -5.390582e-02 -2.298953e-02 -1.247817e+00 -2.061821e-02 -1.152813e+00
8.111144e-01  2.555103e-07 -2.487893e-02 -1.252973e+00 -5.451524e-02 -2.291422e-02 -1.246624e+00 -2.022748e-02 -1.151954e+00
8.113140e-01  1.409384e-07 -2.482636e-02 -1.252156e+00 -5.489194e-02 -2.286775e-02 -1.245887e+00 -1.998594e-02 -1.151423e+00
8.114287e-01  7.178909e-08 -2.479619e-02 -1.251686e+00 -5.510844e-02 -2.284108e-02 -1.245463e+00 -1.984711e-02 -1.151118e+00
8.114887e-01  3.471699e-08 -2.478045e-02 -1.251440e+00 -5.522145e-02 -2.282717e-02 -1.245242e+00 -1.977464e-02 -1.150958e+00
8.115160e-01  1.755474e-08 -2.477326e-02 -1.251328e+00 -5.527308e-02 -2.282082e-02 -1.245141e+00 -1.974153e-02 -1.150885e+00
8.115263e-01  1.108023e-08 -2.477056e-02 -1.251286e+00 -5.529244e-02 -2.281843e-02 -1.245103e+00 -1.972911e-02 -1.150858e+00
8.115291e-01  9.315561e-09 -2.476983e-02 -1.251275e+00 -5.529771e-02 -2.281778e-02 -1.245093e+00 -1.972573e-02 -1.150851e+00
8.115295e-01  9.054976e-09 -2.476972e-02 -1.251273e+00 -5.529849e-02 -2.281769e-02 -1.245091e+00 -1.972523e-02 -1.150850e+00
8.115296e-01  9.046538e-09 -2.476971e-02 -1.251273e+00 -5.529859e-02 -2.281768e-02 -1.245091e+00 -1.972516e-02 -1.150849e+00
8.115308e-01  9.046218e-09 -2.476937e-02 -1.251268e+00 -5.530097e-02 -2.281738e-02 -1.245086e+00 -1.972363e-02 -1.150846e+00
8.115394e-01  9.044048e-09 -2.476713e-02 -1.251233e+00 -5.531711e-02 -2.281540e-02 -1.245055e+00 -1.971328e-02 -1.150823e+00
8.115709e-01  9.036077e-09 -2.475886e-02 -1.251104e+00 -5.537644e-02 -2.280809e-02 -1.244938e+00 -1.967523e-02 -1.150740e+00
8.116547e-01  9.014859e-09 -2.473685e-02 -1.250761e+00 -5.553457e-02 -2.278864e-02 -1.244629e+00 -1.957382e-02 -1.150517e+00
8.118383e-01  8.968583e-09 -2.468874e-02 -1.250010e+00 -5.588052e-02 -2.274613e-02 -1.243952e+00 -1.935194e-02 -1.150029e+00
8.121899e-01  8.880558e-09 -2.459685e-02 -1.248573e+00 -5.654260e-02 -2.266493e-02 -1.242655e+00 -1.892724e-02 -1.149095e+00
8.128014e-01  8.729342e-09 -2.443786e-02 -1.246077e+00 -5.769257e-02 -2.252439e-02 -1.240403e+00 -1.818943e-02 -1.147472e+00
8.137899e-01  8.489864e-09 -2.418300e-02 -1.242050e+00 -5.954749e-02 -2.229904e-02 -1.236770e+00 -1.699889e-02 -1.144855e+00
8.152987e-01  8.135937e-09 -2.379914e-02 -1.235923e+00 -6.236874e-02 -2.195944e-02 -1.231240e+00 -1.518709e-02 -1.140871e+00
8.174968e-01  7.644483e-09 -2.325079e-02 -1.227039e+00 -6.645758e-02 -2.147397e-02 -1.223221e+00 -1.255902e-02 -1.135092e+00
8.205780e-01  7.001399e-09 -2.250336e-02 -1.214670e+00 -7.214650e-02 -2.081154e-02 -1.212051e+00 -8.898014e-03 -1.127041e+00
8.247587e-01  6.208330e-09 -2.152754e-02 -1.198047e+00 -7.978590e-02 -1.994541e-02 -1.197029e+00 -3.973358e-03 -1.116209e+00
8.302747e-01  5.288714e-09 -2.030455e-02 -1.176392e+00 -8.972556e-02 -1.885774e-02 -1.177442e+00  2.449142e-03 -1.102080e+00
8.373776e-01  4.290571e-09 -1.883161e-02 -1.148972e+00 -1.022907e-01 -1.754439e-02 -1.152614e+00  1.059358e-02 -1.084154e+00
8.463297e-01  3.283286e-09 -1.712659e-02 -1.115156e+00 -1.177536e-01 -1.601907e-02 -1.121946e+00  2.065754e-02 -1.061984e+00
8.573988e-01  2.346751e-09 -1.523052e-02 -1.074481e+00 -1.363004e-01 -1.431576e-02 -1.084982e+00  3.279346e-02 -1.035211e+00
8.708525e-01  1.553933e-09 -1.320667e-02 -1.026720e+00 -1.579976e-01 -1.248832e-02 -1.041464e+00  4.708888e-02 -1.003604e+00
8.869516e-01  9.516698e-10 -1.113567e-02 -9.719473e-01 -1.827589e-01 -1.060657e-02 -9.913876e-01  6.354713e-02 -9.670885e-01
9.059434e-01  5.473854e-10 -9.106623e-03 -9.105882e-01 -2.103182e-01 -8.749078e-03 -9.350486e-01  8.207073e-02 -9.257780e-01
9.280559e-01  3.089635e-10 -7.205892e-03 -8.434481e-01 -2.402136e-01 -6.993515e-03 -8.730704e-01  1.024500e-01 -8.799888e-01
9.534907e-01  1.799343e-10 -5.505611e-03 -7.717041e-01 -2.717862e-01 -5.406651e-03 -8.064036e-01  1.243597e-01 -8.302409e-01
9.824170e-01  1.039473e-10 -4.054751e-03 -6.968583e-01 -3.042001e-01 -4.036131e-03 -7.362938e-01  1.473654e-01 -7.772420e-01
1.014966e+00  4.610428e-11 -2.874740e-03 -6.206479e-01 -3.364818e-01 -2.905934e-03 -6.642157e-01  1.709410e-01 -7.218550e-01
1.051227e+00 -6.069027e-13 -1.960408e-03 -5.449225e-01 -3.675811e-01 -2.016341e-03 -5.917771e-01  1.944974e-01 -6.650499e-01
1.091241e+00 -2.648654e-11 -1.285487e-03 -4.715004e-01 -3.964446e-01 -1.347990e-03 -5.206045e-01  2.174184e-01 -6.078463e-01
1.134999e+00 -2.457444e-11 -8.107029e-04 -4.020258e-01 -4.220950e-01 -8.684925e-04 -4.522239e-01  2.391016e-01 -5.512523e-01
1.182440e+00 -3.218734e-12 -4.921304e-04 -3.378475e-01 -4.437059e-01 -5.396978e-04 -3.879535e-01  2.589991e-01 -4.962058e-01
1.233448e+00  1.747514e-11 -2.879600e-04 -2.799365e-01 -4.606614e-01 -3.239116e-04 -3.288233e-01  2.766522e-01 -4.435265e-01
1.287854e+00  2.091629e-11 -1.627287e-04 -2.288509e-01 -4.725930e-01 -1.881071e-04 -2.755292e-01  2.917169e-01 -3.938802e-01
1.345437e+00  6.716361e-12 -8.902403e-05 -1.847497e-01 -4.793914e-01 -1.059480e-04 -2.284260e-01  3.039780e-01 -3.477603e-01
1.405925e+00 -1.072038e-11 -4.727425e-05 -1.474453e-01 -4.811926e-01 -5.803085e-05 -1.875535e-01  3.133509e-01 -3.054843e-01
1.468998e+00 -1.607432e-11 -2.444412e-05 -1.164814e-01 -4.783444e-01 -3.100727e-05 -1.526881e-01  3.198728e-01 -2.672038e-01
1.534295e+00 -6.499199e-12 -1.236000e-05 -9.122127e-02 -4.713581e-01 -1.622520e-05 -1.234079e-01  3.236853e-01 -2.329252e-01
1.601419e+00  7.356442e-12 -6.150223e-06 -7.093258e-02 -4.608551e-01 -8.355673e-06 -9.916198e-02  3.250125e-01 -2.025358e-01
1.669940e+00  1.248956e-11 -3.032874e-06 -5.485910e-02 -4.475133e-01 -4.257493e-06 -7.933325e-02  3.241373e-01 -1.758328e-01
1.739407e+00  5.511765e-12 -1.484643e-06 -4.227483e-02 -4.320201e-01 -2.153006e-06 -6.329108e-02  3.213769e-01 -1.525513e-01
1.809349e+00 -5.552179e-12 -7.133768e-07 -3.251942e-02 -4.150334e-01 -1.078434e-06 -5.043023e-02  3.170631e-01 -1.323895e-01
1.879292e+00 -1.006329e-11 -3.311425e-07 -2.501703e-02 -3.971539e-01 -5.334824e-07 -4.019645e-02  3.115234e-01 -1.150294e-01
1.948758e+00 -4.768471e-12 -1.525969e-07 -1.928229e-02 -3.789069e-01 -2.643845e-07 -3.210048e-02  3.050685e-01 -1.001533e-01
2.017280e+00  4.277813e-12 -8.005710e-08 -1.491722e-02 -3.607336e-01 -1.380344e-07 -2.572303e-02  2.979822e-01 -8.745598e-02
2.084403e+00  8.455656e-12 -5.273088e-08 -1.160293e-02 -3.429896e-01 -7.934172e-08 -2.071333e-02  2.905159e-01 -7.665234e-02
2.149701e+00  4.614383e-12 -3.477050e-08 -9.088580e-03 -3.259488e-01 -4.678098e-08 -1.678364e-02  2.828854e-01 -6.748244e-02
2.212774e+00 -2.950794e-12 -1.443714e-08 -7.179903e-03 -3.098114e-01 -2.303179e-08 -1.370170e-02  2.752711e-01 -5.971358e-02
2.273262e+00 -7.303298e-12  3.045687e-09 -5.728193e-03 -2.947132e-01 -6.157049e-09 -1.128248e-02  2.678191e-01 -5.314055e-02
2.330845e+00 -5.126128e-12  9.298534e-09 -4.620663e-03 -2.807363e-01  1.178894e-09 -9.380015e-03  2.606440e-01 -4.758466e-02
2.385251e+00  1.106625e-12  3.552468e-09 -3.772337e-03 -2.679193e-01 -3.593836e-10 -7.880100e-03  2.538323e-01 -4.289177e-02
2.436259e+00  6.038593e-12 -6.542384e-09 -3.119484e-03 -2.562663e-01 -5.507651e-09 -6.693880e-03  2.474460e-01 -3.893008e-02
2.483700e+00  6.052992e-12 -1.183427e-08 -2.614452e-03 -2.457559e-01 -8.269345e-09 -5.752511e-03  2.415261e-01 -3.558753e-02
2.527458e+00  1.657629e-12 -8.631052e-09 -2.221656e-03 -2.363477e-01 -6.081955e-09 -5.002787e-03  2.360965e-01 -3.276932e-02
2.567472e+00 -3.635009e-12 -1.311967e-10 -1.914520e-03 -2.279879e-01 -7.108882e-10 -4.403623e-03  2.311664e-01 -3.039552e-02
2.603732e+00 -6.273341e-12  7.385005e-09 -1.673156e-03 -2.206142e-01  4.071661e-09 -3.923283e-03  2.267336e-01 -2.839885e-02
2.636282e+00 -4.956829e-12  9.470626e-09 -1.482628e-03 -2.141590e-01  5.530866e-09 -3.537203e-03  2.227867e-01 -2.672271e-02
2.665208e+00 -9.276104e-13  5.864591e-09 -1.331669e-03 -2.085521e-01  3.466672e-09 -3.226318e-03  2.193072e-01 -2.531943e-02
2.690643e+00  3.337199e-12 -4.495556e-10 -1.211738e-03 -2.037225e-01 -3.194186e-10 -2.975769e-03  2.162712e-01 -2.414880e-02
2.712755e+00  5.757707e-12 -5.806843e-09 -1.116318e-03 -1.995999e-01 -3.580451e-09 -2.773918e-03  2.136504e-01 -2.317677e-02
2.731747e+00  5.576807e-12 -7.966845e-09 -1.040402e-03 -1.961153e-01 -4.922608e-09 -2.611590e-03  2.114139e-01 -2.237435e-02
2.747846e+00  3.325777e-12 -6.747281e-09 -9.801175e-04 -1.932019e-01 -4.208791e-09 -2.481496e-03  2.095290e-01 -2.171674e-02
2.761300e+00  1.961402e-13 -3.412387e-09 -9.324318e-04 -1.907956e-01 -2.194867e-09 -2.377795e-03  2.079615e-01 -2.118257e-02
2.772369e+00 -2.653823e-12  3.763109e-10 -8.949472e-04 -1.888351e-01  1.098442e-10 -2.295752e-03  2.066772e-01 -2.075331e-02
2.781321e+00 -4.516792e-12  3.363229e-09 -8.657409e-04 -1.872622e-01  1.936730e-09 -2.231490e-03  2.056422e-01 -2.041275e-02
2.788424e+00 -5.213870e-12  5.000543e-09 -8.432513e-04 -1.860223e-01  2.946605e-09 -2.181794e-03  2.048233e-01 -2.014666e-02
2.793940e+00 -4.947660e-12  5.346116e-09 -8.261931e-04 -1.850642e-01  3.170356e-09 -2.143972e-03  2.041888e-01 -1.994250e-02
2.798121e+00 -4.087851e-12  4.787327e-09 -8.134971e-04 -1.843410e-01  2.841509e-09 -2.115747e-03  2.037087e-01 -1.978920e-02
2.801202e+00 -2.998182e-12  3.780160e-09 -8.042667e-04 -1.838095e-01  2.236960e-09 -2.095185e-03  2.033554e-01 -1.967699e-02
2.803400e+00 -1.944253e-12  2.690423e-09 -7.977468e-04 -1.834311e-01  1.579597e-09 -2.080640e-03  2.031036e-01 -1.959735e-02
2.804909e+00 -1.072460e-12  1.739747e-09 -7.933027e-04 -1.831718e-01  1.004869e-09 -2.070715e-03  2.029308e-01 -1.954287e-02
2.805897e+00 -4.309007e-13  1.019670e-09 -7.904046e-04 -1.830021e-01  5.690524e-10 -2.064238e-03  2.028177e-01 -1.950727e-02
2.806509e+00 -4.826730e-15  5.336006e-10 -7.886173e-04 -1.828972e-01  2.746791e-10 -2.060242e-03  2.027477e-01 -1.948528e-02
2.806861e+00  2.505605e-13  2.395854e-10 -7.875916e-04 -1.828369e-01  9.655540e-11 -2.057948e-03  2.027075e-01 -1.947264e-02
2.807044e+00  3.869754e-13  8.177205e-11 -7.870566e-04 -1.828054e-01  9.292158e-13 -2.056751e-03  2.026865e-01 -1.946605e-02
2.807128e+00  4.500142e-13  8.671071e-12 -7.868122e-04 -1.827910e-01 -4.336996e-11 -2.056205e-03  2.026769e-01 -1.946304e-02
2.807159e+00  4.737776e-13 -1.891338e-11 -7.867206e-04 -1.827857e-01 -6.008677e-11 -2.056000e-03  2.026733e-01 -1.946191e-02
2.807168e+00  4.802527e-13 -2.643232e-11 -7.866956e-04 -1.827842e-01 -6.464348e-11 -2.055944e-03  2.026724e-01 -1.946160e-02
2.807169e+00  4.812088e-13 -2.754265e-11 -7.866920e-04 -1.827840e-01 -6.531638e-11 -2.055936e-03  2.026722e-01 -1.946156e-02
2.807169e+00  4.812387e-13 -2.757852e-11 -7.866914e-04 -1.827839e-01 -6.533806e-11 -2.055935e-03  2.026722e-01 -1.946155e-02
2.807174e+00  4.812073e-13 -2.757738e-11 -7.866786e-04 -1.827832e-01 -6.533546e-11 -2.055906e-03  2.026717e-01 -1.946139e-02
2.807204e+00  4.809948e-13 -2.756962e-11 -7.865916e-04 -1.827781e-01 -6.531783e-11 -2.055711e-03  2.026683e-01 -1.946032e-02
2.807313e+00  4.802139e-13 -2.754113e-11 -7.862720e-04 -1.827592e-01 -6.525306e-11 -2.054996e-03  2.026557e-01 -1.945638e-02
2.807606e+00  4.781369e-13 -2.746529e-11 -7.854205e-04 -1.827091e-01 -6.508067e-11 -2.053092e-03  2.026223e-01 -1.944588e-02
2.808246e+00  4.736135e-13 -2.729996e-11 -7.835604e-04 -1.825994e-01 -6.470480e-11 -2.048930e-03  2.025491e-01 -1.942293e-02
2.809473e+00  4.650352e-13 -2.698573e-11 -7.800099e-04 -1.823894e-01 -6.399025e-11 -2.040981e-03  2.024089e-01 -1.937904e-02
2.811606e+00  4.503789e-13 -2.644672e-11 -7.738733e-04 -1.820247e-01 -6.276410e-11 -2.027232e-03  2.021652e-01 -1.930296e-02
2.815055e+00  4.273799e-13 -2.559519e-11 -7.640548e-04 -1.814364e-01 -6.082579e-11 -2.005200e-03  2.017717e-01 -1.918061e-02
2.820318e+00  3.938837e-13 -2.434161e-11 -7.493090e-04 -1.805417e-01 -5.796940e-11 -1.972038e-03  2.011721e-01 -1.899542e-02
2.827987e+00  3.484059e-13 -2.261121e-11 -7.283353e-04 -1.792452e-01 -5.402044e-11 -1.924710e-03  2.003006e-01 -1.872893e-02
2.838736e+00  2.908676e-13 -2.036662e-11 -6.999220e-04 -1.774414e-01 -4.888630e-11 -1.860286e-03  1.990833e-01 -1.836189e-02
2.853321e+00  2.233606e-13 -1.763324e-11 -6.631379e-04 -1.750195e-01 -4.261331e-11 -1.776330e-03  1.974396e-01 -1.787575e-02
2.872564e+00  1.506609e-13 -1.452037e-11 -6.175531e-04 -1.718685e-01 -3.543508e-11 -1.671361e-03  1.952852e-01 -1.725465e-02
2.897343e+00  8.009972e-14 -1.122756e-11 -5.634513e-04 -1.678850e-01 -2.778913e-11 -1.545335e-03  1.925352e-01 -1.648762e-02
2.928573e+00  2.043595e-14 -8.025531e-12 -5.019827e-04 -1.629815e-01 -2.027808e-11 -1.400025e-03  1.891087e-01 -1.557087e-02
2.967189e+00 -2.034210e-14 -5.206341e-12 -4.351969e-04 -1.570961e-01 -1.356291e-11 -1.239212e-03  1.849339e-01 -1.450974e-02
3.014123e+00 -3.781331e-14 -3.009854e-12 -3.659093e-04 -1.502016e-01 -8.202328e-12 -1.068558e-03  1.799537e-01 -1.331991e-02
3.070287e+00 -3.342103e-14 -1.549505e-12 -2.973904e-04 -1.423145e-01 -4.487112e-12 -8.951209e-04  1.741317e-01 -1.202749e-02
3.136542e+00 -1.488227e-14 -7.710292e-13 -2.329206e-04 -1.335008e-01 -2.342132e-12 -7.265393e-04  1.674583e-01 -1.066770e-02
3.213683e+00  6.192748e-15 -4.726703e-13 -1.753067e-04 -1.238789e-01 -1.359579e-12 -5.700320e-04  1.599556e-01 -9.282223e-03
3.302415e+00  1.900414e-14 -3.894071e-13 -1.264815e-04 -1.136172e-01 -9.723833e-13 -4.314258e-04  1.516810e-01 -7.915352e-03
3.403327e+00  1.846745e-14 -3.064025e-13 -8.729479e-05 -1.029264e-01 -6.969153e-13 -3.144456e-04  1.427274e-01 -6.609702e-03
3.516879e+00  7.432989e-15 -1.416247e-13 -5.753859e-05 -9.204719e-02 -3.178756e-13 -2.204291e-04  1.332216e-01 -5.402059e-03
3.643378e+00 -5.553040e-15  5.191860e-14 -3.617768e-05 -8.123298e-02  9.302797e-14 -1.485040e-04  1.233186e-01 -4.320162e-03
3.782971e+00 -1.195328e-14  1.653647e-13 -2.168995e-05 -7.073125e-02  3.326995e-13 -9.612840e-05  1.131930e-01 -3.380896e-03
3.935625e+00 -8.781151e-15  1.386648e-13 -1.240942e-05 -6.076523e-02  2.835331e-13 -5.981020e-05  1.030285e-01 -2.590095e-03
4.101127e+00 -7.983569e-17  1.425161e-14 -6.791332e-06 -5.151856e-02  3.121569e-14 -3.580606e-05  9.300671e-02 -1.943770e-03
4.279073e+00  6.749036e-15 -9.824358e-14 -3.567717e-06 -4.312514e-02 -2.003513e-13 -2.065821e-05  8.329591e-02 -1.430351e-03
4.468875e+00  6.867156e-15 -1.125472e-13 -1.802006e-06 -3.566485e-02 -2.321755e-13 -1.150817e-05  7.404206e-02 -1.033367e-03
4.669759e+00  1.427431e-15 -3.263608e-14 -8.696528e-07 -2.916521e-02 -6.932974e-14 -6.201081e-06  6.536226e-02 -7.340809e-04
4.880776e+00 -4.126622e-15  6.038391e-14 -3.942228e-07 -2.360791e-02  1.229198e-13 -3.237559e-06  5.734135e-02 -5.136637e-04
5.100813e+00 -5.117634e-15  8.561795e-14 -1.664268e-07 -1.893836e-02  1.769916e-13 -1.643212e-06  5.003152e-02 -3.547502e-04
5.328610e+00 -1.476512e-15  3.187504e-14 -7.098353e-08 -1.507673e-02  6.752396e-14 -8.177274e-07  4.345442e-02 -2.423376e-04
5.562778e+00  2.840564e-15 -4.137267e-14 -3.868339e-08 -1.192867e-02 -8.418288e-14 -4.050822e-07  3.760521e-02 -1.641302e-04
5.801821e+00  3.889110e-15 -6.582311e-14 -2.646908e-08 -9.394580e-03 -1.364719e-13 -2.016154e-07  3.245767e-02 -1.104835e-04
6.044160e+00  1.242588e-15 -2.661227e-14 -1.380188e-08 -7.376884e-03 -5.674099e-14 -9.816869e-08  2.796971e-02 -7.410696e-05
6.288163e+00 -2.125497e-15  3.150669e-14  5.752349e-10 -5.785024e-03  6.383796e-14 -4.308769e-08  2.408866e-02 -4.965985e-05
6.532165e+00 -3.019355e-15  5.283241e-14  8.836817e-09 -4.538425e-03  1.096985e-13 -1.545842e-08  2.075599e-02 -3.333248e-05
6.774505e+00 -9.594282e-16  2.273072e-14  6.466283e-09 -3.567767e-03  4.893952e-14 -5.777076e-09  1.791117e-02 -2.246766e-05
7.013547e+00  1.764811e-15 -2.482628e-14 -2.212310e-09 -2.815032e-03 -4.949250e-14 -5.777039e-09  1.549469e-02 -1.524617e-05
7.247715e+00  2.562230e-15 -4.464090e-14 -8.300207e-09 -2.232743e-03 -9.197770e-14 -7.261371e-09  1.345014e-02 -1.044066e-05
7.475513e+00  9.194419e-16 -2.219058e-14 -6.552926e-09 -1.782767e-03 -4.714290e-14 -5.389704e-09  1.172559e-02 -7.232081e-06
7.695550e+00 -1.429334e-15  1.796584e-14  6.677867e-10 -1.434936e-03  3.550109e-14 -5.857803e-10  1.027431e-02 -5.077936e-06
7.906566e+00 -2.339307e-15  3.912571e-14  6.610218e-09 -1.165670e-03  8.022260e-14  3.476244e-09  9.054987e-03 -3.620729e-06
8.107450e+00 -1.162946e-15  2.536903e-14  6.516449e-09 -9.567113e-04  5.315717e-14  3.880194e-09  8.031699e-03 -2.625719e-06
8.297252e+00  9.157311e-16 -8.428759e-15  1.198253e-09 -7.940235e-04 -1.610494e-14  9.260968e-10  7.173536e-03 -1.939088e-06
8.475199e+00  2.115245e-15 -3.336857e-14 -4.567239e-09 -6.668709e-04 -6.826777e-14 -2.579246e-09  6.454181e-03 -1.459952e-06
8.640700e+00  1.558617e-15 -3.124402e-14 -6.423182e-09 -5.670698e-04 -6.517260e-14 -3.901456e-09  5.851390e-03 -1.121792e-06
8.793354e+00 -1.936221e-16 -6.325356e-15 -3.565029e-09 -4.883923e-04 -1.464271e-14 -2.369746e-09  5.346475e-03 -8.803164e-07
8.932947e+00 -1.781251e-15  2.170017e-14  1.418495e-09 -4.261000e-04  4.336715e-14  5.826245e-10  4.923800e-03 -7.057160e-07
9.059447e+00 -2.126561e-15  3.403960e-14  5.028513e-09 -3.765840e-04  7.003917e-14  2.855045e-09  4.570315e-03 -5.777895e-07
9.172998e+00 -1.098543e-15  2.474550e-14  5.307534e-09 -3.370885e-04  5.246717e-14  3.189103e-09  4.275138e-03 -4.828224e-07
9.273910e+00  5.800791e-16  1.596342e-15  2.646400e-09 -3.055019e-04  5.906739e-15  1.726497e-09  4.029198e-03 -4.115017e-07
9.362642e+00  1.922509e-15 -2.148010e-14 -1.054907e-09 -2.801989e-04 -4.142999e-14 -4.429012e-10  3.824912e-03 -3.574647e-07
9.439784e+00  2.268697e-15 -3.334704e-14 -3.828909e-09 -2.599212e-04 -6.662646e-14 -2.136897e-09  3.655927e-03 -3.162856e-07
9.506039e+00  1.540641e-15 -3.045845e-14 -4.650587e-09 -2.436881e-04 -6.203550e-14 -2.707173e-09  3.516890e-03 -2.847996e-07
9.562202e+00  1.321544e-16 -1.634954e-14 -3.622194e-09 -2.307291e-04 -3.445030e-14 -2.176451e-09  3.403269e-03 -2.606791e-07
9.609136e+00 -1.387560e-15  2.022286e-15 -1.551518e-09 -2.204329e-04  2.219329e-15 -1.002390e-09  3.311200e-03 -2.421823e-07
9.647752e+00 -2.548884e-15  1.814685e-14  6.281550e-10 -2.123092e-04  3.479686e-14  2.659885e-10  3.237360e-03 -2.279992e-07
9.678982e+00 -3.120121e-15  2.820667e-14  2.261332e-09 -2.059602e-04  5.545025e-14  1.233955e-09  3.178876e-03 -2.171467e-07
9.703762e+00 -3.104675e-15  3.140747e-14  3.095926e-09 -2.010590e-04  6.242974e-14  1.742594e-09  3.133241e-03 -2.088876e-07
9.723005e+00 -2.656194e-15  2.908057e-14  3.203321e-09 -1.973340e-04  5.829910e-14  1.825879e-09  3.098264e-03 -2.026642e-07
9.737589e+00 -1.978399e-15  2.344419e-14  2.819600e-09 -1.945572e-04  4.745165e-14  1.618198e-09  3.072021e-03 -1.980455e-07
9.748339e+00 -1.251550e-15  1.662541e-14  2.204830e-09 -1.925359e-04  3.413528e-14  1.270822e-09  3.052825e-03 -1.946896e-07
9.756007e+00 -5.976575e-16  1.015170e-14  1.561286e-09 -1.911069e-04  2.141716e-14  9.026403e-10  3.039205e-03 -1.923179e-07
9.761270e+00 -7.704876e-17  4.847156e-15  1.008346e-09 -1.901323e-04  1.096402e-14  5.844809e-10  3.029893e-03 -1.906999e-07
9.764719e+00  2.978346e-16  9.640591e-16  5.929434e-10 -1.894964e-04  3.298858e-15  3.447272e-10  3.023807e-03 -1.896438e-07
9.766852e+00  5.436918e-16 -1.607006e-15  3.138272e-10 -1.891041e-04 -1.781376e-15  1.833553e-10  3.020049e-03 -1.889921e-07
9.768079e+00  6.900110e-16 -3.145470e-15  1.454299e-10 -1.888790e-04 -4.822952e-15  8.590259e-11  3.017891e-03 -1.886179e-07
9.768719e+00  7.678687e-16 -3.966490e-15  5.516678e-11 -1.887615e-04 -6.446610e-15  3.363990e-11  3.016764e-03 -1.884227e-07
9.769012e+00  8.037800e-16 -4.345722e-15  1.338404e-11 -1.887079e-04 -7.196693e-15  9.441504e-12  3.016250e-03 -1.883335e-07
9.769122e+00  8.173064e-16 -4.488652e-15 -2.378010e-12 -1.886878e-04 -7.479411e-15  3.119630e-13  3.016057e-03 -1.883000e-07
9.769151e+00  8.209911e-16 -4.527595e-15 -6.673986e-12 -1.886823e-04 -7.556444e-15 -2.176401e-12  3.016004e-03 -1.882909e-07
9.769156e+00  8.215351e-16 -4.533345e-15 -7.308364e-12 -1.886815e-04 -7.567818e-15 -2.543857e-12  3.015996e-03 -1.882896e-07
9.769157e+00  8.215508e-16 -4.533521e-15 -7.328869e-12 -1.886813e-04 -7.568166e-15 -2.555737e-12  3.015995e-03 -1.882894e-07
9.769176e+00  8.214900e-16 -4.533194e-15 -7.328476e-12 -1.886778e-04 -7.567539e-15 -2.555612e-12  3.015961e-03 -1.882838e-07
9.769305e+00  8.210783e-16 -4.530977e-15 -7.325816e-12 -1.886541e-04 -7.563297e-15 -2.554768e-12  3.015733e-03 -1.882460e-07
9.769782e+00  8.195662e-16 -4.522835e-15 -7.316047e-12 -1.885668e-04 -7.547713e-15 -2.551668e-12  3.014896e-03 -1.881070e-07
9.771053e+00  8.155449e-16 -4.501175e-15 -7.290054e-12 -1.883344e-04 -7.506274e-15 -2.543419e-12  3.012663e-03 -1.877371e-07
9.773833e+00  8.067923e-16 -4.454001e-15 -7.233423e-12 -1.878267e-04 -7.416101e-15 -2.525444e-12  3.007784e-03 -1.869299e-07
9.779159e+00  7.902132e-16 -4.364524e-15 -7.125933e-12 -1.868582e-04 -7.245372e-15 -2.491308e-12  2.998460e-03 -1.853932e-07
9.788423e+00  7.619476e-16 -4.211609e-15 -6.941998e-12 -1.851856e-04 -6.954539e-15 -2.432847e-12  2.982315e-03 -1.827493e-07
9.803397e+00  7.177515e-16 -3.971551e-15 -6.652602e-12 -1.825134e-04 -6.500419e-15 -2.340732e-12  2.956402e-03 -1.785514e-07
9.826253e+00  6.537494e-16 -3.621724e-15 -6.229323e-12 -1.785093e-04 -5.844242e-15 -2.205691e-12  2.917295e-03 -1.723221e-07
9.859551e+00  5.676094e-16 -3.146447e-15 -5.650821e-12 -1.728329e-04 -4.964089e-15 -2.020472e-12  2.861265e-03 -1.636190e-07
9.906227e+00  4.600365e-16 -2.544812e-15 -4.911438e-12 -1.651794e-04 -3.870524e-15 -1.782477e-12  2.784571e-03 -1.521279e-07
9.969557e+00  3.362331e-16 -1.839125e-15 -4.030399e-12 -1.553358e-04 -2.621480e-15 -1.496624e-12  2.683856e-03 -1.377736e-07
1.005312e+01  2.066739e-16 -1.081136e-15 -3.058481e-12 -1.432431e-04 -1.329251e-15 -1.177523e-12  2.556642e-03 -1.208255e-07
1.016071e+01  8.636100e-17 -3.519944e-16 -2.077834e-12 -1.290532e-04 -1.507440e-16 -8.496873e-13  2.401854e-03 -1.019611e-07
1.029632e+01 -8.084806e-18  2.482439e-16 -1.190874e-12 -1.131627e-04  7.453858e-16 -5.445218e-13  2.220313e-03 -8.224601e-08
1.046400e+01 -6.336541e-17  6.234196e-16 -4.970956e-13 -9.620614e-05  1.232043e-15 -2.936726e-13  2.015067e-03 -6.300100e-08
1.066781e+01 -7.504376e-17  7.130678e-16 -6.243610e-14 -7.899821e-05  1.280367e-15 -1.199496e-13  1.791459e-03 -4.556044e-08
1.091168e+01 -5.100910e-17  5.230404e-16  1.075130e-13 -6.242619e-05  9.900778e-16 -2.901429e-14  1.556847e-03 -3.098019e-08
1.119938e+01 -1.007161e-17  1.397015e-16  7.579986e-14 -4.731366e-05  5.647072e-16 -6.097985e-15  1.319950e-03 -1.979436e-08
1.153435e+01  2.525165e-17 -2.860694e-16 -4.612692e-14 -3.428933e-05  2.264249e-16 -2.085886e-14  1.089913e-03 -1.192631e-08
1.191965e+01  3.914874e-17 -5.878111e-16 -1.436327e-13 -2.369876e-05  1.055222e-16 -3.973009e-14  8.752289e-04 -6.805213e-09
1.235784e+01  3.032744e-17 -6.500814e-16 -1.488852e-13 -1.558365e-05  1.714237e-16 -4.033886e-14  6.827541e-04 -3.640837e-09
1.285091e+01  1.153395e-17 -4.618780e-16 -6.732953e-14 -9.729440e-06  2.625307e-16 -2.003009e-14  5.170095e-04 -1.721917e-09
1.340020e+01 -1.792136e-19 -1.250875e-16  3.760554e-14 -5.757566e-06  2.107325e-16  7.008870e-15  3.799056e-04 -5.894997e-10
1.400635e+01  3.590579e-18  1.939960e-16  9.395536e-14 -3.227262e-06 -2.173724e-17  2.250073e-14  2.709111e-04 -1.978113e-11
1.466922e+01  1.613667e-17  3.491618e-16  7.229293e-14 -1.717100e-06 -3.032997e-16  1.811670e-14  1.875706e-04  1.203691e-10
1.538787e+01  2.148067e-17  2.883319e-16  2.574721e-15 -8.735531e-07 -4.371746e-16  8.618851e-16  1.262077e-04  3.042376e-12
1.616056e+01  8.492258e-18  7.281860e-17 -5.444691e-14 -4.297950e-07 -3.326854e-16 -1.375347e-14  8.263607e-05 -1.526980e-10
1.698474e+01 -1.848817e-17 -1.695526e-16 -5.709357e-14 -2.047771e-07 -9.455235e-17 -1.470325e-14  5.274451e-05 -1.807826e-10
1.785703e+01 -4.227243e-17 -3.253077e-16 -1.302138e-14 -9.062882e-08  6.139333e-17 -3.682532e-15  3.288807e-05 -6.267628e-11
1.877332e+01 -4.706666e-17 -3.557251e-16  3.348495e-14 -3.281295e-08  1.981846e-18  7.935728e-15  2.008251e-05  8.669328e-11
1.972878e+01 -3.182650e-17 -2.993974e-16  4.313215e-14 -7.374287e-09 -1.971751e-16  9.972381e-15  1.204114e-05  1.370266e-10
2.071794e+01 -1.050594e-17 -2.238883e-16  1.410630e-14 -1.738878e-09 -3.199321e-16  2.071672e-15  7.108769e-06  5.967764e-11
2.173476e+01  9.649972e-19 -1.701064e-16 -2.174096e-14 -4.847171e-09 -2.163611e-16 -7.272239e-15  4.144888e-06 -5.843829e-11
2.277275e+01 -1.461608e-18 -1.329349e-16 -3.163181e-14 -7.046362e-09  4.939625e-17 -9.437381e-15  2.395446e-06 -1.061930e-10
2.382505e+01 -8.360038e-18 -8.659607e-17 -1.100735e-14 -4.089586e-09  2.592083e-16 -3.449072e-15  1.378213e-06 -5.082017e-11
2.488458e+01 -8.412906e-18 -2.458005e-17  1.659302e-14  1.639805e-09  2.556489e-16  4.138980e-15  7.929916e-07  4.304620e-11
2.594410e+01 -1.091130e-18  2.509867e-17  2.492506e-14  4.954721e-09  1.000125e-16  6.208780e-15  4.576428e-07  8.501115e-11
2.699641e+01  2.439296e-18  2.244936e-17  9.202588e-15  3.286637e-09  1.178513e-17  1.681771e-15  2.649248e-07  4.406098e-11
2.803440e+01 -8.949133e-18 -4.663222e-17 -1.270326e-14 -1.195733e-09  1.412467e-16 -4.209980e-15  1.537369e-07 -3.198860e-11
2.905122e+01 -3.370024e-17 -1.526325e-16 -1.969930e-14 -4.126767e-09  3.942032e-16 -5.393560e-15  8.990911e-08 -7.058485e-11
3.004038e+01 -5.655892e-17 -2.409717e-16 -6.885367e-15 -3.105944e-09  4.839549e-16 -4.767212e-16  5.387985e-08 -4.221415e-11
3.099584e+01 -6.049639e-17 -2.710039e-16  1.235777e-14  5.050445e-10  1.746133e-16  6.553499e-15  3.372684e-08  2.032222e-11
3.191213e+01 -4.092152e-17 -2.435477e-16  2.060463e-14  3.330255e-09 -4.954670e-16  1.031277e-14  2.197376e-08  5.957620e-11
3.278442e+01 -9.898792e-18 -1.966230e-16  1.184761e-14  3.130336e-09 -1.202499e-15  8.543658e-15  1.433987e-08  4.551560e-11
3.360859e+01  1.269770e-17 -1.754799e-16 -5.136632e-15  4.387598e-10 -1.547325e-15  3.367596e-15  8.931371e-09 -4.375336e-12
3.438128e+01  1.332345e-17 -2.012001e-16 -1.605447e-14 -2.346536e-09 -1.319351e-15 -1.094138e-15  5.248785e-09 -4.696382e-11
3.509994e+01 -6.772724e-18 -2.595090e-16 -1.308404e-14 -3.139545e-09 -6.215655e-16 -2.115577e-15  3.180645e-09 -5.103683e-11
3.576280e+01 -3.395375e-17 -3.138155e-16  2.998195e-16 -1.639611e-09  2.126042e-16  9.463159e-18  2.394963e-09 -1.813793e-11
3.636895e+01 -5.208303e-17 -3.297201e-16  1.372194e-14  8.231241e-10  8.270172e-16  2.866746e-15  2.279188e-09  2.484608e-11
3.691825e+01 -5.213502e-17 -2.937833e-16  1.822200e-14  2.536233e-09  1.026622e-15  4.056224e-15  2.219067e-09  4.895445e-11
3.741132e+01 -3.572300e-17 -2.170427e-16  1.178493e-14  2.586544e-09  8.368379e-16  2.768011e-15  1.875978e-09  4.209436e-11
3.784951e+01 -1.198979e-17 -1.252067e-16 -8.299803e-16  1.215567e-09  4.371770e-16 -7.668134e-17  1.254592e-09  1.244433e-11
3.823481e+01  8.604003e-18 -4.432604e-17 -1.226872e-14 -6.196796e-10  3.930276e-17 -2.779469e-15  5.703995e-10 -2.117105e-11
3.856978e+01  1.938071e-17  9.607119e-18 -1.709804e-14 -1.957507e-09 -2.120740e-16 -3.996663e-15  5.422538e-11 -4.208168e-11
3.885747e+01  1.921339e-17  3.353801e-17 -1.400495e-14 -2.314764e-09 -2.755127e-16 -3.341894e-15 -1.786716e-10 -4.344017e-11
3.910135e+01  1.125113e-17  3.407013e-17 -5.276928e-15 -1.762753e-09 -1.923061e-16 -1.312458e-15 -1.514199e-10 -2.844437e-11
3.930515e+01  2.944946e-19  2.173758e-17  5.221033e-15 -7.114830e-10 -4.001738e-17  1.181413e-15  2.786024e-11 -5.754353e-12
3.947283e+01 -9.512730e-18  6.125740e-18  1.405545e-14  3.765839e-10  1.096345e-16  3.308098e-15  2.380964e-10  1.582569e-11
3.960844e+01 -1.584197e-17 -6.630192e-18  1.932446e-14  1.181762e-09  2.131569e-16  4.594539e-15  3.945100e-10  3.067940e-11
3.971604e+01 -1.821413e-17 -1.409601e-17  2.075276e-14  1.585145e-09  2.578350e-16  4.960487e-15  4.632955e-10  3.712643e-11
3.979960e+01 -1.738987e-17 -1.649122e-17  1.916860e-14  1.626687e-09  2.525389e-16  4.597218e-15  4.511453e-10  3.641453e-11
3.986293e+01 -1.462802e-17 -1.532714e-17  1.583067e-14  1.425980e-09  2.156345e-16  3.805214e-15  3.853757e-10  3.114073e-11
3.990960e+01 -1.112801e-17 -1.233674e-17  1.191196e-14  1.112926e-09  1.655819e-16  2.867662e-15  2.964978e-10  2.394467e-11
3.994290e+01 -7.749668e-18 -8.888300e-18  8.240010e-15  7.878548e-10  1.160055e-16  1.985744e-15  2.081384e-10  1.679331e-11
3.996576e+01 -4.960350e-18 -5.809211e-18  5.252240e-15  5.096003e-10  7.453660e-17  1.266600e-15  1.339486e-10  1.079851e-11
3.998073e+01 -2.910503e-18 -3.452308e-18  3.073900e-15  3.009819e-10  4.383946e-17  7.416121e-16  7.887273e-11  6.354602e-12
3.999000e+01 -1.550415e-18 -1.852965e-18  1.634975e-15  1.609677e-10  2.338676e-17  3.945621e-16  4.210663e-11  3.391078e-12
3.999532e+01 -7.356483e-19 -8.829291e-19  7.751113e-16  7.654791e-11  1.110569e-17  1.870834e-16  2.000385e-11  1.610636e-12
3.999810e+01 -3.005807e-19 -3.615447e-19  3.165665e-16  3.131320e-11  4.539618e-18  7.641366e-17  8.178741e-12  6.584387e-13
3.999937e+01 -9.956377e-20 -1.198757e-19  1.048380e-16  1.037759e-11  1.503982e-18  2.530701e-17  2.709913e-12  2.181519e-13
3.999985e+01 -2.379290e-20 -2.865744e-20  2.505143e-17  2.480438e-12  3.594344e-19  6.047285e-18  6.476638e-13  5.213672e-14
3.999998e+01 -3.147110e-21 -3.790929e-21  3.313511e-18  3.281076e-13  4.754367e-20  7.998672e-19  8.566972e-14  6.896342e-15
4.000000e+01 -9.859271e-23 -1.187640e-22  1.038054e-19  1.027904e-14  1.489453e-21  2.505819e-20  2.683874e-15  2.160495e-16
