376 6
 0 0 0 0 1 1
 2 2 2 1 6 6
 -1.283309e+02 -1.277542e+01 -1.233137e+00 -6.446058e-02 -1.021911e+01 -6.466367e-01
0.000000e+00  1.612220e+02 -4.596433e+01  1.599766e+01 -3.570464e+00  1.029835e-07 -3.225641e-08
3.278564e-09  1.612220e+02 -4.596433e+01  1.599766e+01 -3.570463e+00 -6.000073e-07  1.930912e-07
1.046582e-07  1.612216e+02 -4.596424e+01  1.599763e+01 -3.570457e+00 -2.233785e-05  7.161279e-06
7.915214e-07  1.612195e+02 -4.596364e+01  1.599742e+01 -3.570410e+00 -1.696140e-04  5.437148e-05
3.316517e-06  1.612118e+02 -4.596143e+01  1.599665e+01 -3.570239e+00 -7.110033e-04  2.279169e-04
1.004733e-05  1.611912e+02 -4.595555e+01  1.599461e+01 -3.569782e+00 -2.154044e-03  6.904917e-04
2.477810e-05  1.611461e+02 -4.594269e+01  1.599013e+01 -3.568783e+00 -5.311576e-03  1.702656e-03
5.299135e-05  1.610597e+02 -4.591807e+01  1.598156e+01 -3.566870e+00 -1.135660e-02  3.640423e-03
1.020609e-04  1.609096e+02 -4.587527e+01  1.596666e+01 -3.563545e+00 -2.186262e-02  7.008187e-03
1.813877e-04  1.606673e+02 -4.580614e+01  1.594260e+01 -3.558175e+00 -3.882616e-02  1.244594e-02
3.024627e-04  1.602981e+02 -4.570079e+01  1.590593e+01 -3.549991e+00 -6.466800e-02  2.072969e-02
4.788527e-04  1.597619e+02 -4.554765e+01  1.585262e+01 -3.538093e+00 -1.022098e-01  3.276390e-02
7.261078e-04  1.590132e+02 -4.533368e+01  1.577813e+01 -3.521468e+00 -1.546223e-01  4.956500e-02
1.061591e-03  1.580030e+02 -4.504465e+01  1.567750e+01 -3.499007e+00 -2.253436e-01  7.223501e-02
1.504231e-03  1.566802e+02 -4.466553e+01  1.554548e+01 -3.469541e+00 -3.179646e-01  1.019249e-01
2.074209e-03  1.549932e+02 -4.418110e+01  1.537676e+01 -3.431881e+00 -4.360834e-01  1.397878e-01
2.792580e-03  1.528933e+02 -4.357651e+01  1.516613e+01 -3.384866e+00 -5.831309e-01  1.869231e-01
3.680838e-03  1.503366e+02 -4.283802e+01  1.490877e+01 -3.327419e+00 -7.621748e-01  2.443130e-01
4.760448e-03  1.472874e+02 -4.195381e+01  1.460051e+01 -3.258608e+00 -9.757101e-01  3.127556e-01
6.052333e-03  1.437210e+02 -4.091474e+01  1.423809e+01 -3.177703e+00 -1.225450e+00  3.927970e-01
7.576358e-03  1.396264e+02 -3.971507e+01  1.381943e+01 -3.084239e+00 -1.512135e+00  4.846692e-01
9.350803e-03  1.350079e+02 -3.835313e+01  1.334384e+01 -2.978059e+00 -1.835370e+00  5.882378e-01
1.139185e-02  1.298874e+02 -3.683180e+01  1.281222e+01 -2.859360e+00 -2.193520e+00  7.029662e-01
1.371307e-02  1.243035e+02 -3.515872e+01  1.222711e+01 -2.728707e+00 -2.583661e+00  8.279001e-01
1.632504e-02  1.183119e+02 -3.334635e+01  1.159272e+01 -2.587040e+00 -3.001618e+00  9.616772e-01
1.923484e-02  1.119827e+02 -3.141166e+01  1.091487e+01 -2.435652e+00 -3.442070e+00  1.102561e+00
2.244580e-02  1.053979e+02 -2.937558e+01  1.020078e+01 -2.276152e+00 -3.898747e+00  1.248501e+00
2.595722e-02  9.864784e+01 -2.726223e+01  9.458787e+00 -2.110404e+00 -4.364675e+00  1.397215e+00
2.976415e-02  9.182649e+01 -2.509792e+01  8.698064e+00 -1.940453e+00 -4.832488e+00  1.546284e+00
3.385735e-02  8.502752e+01 -2.291008e+01  7.928205e+00 -1.768442e+00 -5.294746e+00  1.693260e+00
3.822326e-02  7.833999e+01 -2.072608e+01  7.158851e+00 -1.596525e+00 -5.744268e+00  1.835776e+00
4.284407e-02  7.184478e+01 -1.857223e+01  6.399306e+00 -1.426782e+00 -6.174435e+00  1.971639e+00
4.769797e-02  6.561173e+01 -1.647275e+01  5.658209e+00 -1.261146e+00 -6.579447e+00  2.098924e+00
5.275935e-02  5.969778e+01 -1.444906e+01  4.943244e+00 -1.101338e+00 -6.954519e+00  2.216038e+00
5.799924e-02  5.414609e+01 -1.251919e+01  4.260942e+00 -9.488205e-01 -7.296015e+00  2.321767e+00
6.338567e-02  4.898597e+01 -1.069745e+01  3.616550e+00 -8.047708e-01 -7.601497e+00  2.415296e+00
6.888423e-02  4.423370e+01 -8.994346e+00  3.013974e+00 -6.700671e-01 -7.869713e+00  2.496206e+00
7.445863e-02  3.989386e+01 -7.416666e+00  2.455807e+00 -5.452928e-01 -8.100530e+00  2.564460e+00
8.007127e-02  3.596105e+01 -5.967725e+00  1.943398e+00 -4.307535e-01 -8.294807e+00  2.620357e+00
8.568391e-02  3.242184e+01 -4.647752e+00  1.476976e+00 -3.265038e-01 -8.454246e+00  2.664491e+00
9.125831e-02  2.925671e+01 -3.454340e+00  1.055807e+00 -2.323821e-01 -8.581219e+00  2.697686e+00
9.675688e-02  2.644187e+01 -2.382946e+00  6.783588e-01 -1.480475e-01 -8.678590e+00  2.720944e+00
1.021433e-01  2.395093e+01 -1.427381e+00  3.424795e-01 -7.301953e-02 -8.749548e+00  2.735382e+00
1.073832e-01  2.175626e+01 -5.802872e-01  4.556400e-02 -6.715728e-03 -8.797442e+00  2.742180e+00
1.124446e-01  1.983010e+01  1.664385e-01 -2.152898e-01  5.151370e-02 -8.825655e+00  2.742534e+00
1.172985e-01  1.814544e+01  8.212728e-01 -4.431449e-01  1.023551e-01 -8.837481e+00  2.737613e+00
1.219193e-01  1.667660e+01  1.392760e+00 -6.411097e-01  1.465055e-01 -8.836044e+00  2.728527e+00
1.262852e-01  1.539963e+01  1.889272e+00 -8.122454e-01  1.846516e-01 -8.824229e+00  2.716306e+00
1.303784e-01  1.429251e+01  2.318821e+00 -9.594946e-01  2.174537e-01 -8.804641e+00  2.701879e+00
1.341853e-01  1.333530e+01  2.688939e+00 -1.085630e+00  2.455343e-01 -8.779577e+00  2.686065e+00
1.376967e-01  1.251005e+01  3.006594e+00 -1.193220e+00  2.694700e-01 -8.751019e+00  2.669571e+00
1.409077e-01  1.180076e+01  3.278150e+00 -1.284611e+00  2.897876e-01 -8.720636e+00  2.652986e+00
1.438175e-01  1.119322e+01  3.509355e+00 -1.361920e+00  3.069621e-01 -8.689794e+00  2.636791e+00
1.464295e-01  1.067488e+01  3.705358e+00 -1.427037e+00  3.214175e-01 -8.659583e+00  2.621360e+00
1.487507e-01  1.023467e+01  3.870736e+00 -1.481633e+00  3.335288e-01 -8.630830e+00  2.606974e+00
1.507917e-01  9.862797e+00  4.009538e+00 -1.527179e+00  3.436256e-01 -8.604137e+00  2.593823e+00
1.525662e-01  9.550633e+00  4.125333e+00 -1.564959e+00  3.519954e-01 -8.579901e+00  2.582025e+00
1.540902e-01  9.290518e+00  4.221262e+00 -1.596094e+00  3.588888e-01 -8.558350e+00  2.571630e+00
1.553821e-01  9.075647e+00  4.300085e+00 -1.621556e+00  3.645232e-01 -8.539565e+00  2.562635e+00
1.564617e-01  8.899946e+00  4.364237e+00 -1.642192e+00  3.690875e-01 -8.523514e+00  2.554992e+00
1.573500e-01  8.757970e+00  4.415862e+00 -1.658739e+00  3.727457e-01 -8.510072e+00  2.548620e+00
1.580683e-01  8.644827e+00  4.456861e+00 -1.671839e+00  3.756411e-01 -8.499049e+00  2.543412e+00
1.586383e-01  8.556110e+00  4.488918e+00 -1.682057e+00  3.778985e-01 -8.490207e+00  2.539246e+00
1.590810e-01  8.487849e+00  4.513526e+00 -1.689884e+00  3.796276e-01 -8.483283e+00  2.535990e+00
1.594164e-01  8.436480e+00  4.532011e+00 -1.695755e+00  3.809241e-01 -8.478002e+00  2.533510e+00
1.596637e-01  8.398822e+00  4.545544e+00 -1.700048e+00  3.818720e-01 -8.474091e+00  2.531676e+00
1.598401e-01  8.372061e+00  4.555151e+00 -1.703092e+00  3.825443e-01 -8.471292e+00  2.530364e+00
1.599612e-01  8.353743e+00  4.561723e+00 -1.705174e+00  3.830038e-01 -8.469366e+00  2.529462e+00
1.600405e-01  8.341763e+00  4.566018e+00 -1.706534e+00  3.833041e-01 -8.468103e+00  2.528870e+00
1.600896e-01  8.334361e+00  4.568672e+00 -1.707374e+00  3.834895e-01 -8.467320e+00  2.528504e+00
1.601178e-01  8.330108e+00  4.570196e+00 -1.707856e+00  3.835960e-01 -8.466870e+00  2.528293e+00
1.601325e-01  8.327888e+00  4.570991e+00 -1.708108e+00  3.836515e-01 -8.466635e+00  2.528183e+00
1.601392e-01  8.326874e+00  4.571355e+00 -1.708223e+00  3.836769e-01 -8.466527e+00  2.528133e+00
1.601418e-01  8.326494e+00  4.571491e+00 -1.708266e+00  3.836864e-01 -8.466487e+00  2.528114e+00
1.601424e-01  8.326390e+00  4.571528e+00 -1.708278e+00  3.836890e-01 -8.466476e+00  2.528109e+00
1.601425e-01  8.326375e+00  4.571534e+00 -1.708279e+00  3.836894e-01 -8.466475e+00  2.528108e+00
1.601426e-01  8.326373e+00  4.571534e+00 -1.708280e+00  3.836894e-01 -8.466474e+00  2.528108e+00
1.601430e-01  8.326310e+00  4.571557e+00 -1.708287e+00  3.836910e-01 -8.466468e+00  2.528105e+00
1.601458e-01  8.325890e+00  4.571708e+00 -1.708334e+00  3.837015e-01 -8.466423e+00  2.528084e+00
1.601560e-01  8.324343e+00  4.572262e+00 -1.708510e+00  3.837402e-01 -8.466259e+00  2.528008e+00
1.601834e-01  8.320221e+00  4.573739e+00 -1.708977e+00  3.838434e-01 -8.465822e+00  2.527803e+00
1.602433e-01  8.311207e+00  4.576967e+00 -1.709998e+00  3.840688e-01 -8.464864e+00  2.527355e+00
1.603581e-01  8.293970e+00  4.583139e+00 -1.711950e+00  3.844996e-01 -8.463027e+00  2.526496e+00
1.605577e-01  8.264078e+00  4.593834e+00 -1.715329e+00  3.852455e-01 -8.459825e+00  2.524999e+00
1.608803e-01  8.215984e+00  4.611019e+00 -1.720753e+00  3.864425e-01 -8.454627e+00  2.522572e+00
1.613728e-01  8.143125e+00  4.637000e+00 -1.728939e+00  3.882486e-01 -8.446645e+00  2.518850e+00
1.620903e-01  8.038148e+00  4.674319e+00 -1.740665e+00  3.908351e-01 -8.434912e+00  2.513390e+00
1.630960e-01  7.893298e+00  4.725583e+00 -1.756709e+00  3.943724e-01 -8.418258e+00  2.505662e+00
1.644606e-01  7.700975e+00  4.793210e+00 -1.777756e+00  3.990094e-01 -8.395287e+00  2.495043e+00
1.662611e-01  7.454456e+00  4.879114e+00 -1.804277e+00  4.048470e-01 -8.364337e+00  2.480802e+00
1.685795e-01  7.148740e+00  4.984310e+00 -1.836393e+00  4.119064e-01 -8.323454e+00  2.462094e+00
1.715015e-01  6.781426e+00  5.108511e+00 -1.873717e+00  4.200948e-01 -8.270362e+00  2.437952e+00
1.751145e-01  6.353520e+00  5.249728e+00 -1.915215e+00  4.291735e-01 -8.202463e+00  2.407291e+00
1.795059e-01  5.870005e+00  5.403977e+00 -1.959094e+00  4.387328e-01 -8.116871e+00  2.368915e+00
1.847607e-01  5.340032e+00  5.565136e+00 -2.002747e+00  4.481806e-01 -8.010494e+00  2.321561e+00
1.909597e-01  4.776617e+00  5.725043e+00 -2.042798e+00  4.567513e-01 -7.880183e+00  2.263945e+00
1.981774e-01  4.195795e+00  5.873868e+00 -2.075240e+00  4.635381e-01 -7.722950e+00  2.194849e+00
2.064794e-01  3.615299e+00  6.000763e+00 -2.095687e+00  4.675493e-01 -7.536242e+00  2.113224e+00
2.159211e-01  3.052937e+00  6.094743e+00 -2.099720e+00  4.677868e-01 -7.318244e+00  2.018306e+00
2.265454e-01  2.524901e+00  6.145706e+00 -2.083287e+00  4.633371e-01 -7.068181e+00  1.909737e+00
2.383811e-01  2.044308e+00  6.145434e+00 -2.043114e+00  4.534638e-01 -6.786564e+00  1.787662e+00
2.514418e-01  1.620203e+00  6.088457e+00 -1.977063e+00  4.376896e-01 -6.475341e+00  1.652802e+00
2.657247e-01  1.257154e+00  5.972612e+00 -1.884383e+00  4.158536e-01 -6.137911e+00  1.506471e+00
2.812096e-01  9.554574e-01  5.799244e+00 -1.765822e+00  3.881376e-01 -5.778994e+00  1.350547e+00
2.978589e-01  7.118356e-01  5.573011e+00 -1.623581e+00  3.550559e-01 -5.404360e+00  1.187377e+00
3.156174e-01  5.204361e-01  5.301341e+00 -1.461116e+00  3.174116e-01 -5.020466e+00  1.019652e+00
3.344127e-01  3.739161e-01  4.993653e+00 -1.282837e+00  2.762272e-01 -4.634021e+00  8.502399e-01
3.541562e-01  2.644337e-01  4.660456e+00 -1.093731e+00  2.326591e-01 -4.251573e+00  6.820184e-01
3.747436e-01  1.844240e-01  4.312460e+00 -8.989709e-01  1.879080e-01 -3.879127e+00  5.177124e-01
3.960570e-01  1.271134e-01  3.959806e+00 -7.035595e-01  1.431360e-01 -3.521860e+00  3.597587e-01
4.179666e-01  8.678317e-02  3.611481e+00 -5.120315e-01  9.939712e-02 -3.183932e+00  2.102037e-01
4.403322e-01  5.883235e-02  3.274939e+00 -3.282421e-01  5.758771e-02 -2.868410e+00  7.064185e-02
4.630064e-01  3.970568e-02  2.955935e+00 -1.552434e-01  1.841638e-02 -2.577274e+00 -5.780767e-02
4.858360e-01  2.674802e-02  2.658532e+00  4.755714e-03 -1.760640e-02 -2.311508e+00 -1.744896e-01
5.086657e-01  1.803341e-02  2.385229e+00  1.503617e-01 -5.016257e-02 -2.071227e+00 -2.791743e-01
5.313398e-01  1.219923e-02  2.137183e+00  2.809164e-01 -7.910860e-02 -1.855844e+00 -3.719997e-01
5.537055e-01  8.301476e-03  1.914461e+00  3.963851e-01 -1.044496e-01 -1.664234e+00 -4.534028e-01
5.756150e-01  5.696870e-03  1.716309e+00  4.972295e-01 -1.263096e-01 -1.494899e+00 -5.240478e-01
5.969285e-01  3.952266e-03  1.541389e+00  5.842791e-01 -1.449008e-01 -1.346106e+00 -5.847561e-01
6.175159e-01  2.778253e-03  1.388000e+00  6.586121e-01 -1.604956e-01 -1.216008e+00 -6.364437e-01
6.372593e-01  1.982571e-03  1.254243e+00  7.214514e-01 -1.734010e-01 -1.102742e+00 -6.800679e-01
6.560547e-01  1.438248e-03  1.138158e+00  7.740803e-01 -1.839383e-01 -1.004493e+00 -7.165841e-01
6.738132e-01  1.061926e-03  1.037818e+00  8.177762e-01 -1.924266e-01 -9.195481e-01 -7.469141e-01
6.904625e-01  7.989925e-04  9.513934e-01  8.537630e-01 -1.991711e-01 -8.463204e-01 -7.719222e-01
7.059474e-01  6.134365e-04  8.771928e-01  8.831787e-01 -2.044547e-01 -7.833686e-01 -7.924012e-01
7.202302e-01  4.811350e-04  8.136797e-01  9.070563e-01 -2.085334e-01 -7.293991e-01 -8.090642e-01
7.332910e-01  3.856566e-04  7.594796e-01  9.263141e-01 -2.116334e-01 -6.832628e-01 -8.225417e-01
7.451267e-01  3.157416e-04  7.133758e-01  9.417547e-01 -2.139508e-01 -6.439468e-01 -8.333825e-01
7.557510e-01  2.637455e-04  6.742990e-01  9.540680e-01 -2.156525e-01 -6.105626e-01 -8.420584e-01
7.651927e-01  2.245586e-04  6.413141e-01  9.638392e-01 -2.168780e-01 -5.823334e-01 -8.489691e-01
7.734947e-01  1.947785e-04  6.136055e-01  9.715581e-01 -2.177419e-01 -5.585807e-01 -8.544498e-01
7.807123e-01  1.720799e-04  5.904621e-01  9.776298e-01 -2.183365e-01 -5.387114e-01 -8.587782e-01
7.869114e-01  1.547866e-04  5.712631e-01  9.823859e-01 -2.187348e-01 -5.222059e-01 -8.621822e-01
7.921662e-01  1.416243e-04  5.554645e-01  9.860950e-01 -2.189935e-01 -5.086075e-01 -8.648472e-01
7.965576e-01  1.316005e-04  5.425884e-01  9.889734e-01 -2.191554e-01 -4.975132e-01 -8.669228e-01
8.001706e-01  1.239501e-04  5.322127e-01  9.911936e-01 -2.192524e-01 -4.885654e-01 -8.685291e-01
8.030926e-01  1.180997e-04  5.239629e-01  9.928931e-01 -2.193073e-01 -4.814457e-01 -8.697625e-01
8.054110e-01  1.136304e-04  5.175059e-01  9.941813e-01 -2.193361e-01 -4.758701e-01 -8.706998e-01
8.072115e-01  1.102385e-04  5.125451e-01  9.951454e-01 -2.193496e-01 -4.715843e-01 -8.714028e-01
8.085761e-01  1.076992e-04  5.088161e-01  9.958551e-01 -2.193547e-01 -4.683615e-01 -8.719212e-01
8.095818e-01  1.058378e-04  5.060847e-01  9.963667e-01 -2.193556e-01 -4.660003e-01 -8.722954e-01
8.102992e-01  1.045120e-04  5.041449e-01  9.967257e-01 -2.193548e-01 -4.643231e-01 -8.725582e-01
8.107917e-01  1.036019e-04  5.028176e-01  9.969693e-01 -2.193535e-01 -4.631753e-01 -8.727367e-01
8.111144e-01  1.030052e-04  5.019499e-01  9.971276e-01 -2.193524e-01 -4.624248e-01 -8.728528e-01
8.113140e-01  1.026358e-04  5.014138e-01  9.972250e-01 -2.193516e-01 -4.619611e-01 -8.729243e-01
8.114287e-01  1.024233e-04  5.011059e-01  9.972809e-01 -2.193511e-01 -4.616948e-01 -8.729652e-01
8.114887e-01  1.023123e-04  5.009451e-01  9.973100e-01 -2.193508e-01 -4.615558e-01 -8.729866e-01
8.115160e-01  1.022616e-04  5.008717e-01  9.973233e-01 -2.193507e-01 -4.614923e-01 -8.729963e-01
8.115263e-01  1.022426e-04  5.008442e-01  9.973283e-01 -2.193506e-01 -4.614684e-01 -8.730000e-01
8.115291e-01  1.022374e-04  5.008367e-01  9.973296e-01 -2.193506e-01 -4.614620e-01 -8.730010e-01
8.115295e-01  1.022367e-04  5.008356e-01  9.973298e-01 -2.193506e-01 -4.614610e-01 -8.730011e-01
8.115296e-01  1.022366e-04  5.008354e-01  9.973299e-01 -2.193506e-01 -4.614609e-01 -8.730012e-01
8.115308e-01  1.022344e-04  5.008321e-01  9.973305e-01 -2.193506e-01 -4.614579e-01 -8.730016e-01
8.115394e-01  1.022196e-04  5.008091e-01  9.973346e-01 -2.193506e-01 -4.614381e-01 -8.730047e-01
8.115709e-01  1.021653e-04  5.007247e-01  9.973499e-01 -2.193504e-01 -4.613651e-01 -8.730158e-01
8.116547e-01  1.020206e-04  5.004999e-01  9.973905e-01 -2.193500e-01 -4.611707e-01 -8.730457e-01
8.118383e-01  1.017048e-04  5.000083e-01  9.974792e-01 -2.193490e-01 -4.607454e-01 -8.731107e-01
8.121899e-01  1.011025e-04  4.990680e-01  9.976482e-01 -2.193469e-01 -4.599319e-01 -8.732348e-01
8.128014e-01  1.000635e-04  4.974366e-01  9.979393e-01 -2.193426e-01 -4.585206e-01 -8.734486e-01
8.137899e-01  9.840610e-05  4.948103e-01  9.984024e-01 -2.193338e-01 -4.562480e-01 -8.737892e-01
8.152987e-01  9.592876e-05  4.908279e-01  9.990916e-01 -2.193160e-01 -4.528009e-01 -8.742968e-01
8.174968e-01  9.242988e-05  4.850820e-01  1.000058e+00 -2.192807e-01 -4.478252e-01 -8.750102e-01
8.205780e-01  8.773750e-05  4.771380e-01  1.001337e+00 -2.192130e-01 -4.409417e-01 -8.759587e-01
8.247587e-01  8.174684e-05  4.665621e-01  1.002935e+00 -2.190873e-01 -4.317696e-01 -8.771510e-01
8.302747e-01  7.446069e-05  4.529579e-01  1.004805e+00 -2.188633e-01 -4.199571e-01 -8.785606e-01
8.373776e-01  6.602309e-05  4.360099e-01  1.006827e+00 -2.184800e-01 -4.052181e-01 -8.801088e-01
8.463297e-01  5.673432e-05  4.155311e-01  1.008776e+00 -2.178505e-01 -3.873718e-01 -8.816470e-01
8.573988e-01  4.703523e-05  3.915080e-01  1.010304e+00 -2.168563e-01 -3.663819e-01 -8.829393e-01
8.708525e-01  3.745550e-05  3.641376e-01  1.010925e+00 -2.153454e-01 -3.423877e-01 -8.836512e-01
8.869516e-01  2.853133e-05  3.338462e-01  1.010006e+00 -2.131316e-01 -3.157228e-01 -8.833457e-01
9.059434e-01  2.071168e-05  3.012854e-01  1.006792e+00 -2.100005e-01 -2.869135e-01 -8.814930e-01
9.280559e-01  1.428107e-05  2.672993e-01  1.000440e+00 -2.057201e-01 -2.566556e-01 -8.774937e-01
9.534907e-01  9.324470e-06  2.328641e-01  9.900838e-01 -2.000575e-01 -2.257675e-01 -8.707186e-01
9.824170e-01  5.745121e-06  1.990052e-01  9.749122e-01 -1.928005e-01 -1.951246e-01 -8.605612e-01
1.014966e+00  3.324071e-06  1.667048e-01  9.542622e-01 -1.837818e-01 -1.655839e-01 -8.464979e-01
1.051227e+00  1.793920e-06  1.368119e-01  9.277055e-01 -1.729022e-01 -1.379095e-01 -8.281487e-01
1.091241e+00  8.980061e-07  1.099718e-01  8.951189e-01 -1.601501e-01 -1.127105e-01 -8.053284e-01
1.134999e+00  4.208940e-07  8.658398e-02  8.567243e-01 -1.456124e-01 -9.040012e-02 -7.780803e-01
1.182440e+00  1.950599e-07  6.679530e-02  8.130887e-01 -1.294750e-01 -7.118216e-02 -7.466858e-01
1.233448e+00  9.844634e-08  5.052399e-02  7.650855e-01 -1.120136e-01 -5.506273e-02 -7.116479e-01
1.287854e+00  5.274516e-08  3.750781e-02  7.138199e-01 -9.357329e-02 -4.188305e-02 -6.736517e-01
1.345437e+00  2.084666e-08  2.736403e-02  6.605331e-01 -7.454286e-02 -3.136463e-02 -6.335078e-01
1.405925e+00 -3.301412e-09  1.964982e-02  6.064991e-01 -5.532545e-02 -2.315798e-02 -5.920867e-01
1.468998e+00 -1.311698e-08  1.391413e-02  5.529288e-01 -3.631080e-02 -1.688715e-02 -5.502557e-01
1.534295e+00 -7.014679e-09  9.735778e-03  5.008939e-01 -1.785171e-02 -1.218514e-02 -5.088227e-01
1.601419e+00  5.634760e-09  6.746585e-03  4.512752e-01 -2.468709e-04 -8.718045e-03 -4.684955e-01
1.669940e+00  1.192539e-08  4.641371e-03  4.047376e-01  1.626914e-02 -6.198356e-03 -4.298552e-01
1.739407e+00  6.689670e-09  3.178025e-03  3.617285e-01  3.152919e-02 -4.389325e-03 -3.933457e-01
1.809349e+00 -3.969358e-09  2.171426e-03  3.224952e-01  4.543128e-02 -3.103138e-03 -3.592756e-01
1.879292e+00 -9.701792e-09  1.484373e-03  2.871126e-01  5.793215e-02 -2.195380e-03 -3.278293e-01
1.948758e+00 -5.906838e-09  1.017818e-03  2.555180e-01  6.903833e-02 -1.557884e-03 -2.990840e-01
2.017280e+00  2.830404e-09  7.018100e-04  2.275461e-01  7.879606e-02 -1.111385e-03 -2.730295e-01
2.084403e+00  8.091309e-09  4.878119e-04  2.029615e-01  8.728112e-02 -7.988156e-04 -2.495883e-01
2.149701e+00  5.634326e-09  3.425954e-04  1.814871e-01  9.458944e-02 -5.796668e-04 -2.286347e-01
2.212774e+00 -1.498877e-09  2.436356e-04  1.628267e-01  1.008288e-01 -4.254856e-04 -2.100106e-01
2.273262e+00 -6.688106e-09  1.757704e-04  1.466817e-01  1.061122e-01 -3.164461e-04 -1.935397e-01
2.330845e+00 -5.850969e-09  1.288484e-04  1.327641e-01  1.105523e-01 -2.388123e-04 -1.790377e-01
2.385251e+00 -3.679610e-10  9.609809e-05  1.208037e-01  1.142576e-01 -1.831014e-04 -1.663210e-01
2.436259e+00  4.942565e-09  7.300595e-05  1.105531e-01  1.173296e-01 -1.427742e-04 -1.552118e-01
2.483700e+00  6.130485e-09  5.655257e-05  1.017896e-01  1.198615e-01 -1.133132e-04 -1.455422e-01
2.527458e+00  2.860998e-09  4.470161e-05  9.431553e-02  1.219366e-01 -9.158416e-05 -1.371563e-01
2.567472e+00 -2.069394e-09  3.606671e-05  8.795699e-02  1.236287e-01 -7.540077e-05 -1.299111e-01
2.603732e+00 -5.275878e-09  2.969790e-05  8.256235e-02  1.250022e-01 -6.322976e-05 -1.236769e-01
2.636282e+00 -5.079142e-09  2.494319e-05  7.799999e-02  1.261121e-01 -5.399111e-05 -1.183368e-01
2.665208e+00 -2.110927e-09  2.135507e-05  7.415600e-02  1.270055e-01 -4.692036e-05 -1.137858e-01
2.690643e+00  1.635258e-09  1.862475e-05  7.093188e-02  1.277216e-01 -4.147235e-05 -1.099299e-01
2.712755e+00  4.238758e-09  1.653574e-05  6.824243e-02  1.282935e-01 -3.725400e-05 -1.066846e-01
2.731747e+00  4.789640e-09  1.493237e-05  6.601371e-02  1.287482e-01 -3.397779e-05 -1.039746e-01
2.747846e+00  3.500522e-09  1.369981e-05  6.418134e-02  1.291081e-01 -3.143025e-05 -1.017318e-01
2.761300e+00  1.245704e-09  1.275180e-05  6.268900e-02  1.293911e-01 -2.945081e-05 -9.989496e-02
2.772369e+00 -1.022928e-09  1.202324e-05  6.148713e-02  1.296123e-01 -2.791737e-05 -9.840887e-02
2.781321e+00 -2.663786e-09  1.146494e-05  6.053196e-02  1.297835e-01 -2.673615e-05 -9.722335e-02
2.788424e+00 -3.452302e-09  1.103975e-05  5.978464e-02  1.299145e-01 -2.583429e-05 -9.629300e-02
2.793940e+00 -3.487334e-09  1.071929e-05  5.921063e-02  1.300134e-01 -2.515439e-05 -9.557671e-02
2.798121e+00 -3.025779e-09  1.048151e-05  5.877925e-02  1.300866e-01 -2.465047e-05 -9.503742e-02
2.801202e+00 -2.340458e-09  1.030880e-05  5.846332e-02  1.301397e-01 -2.428512e-05 -9.464192e-02
2.803400e+00 -1.639627e-09  1.018679e-05  5.823898e-02  1.301771e-01 -2.402752e-05 -9.436079e-02
2.804909e+00 -1.043997e-09  1.010358e-05  5.808548e-02  1.302025e-01 -2.385213e-05 -9.416831e-02
2.805897e+00 -5.991360e-10  1.004928e-05  5.798514e-02  1.302191e-01 -2.373784e-05 -9.404242e-02
2.806509e+00 -3.012093e-10  1.001578e-05  5.792315e-02  1.302293e-01 -2.366738e-05 -9.396463e-02
2.806861e+00 -1.217934e-10  9.996550e-06  5.788754e-02  1.302351e-01 -2.362696e-05 -9.391993e-02
2.807044e+00 -2.571828e-11  9.986516e-06  5.786896e-02  1.302382e-01 -2.360587e-05 -9.389661e-02
2.807128e+00  1.873352e-11  9.981933e-06  5.786047e-02  1.302396e-01 -2.359624e-05 -9.388595e-02
2.807159e+00  3.549902e-11  9.980215e-06  5.785728e-02  1.302401e-01 -2.359263e-05 -9.388195e-02
2.807168e+00  4.006816e-11  9.979747e-06  5.785642e-02  1.302402e-01 -2.359165e-05 -9.388086e-02
2.807169e+00  4.074286e-11  9.979678e-06  5.785629e-02  1.302403e-01 -2.359151e-05 -9.388070e-02
2.807169e+00  4.076461e-11  9.979668e-06  5.785627e-02  1.302403e-01 -2.359149e-05 -9.388068e-02
2.807174e+00  4.076237e-11  9.979434e-06  5.785582e-02  1.302403e-01 -2.359098e-05 -9.388012e-02
2.807204e+00  4.074720e-11  9.977847e-06  5.785280e-02  1.302408e-01 -2.358759e-05 -9.387633e-02
2.807313e+00  4.069144e-11  9.972017e-06  5.784169e-02  1.302427e-01 -2.357510e-05 -9.386238e-02
2.807606e+00  4.054311e-11  9.956492e-06  5.781210e-02  1.302475e-01 -2.354185e-05 -9.382522e-02
2.808246e+00  4.021993e-11  9.922598e-06  5.774737e-02  1.302581e-01 -2.346924e-05 -9.374395e-02
2.809473e+00  3.960656e-11  9.857998e-06  5.762362e-02  1.302783e-01 -2.333080e-05 -9.358848e-02
2.811606e+00  3.855708e-11  9.746628e-06  5.740900e-02  1.303132e-01 -2.309195e-05 -9.331871e-02
2.815055e+00  3.690615e-11  9.569197e-06  5.706374e-02  1.303688e-01 -2.271093e-05 -9.288426e-02
2.820318e+00  3.449216e-11  9.304499e-06  5.654077e-02  1.304518e-01 -2.214139e-05 -9.222511e-02
2.827987e+00  3.119453e-11  8.931726e-06  5.578742e-02  1.305688e-01 -2.133692e-05 -9.127327e-02
2.838736e+00  2.698320e-11  8.433856e-06  5.474825e-02  1.307251e-01 -2.025792e-05 -8.995575e-02
2.853321e+00  2.197176e-11  7.801874e-06  5.336914e-02  1.309229e-01 -1.888015e-05 -8.819882e-02
2.872564e+00  1.645598e-11  7.039168e-06  5.160250e-02  1.311595e-01 -1.720405e-05 -8.593378e-02
2.897343e+00  1.091301e-11  6.164962e-06  4.941348e-02  1.314244e-01 -1.526246e-05 -8.310372e-02
2.928573e+00  5.937013e-12  5.215323e-06  4.678639e-02  1.316969e-01 -1.312410e-05 -7.967106e-02
2.967189e+00  2.103976e-12  4.240480e-06  4.373051e-02  1.319439e-01 -1.089003e-05 -7.562482e-02
3.014123e+00 -2.081643e-13  3.297993e-06  4.028422e-02  1.321179e-01 -8.681809e-06 -7.098673e-02
3.070287e+00 -9.784711e-13  2.442812e-06  3.651625e-02  1.321575e-01 -6.622694e-06 -6.581491e-02
3.136542e+00 -5.938727e-13  1.716843e-06  3.252317e-02  1.319883e-01 -4.816149e-06 -6.020403e-02
3.213683e+00  2.701239e-13  1.141485e-06  2.842291e-02  1.315268e-01 -3.328101e-06 -5.428135e-02
3.302415e+00  9.213147e-13  7.159150e-07  2.434468e-02  1.306859e-01 -2.178808e-06 -4.819846e-02
3.403327e+00  9.561647e-13  4.216377e-07  2.041665e-02  1.293822e-01 -1.346791e-06 -4.211956e-02
3.516879e+00  4.255297e-13  2.309997e-07  1.675349e-02  1.275431e-01 -7.823485e-07 -3.620770e-02
3.643378e+00 -2.569686e-13  1.156860e-07  1.344569e-02  1.251146e-01 -4.243569e-07 -3.061108e-02
3.782971e+00 -6.240359e-13  5.186215e-08  1.055276e-02  1.220669e-01 -2.138431e-07 -2.545141e-02
3.935625e+00 -4.812266e-13  2.119852e-08  8.100991e-03  1.183981e-01 -1.010615e-07 -2.081603e-02
4.101127e+00 -2.044560e-14  9.638093e-09  6.085857e-03  1.141355e-01 -4.716779e-08 -1.675470e-02
4.279073e+00  3.602239e-13  6.467869e-09  4.477932e-03  1.093342e-01 -2.377832e-08 -1.328091e-02
4.468875e+00  3.821980e-13  4.718779e-09  3.230735e-03  1.040733e-01 -1.263284e-08 -1.037686e-02
4.669759e+00  9.123409e-14  1.802303e-09  2.288856e-03  9.845024e-02 -5.004516e-09 -8.000878e-03
4.880776e+00 -2.197619e-13 -1.296547e-09  1.595049e-03  9.257456e-02  6.530024e-10 -6.095546e-03
5.100813e+00 -2.857228e-13 -2.512041e-09  1.095520e-03  8.656042e-02  2.944298e-09 -4.595555e-03
5.328610e+00 -9.083039e-14 -1.239936e-09  7.431964e-04  8.051995e-02  1.571567e-09 -3.434224e-03
5.562778e+00  1.514939e-13  9.984102e-10  4.991780e-04  7.455726e-02 -1.299215e-09 -2.548338e-03
5.801821e+00  2.177986e-13  2.045341e-09  3.328007e-04  6.876386e-02 -2.720983e-09 -1.881231e-03
6.044160e+00  7.509408e-14  1.098154e-09  2.208317e-04  6.321568e-02 -1.520780e-09 -1.384324e-03
6.288163e+00 -1.160174e-13 -7.307100e-10  1.462482e-04  5.797158e-02  9.081806e-10 -1.017468e-03
6.532165e+00 -1.737657e-13 -1.665735e-09  9.693092e-05  5.307334e-02  2.211036e-09 -7.484714e-04
6.774505e+00 -6.316492e-14 -9.686617e-10  6.446465e-05  4.854669e-02  1.344530e-09 -5.521771e-04
7.013547e+00  9.280295e-14  5.300218e-10  4.313067e-05  4.440322e-02 -6.452742e-10 -4.093417e-04
7.247715e+00  1.464298e-13  1.390426e-09  2.910736e-05  4.064265e-02 -1.842751e-09 -3.055056e-04
7.475513e+00  6.117565e-14  9.269905e-10  1.986833e-05  3.725531e-02 -1.283844e-09 -2.299607e-04
7.695550e+00 -7.160845e-14 -3.015450e-10  1.375240e-05  3.422462e-02  3.392621e-10 -1.748669e-04
7.906566e+00 -1.305518e-13 -1.158738e-09  9.671513e-06  3.152920e-02  1.521082e-09 -1.345332e-04
8.107450e+00 -7.244451e-14 -9.746170e-10  6.918148e-06  2.914480e-02  1.332890e-09 -1.048544e-04
8.297252e+00  4.305964e-14 -1.815393e-11  5.037275e-06  2.704577e-02  8.739711e-11 -8.288105e-05
8.475199e+00  1.172488e-13  8.748794e-10  3.738254e-06  2.520624e-02 -1.120982e-09 -6.649960e-05
8.640700e+00  9.591681e-14  1.042951e-09  2.833565e-06  2.360100e-02 -1.394053e-09 -5.419600e-05
8.793354e+00  3.265969e-15  4.539516e-10  2.198444e-06  2.220605e-02 -6.541210e-10 -4.488422e-05
8.932947e+00 -8.868073e-14 -3.961424e-10  1.747095e-06  2.099897e-02  4.651078e-10 -3.778288e-05
9.059447e+00 -1.181465e-13 -9.272797e-10  1.420139e-06  1.995911e-02  1.195271e-09 -3.232732e-05
9.172998e+00 -7.207378e-14 -8.643934e-10  1.177755e-06  1.906759e-02  1.154096e-09 -2.810744e-05
9.273910e+00  1.546823e-14 -3.312054e-10  9.946019e-07  1.830732e-02  4.834414e-10 -2.482374e-05
9.362642e+00  9.291777e-14  3.207667e-10  8.550796e-07  1.766286e-02 -3.654251e-10 -2.225605e-05
9.439784e+00  1.229330e-13  7.609280e-10  7.491859e-07  1.712030e-02 -9.569751e-10 -2.024133e-05
9.506039e+00  9.753212e-14  8.383464e-10  6.696266e-07  1.666713e-02 -1.084266e-09 -1.865771e-05
9.562202e+00  3.397753e-14  5.968920e-10  6.103731e-07  1.629203e-02 -7.946611e-10 -1.741315e-05
9.609136e+00 -3.982959e-14  1.927717e-10  5.662818e-07  1.598482e-02 -2.856660e-10 -1.643732e-05
9.647752e+00 -9.963505e-14 -2.073053e-10  5.331808e-07  1.573625e-02  2.273132e-10 -1.567581e-05
9.678982e+00 -1.324899e-13 -4.926704e-10  5.079638e-07  1.553795e-02  5.988923e-10 -1.508597e-05
9.703762e+00 -1.371937e-13 -6.260965e-10  4.885084e-07  1.538233e-02  7.779938e-10 -1.463387e-05
9.723005e+00 -1.203646e-13 -6.266472e-10  4.734463e-07  1.526251e-02  7.867550e-10 -1.429217e-05
9.737589e+00 -9.151574e-14 -5.404587e-10  4.618914e-07  1.517231e-02  6.831402e-10 -1.403853e-05
9.748339e+00 -5.933093e-14 -4.159002e-10  4.532157e-07  1.510616e-02  5.287864e-10 -1.385448e-05
9.756007e+00 -2.982978e-14 -2.896390e-10  4.469076e-07  1.505913e-02  3.707761e-10 -1.372465e-05
9.761270e+00 -6.099544e-15 -1.827770e-10  4.425069e-07  1.502694e-02  2.364196e-10 -1.363624e-05
9.764719e+00  1.109039e-14 -1.031442e-10  4.395880e-07  1.500588e-02  1.360465e-10 -1.357863e-05
9.766852e+00  2.240332e-14 -4.988121e-11  4.377670e-07  1.499287e-02  6.881625e-11 -1.354311e-05
9.768079e+00  2.914950e-14 -1.782819e-11  4.367144e-07  1.498539e-02  2.832594e-11 -1.352273e-05
9.768719e+00  3.274305e-14 -6.706545e-13  4.361632e-07  1.498149e-02  6.642924e-12 -1.351210e-05
9.769012e+00  3.440143e-14  7.266283e-12  4.359109e-07  1.497971e-02 -3.389527e-12 -1.350724e-05
9.769122e+00  3.502621e-14  1.025955e-11  4.358162e-07  1.497904e-02 -7.173413e-12 -1.350542e-05
9.769151e+00  3.519642e-14  1.107529e-11  4.357905e-07  1.497886e-02 -8.204648e-12 -1.350493e-05
9.769156e+00  3.522156e-14  1.119575e-11  4.357867e-07  1.497883e-02 -8.356926e-12 -1.350486e-05
9.769157e+00  3.522229e-14  1.119962e-11  4.357861e-07  1.497883e-02 -8.361835e-12 -1.350484e-05
9.769176e+00  3.521980e-14  1.119893e-11  4.357726e-07  1.497871e-02 -8.361334e-12 -1.350453e-05
9.769305e+00  3.520291e-14  1.119423e-11  4.356808e-07  1.497792e-02 -8.357946e-12 -1.350239e-05
9.769782e+00  3.514090e-14  1.117698e-11  4.353436e-07  1.497502e-02 -8.345500e-12 -1.349452e-05
9.771053e+00  3.497597e-14  1.113109e-11  4.344461e-07  1.496728e-02 -8.312389e-12 -1.347358e-05
9.773833e+00  3.461684e-14  1.103113e-11  4.324879e-07  1.495037e-02 -8.240270e-12 -1.342785e-05
9.779159e+00  3.393605e-14  1.084155e-11  4.287608e-07  1.491802e-02 -8.103454e-12 -1.334070e-05
9.788423e+00  3.277372e-14  1.051754e-11  4.223509e-07  1.486192e-02 -7.869561e-12 -1.319044e-05
9.803397e+00  3.095199e-14  1.000883e-11  4.121806e-07  1.477166e-02 -7.502157e-12 -1.295107e-05
9.826253e+00  2.830391e-14  9.267331e-12  3.971051e-07  1.463491e-02 -6.966178e-12 -1.259398e-05
9.859551e+00  2.471936e-14  8.259250e-12  3.760773e-07  1.443789e-02 -6.236586e-12 -1.209110e-05
9.906227e+00  2.020473e-14  6.981123e-12  3.483792e-07  1.416602e-02 -5.309764e-12 -1.141947e-05
9.969557e+00  1.494408e-14  5.476461e-12  3.138960e-07  1.380507e-02 -4.215477e-12 -1.056692e-05
1.005312e+01  9.338092e-15  3.846995e-12  2.733713e-07  1.334246e-02 -3.025087e-12 -9.537968e-06
1.016071e+01  3.988560e-15  2.250130e-12  2.285524e-07  1.276890e-02 -1.850108e-12 -8.358423e-06
1.029632e+01 -3.998097e-16  8.750319e-13  1.821182e-07  1.208011e-02 -8.257112e-13 -7.076705e-06
1.046400e+01 -3.203838e-15 -1.040676e-13  1.373209e-07  1.127840e-02 -7.801557e-14 -5.760224e-06
1.066781e+01 -4.109911e-15 -5.871384e-13  9.736250e-08  1.037379e-02  3.178170e-13 -4.486246e-06
1.091168e+01 -3.292592e-15 -5.969025e-13  6.466017e-08  9.384447e-03  3.724772e-13 -3.328636e-06
1.119938e+01 -1.430792e-15 -2.877100e-13  4.026421e-08  8.336094e-03  1.900094e-13 -2.343989e-06
1.153435e+01  5.053518e-16  1.034436e-13  2.369422e-08  7.260314e-03 -6.517159e-14 -1.561698e-06
1.191965e+01  1.647609e-15  3.532568e-13  1.330760e-08  6.191854e-03 -2.349799e-13 -9.815555e-07
1.235784e+01  1.621293e-15  3.517824e-13  7.052501e-09  5.165249e-03 -2.377903e-13 -5.795539e-07
1.285091e+01  7.029741e-16  1.471702e-13  3.233301e-09  4.211336e-03 -1.013672e-13 -3.189104e-07
1.340020e+01 -3.845279e-16 -9.868797e-14  9.009082e-10  3.354264e-03  6.590530e-14 -1.612619e-07
1.400635e+01 -9.415309e-16 -2.221354e-13 -2.790773e-10  2.609547e-03  1.515864e-13 -7.376706e-08
1.466922e+01 -7.266947e-16 -1.651724e-13 -4.758124e-10  1.983470e-03  1.140769e-13 -3.102640e-08
1.538787e+01 -5.775100e-17 -3.377587e-15 -5.674185e-11  1.473818e-03  3.600216e-15 -1.392805e-08
1.616056e+01  4.877710e-16  1.244549e-13  4.179614e-10  1.071631e-03 -8.484181e-14 -8.440137e-09
1.698474e+01  5.311522e-16  1.279238e-13  5.076560e-10  7.635004e-04 -8.816075e-14 -5.673693e-09
1.785703e+01  1.468580e-16  2.832805e-14  1.756848e-10  5.338971e-04 -1.980331e-14 -2.171274e-09
1.877332e+01 -2.719573e-16 -7.391016e-14 -2.452220e-10  3.671447e-04  5.144129e-14  1.301995e-09
1.972878e+01 -3.875667e-16 -9.291495e-14 -3.855055e-10  2.488300e-04  6.559476e-14  2.661544e-09
2.071794e+01 -1.895926e-16 -2.738313e-14 -1.663843e-10  1.666076e-04  2.054064e-14  1.327678e-09
2.173476e+01  5.722461e-17  5.075641e-14  1.653321e-10  1.104909e-04 -3.456642e-14 -1.046049e-09
2.277275e+01  1.008771e-16  6.997003e-14  2.974444e-10  7.277310e-05 -4.955077e-14 -2.159893e-09
2.382505e+01 -6.624236e-17  2.237658e-14  1.403430e-10  4.773638e-05 -1.754926e-14 -1.167767e-09
2.488458e+01 -2.378921e-16 -3.860597e-14 -1.224508e-10  3.127550e-05  2.529886e-14  7.539421e-10
2.594410e+01 -2.238562e-16 -5.537953e-14 -2.377096e-10  2.052355e-05  3.854752e-14  1.740087e-09
2.699641e+01 -3.668443e-17 -1.881835e-14 -1.208951e-10  1.352533e-05  1.435040e-14  1.019497e-09
2.803440e+01  1.367401e-16  3.055278e-14  9.187040e-11  8.974019e-06 -2.034455e-14 -5.399965e-10
2.905122e+01  1.269868e-16  4.624888e-14  1.975005e-10  6.009861e-06 -3.297734e-14 -1.439605e-09
3.004038e+01 -6.069753e-17  1.823292e-14  1.155834e-10  4.072862e-06 -1.493817e-14 -9.669836e-10
3.099584e+01 -2.638507e-16 -2.349390e-14 -5.978203e-11  2.799825e-06  1.464722e-14  3.006493e-10
3.191213e+01 -3.174148e-16 -4.084735e-14 -1.674548e-10  1.955630e-06  2.973495e-14  1.189626e-09
3.278442e+01 -1.919664e-16 -2.140332e-14 -1.251651e-10  1.388789e-06  2.044138e-14  1.007647e-09
3.360859e+01 -7.944272e-19  1.501713e-14  1.581418e-11  1.002607e-06 -1.517593e-15  2.885837e-11
3.438128e+01  1.086475e-16  3.730582e-14  1.337275e-10  7.357909e-07 -1.604229e-14 -8.897029e-10
3.509994e+01  7.191226e-17  2.928094e-14  1.421386e-10  5.491694e-07 -1.202773e-14 -1.068587e-09
3.576280e+01 -5.857459e-17 -4.154652e-16  4.741149e-11  4.169586e-07  5.617905e-15 -4.721485e-10
3.636895e+01 -1.708660e-16 -2.867958e-14 -7.351533e-11  3.215916e-07  2.233873e-14  3.948650e-10
3.691825e+01 -1.807608e-16 -3.642255e-14 -1.392614e-10  2.509928e-07  2.590659e-14  9.405415e-10
3.741132e+01 -8.196620e-17 -2.035716e-14 -1.170131e-10  1.971221e-07  1.422857e-14  8.827839e-10
3.784951e+01  6.443830e-17  8.008536e-15 -3.126895e-11  1.549348e-07 -5.179003e-15  3.453974e-10
3.823481e+01  1.783925e-16  3.205032e-14  6.401733e-11  1.214137e-07 -2.145621e-14 -3.154095e-10
3.856978e+01  2.076082e-16  4.007759e-14  1.217867e-10  9.470840e-08 -2.697471e-14 -7.637206e-10
3.885747e+01  1.469194e-16  2.995087e-14  1.233145e-10  7.351993e-08 -2.037937e-14 -8.453715e-10
3.910135e+01  2.875997e-17  7.569137e-15  7.844549e-11  5.678153e-08 -5.603253e-15 -6.037035e-10
3.930515e+01 -1.006720e-16 -1.789738e-14  1.231092e-11  4.356657e-08  1.126810e-14 -1.962347e-10
3.947283e+01 -2.032170e-16 -3.858129e-14 -4.986263e-11  3.310160e-08  2.501303e-14  2.084442e-10
3.960844e+01 -2.596429e-16 -5.032658e-14 -9.216697e-11  2.478848e-08  3.286542e-14  4.981402e-10
3.971604e+01 -2.694071e-16 -5.278347e-14 -1.100276e-10  1.819424e-08  3.457924e-14  6.348169e-10
3.979960e+01 -2.439915e-16 -4.811827e-14 -1.072330e-10  1.301185e-08  3.157674e-14  6.373715e-10
3.986293e+01 -1.990419e-16 -3.942159e-14 -9.137649e-11  9.012698e-09  2.589594e-14  5.521584e-10
3.990960e+01 -1.485815e-16 -2.951160e-14 -7.010898e-11  6.008185e-09  1.939840e-14  4.278976e-10
3.994290e+01 -1.022444e-16 -2.034675e-14 -4.910317e-11  3.827486e-09  1.337964e-14  3.015770e-10
3.996576e+01 -6.495073e-17 -1.294146e-14 -3.154738e-11  2.309761e-09  8.512266e-15  1.945232e-10
3.998073e+01 -3.793141e-17 -7.563882e-15 -1.855476e-11  1.305205e-09  4.975960e-15  1.146916e-10
3.999000e+01 -2.014920e-17 -4.019891e-15 -9.898419e-12  6.795278e-10  2.644774e-15  6.127467e-11
3.999532e+01 -9.545352e-18 -1.904883e-15 -4.700533e-12  3.182450e-10  1.253332e-15  2.912210e-11
3.999810e+01 -3.896973e-18 -7.777965e-16 -1.921430e-12  1.291542e-10  5.117718e-16  1.190930e-11
3.999937e+01 -1.290346e-18 -2.575568e-16 -6.365752e-13  4.264883e-11  1.694685e-16  3.946353e-12
3.999985e+01 -3.083129e-19 -6.154165e-17 -1.521345e-13  1.018006e-11  4.049368e-17  9.432036e-13
3.999998e+01 -4.077930e-20 -8.139921e-18 -2.012338e-14  1.346103e-12  5.355978e-18  1.247634e-13
4.000000e+01 -1.277528e-21 -2.550064e-19 -6.304273e-16  4.216877e-14  1.677914e-19  3.908613e-15
