376 8
 0 0 0 0 1 1 1 2
 2 2 2 2 6 6 6 10
 -5.098890e+02 -6.621368e+01 -9.252538e+00 -7.715726e-01 -5.994328e+01 -7.024198e+00 -2.998750e-01 -3.012574e+00
0.000000e+00  4.253970e+02  1.333566e+02 -5.366551e+01  1.852360e+01  5.483895e-05 -2.297551e-05  6.646591e-06 -1.988877e-06
3.278564e-09  4.253969e+02  1.333566e+02 -5.366551e+01  1.852360e+01  5.064913e-05 -2.127039e-05  6.155112e-06 -1.988870e-06
1.046582e-07  4.253954e+02  1.333561e+02 -5.366531e+01  1.852353e+01 -7.890821e-05  3.145518e-05 -9.042364e-06 -1.988669e-06
7.915214e-07  4.253849e+02  1.333528e+02 -5.366399e+01  1.852307e+01 -9.566670e-04  3.886741e-04 -1.120062e-04 -1.987746e-06
3.316517e-06  4.253462e+02  1.333407e+02 -5.365911e+01  1.852139e+01 -4.183232e-03  1.701780e-03 -4.904922e-04 -1.990896e-06
1.004733e-05  4.252432e+02  1.333084e+02 -5.364611e+01  1.851690e+01 -1.278277e-02  5.201509e-03 -1.499245e-03 -2.049551e-06
2.477810e-05  4.250177e+02  1.332377e+02 -5.361766e+01  1.850708e+01 -3.159607e-02  1.285790e-02 -3.706103e-03 -2.432898e-06
5.299135e-05  4.245862e+02  1.331024e+02 -5.356321e+01  1.848829e+01 -6.760057e-02  2.751055e-02 -7.929541e-03 -4.143687e-06
1.020609e-04  4.238368e+02  1.328673e+02 -5.346860e+01  1.845563e+01 -1.301338e-01  5.295952e-02 -1.526488e-02 -1.017242e-05
1.813877e-04  4.226281e+02  1.324880e+02 -5.331592e+01  1.840293e+01 -2.309927e-01  9.400572e-02 -2.709593e-02 -2.810362e-05
3.024627e-04  4.207901e+02  1.319106e+02 -5.308353e+01  1.832271e+01 -3.843763e-01  1.564277e-01 -4.508827e-02 -7.491157e-05
4.788527e-04  4.181266e+02  1.310730e+02 -5.274631e+01  1.820631e+01 -6.066393e-01  2.468809e-01 -7.116025e-02 -1.849519e-04
7.261078e-04  4.144218e+02  1.299058e+02 -5.227632e+01  1.804407e+01 -9.158208e-01  3.727061e-01 -1.074277e-01 -4.221941e-04
1.061591e-03  4.094477e+02  1.283351e+02 -5.164363e+01  1.782565e+01 -1.330925e+00  5.416353e-01 -1.561192e-01 -8.975670e-04
1.504231e-03  4.029768e+02  1.262852e+02 -5.081760e+01  1.754048e+01 -1.870938e+00  7.613911e-01 -2.194606e-01 -1.791826e-03
2.074209e-03  3.947961e+02  1.236829e+02 -4.976845e+01  1.717824e+01 -2.553599e+00  1.039182e+00 -2.995292e-01 -3.383554e-03
2.792580e-03  3.847236e+02  1.204622e+02 -4.846911e+01  1.672959e+01 -3.393957e+00  1.381112e+00 -3.980838e-01 -6.080799e-03
3.680838e-03  3.726267e+02  1.165692e+02 -4.689728e+01  1.618677e+01 -4.402806e+00  1.791535e+00 -5.163775e-01 -1.045348e-02
4.760448e-03  3.584396e+02  1.119675e+02 -4.503752e+01  1.554444e+01 -5.585114e+00  2.272399e+00 -6.549699e-01 -1.726233e-02
6.052333e-03  3.421776e+02  1.066433e+02 -4.288328e+01  1.480027e+01 -6.938598e+00  2.822657e+00 -8.135537e-01 -2.747899e-02
7.576358e-03  3.239488e+02  1.006092e+02 -4.043859e+01  1.395559e+01 -8.452632e+00  3.437785e+00 -9.908189e-01 -4.229118e-02
9.350803e-03  3.039569e+02  9.390689e+01 -3.771916e+01  1.301579e+01 -1.010765e+01  4.109524e+00 -1.184373e+00 -6.308735e-02
1.139185e-02  2.824980e+02  8.660822e+01 -3.475286e+01  1.199042e+01 -1.187520e+01  4.825863e+00 -1.390739e+00 -9.141639e-02
1.371307e-02  2.599479e+02  7.881334e+01 -3.157925e+01  1.089311e+01 -1.371876e+01  5.571339e+00 -1.605438e+00 -1.289207e-01
1.632504e-02  2.367410e+02  7.064714e+01 -2.824825e+01  9.741063e+00 -1.559527e+01  6.327644e+00 -1.823164e+00 -1.772445e-01
1.923484e-02  2.133448e+02  6.225335e+01 -2.481791e+01  8.554339e+00 -1.745737e+01  7.074518e+00 -2.038041e+00 -2.379220e-01
2.244580e-02  1.902290e+02  5.378698e+01 -2.135155e+01  7.354837e+00 -1.925606e+01  7.790854e+00 -2.243944e+00 -3.122570e-01
2.595722e-02  1.678363e+02  4.540582e+01 -1.791433e+01  6.165149e+00 -2.094369e+01  8.455937e+00 -2.434853e+00 -4.012026e-01
2.976415e-02  1.465560e+02  3.726179e+01 -1.456986e+01  5.007353e+00 -2.247680e+01  9.050671e+00 -2.605216e+00 -5.052583e-01
3.385735e-02  1.267039e+02  2.949297e+01 -1.137679e+01  3.901864e+00 -2.381870e+01  9.558708e+00 -2.750268e+00 -6.243927e-01
3.822326e-02  1.085103e+02  2.221698e+01 -8.386044e+00  2.866447e+00 -2.494139e+01  9.967350e+00 -2.866306e+00 -7.580054e-01
4.284407e-02  9.211615e+01  1.552624e+01 -5.638619e+00  1.915459e+00 -2.582683e+01  1.026816e+01 -2.950861e+00 -9.049300e-01
4.769797e-02  7.757719e+01  9.485465e+00 -3.164300e+00  1.059376e+00 -2.646732e+01  1.045723e+01 -3.002783e+00 -1.063481e+00
5.275935e-02  6.487397e+01  4.131205e+00 -9.811881e-01  3.046252e-01 -2.686513e+01  1.053511e+01 -3.022225e+00 -1.231536e+00
5.799924e-02  5.392614e+01 -5.265661e-01  9.039364e-01 -3.463111e-01 -2.703139e+01  1.050644e+01 -3.010537e+00 -1.406654e+00
6.338567e-02  4.460839e+01 -4.501381e+00  2.494575e+00 -8.945448e-01 -2.698462e+01  1.037935e+01 -2.970088e+00 -1.586197e+00
6.888423e-02  3.676648e+01 -7.826138e+00  3.802969e+00 -1.344257e+00 -2.674880e+01  1.016466e+01 -2.904046e+00 -1.767474e+00
7.445863e-02  3.023161e+01 -1.054844e+01  4.848260e+00 -1.702065e+00 -2.635149e+01  9.875050e+00 -2.816132e+00 -1.947865e+00
8.007127e-02  2.483222e+01 -1.272590e+01  5.654547e+00 -1.976350e+00 -2.582194e+01  9.524243e+00 -2.710374e+00 -2.124932e+00
8.568391e-02  2.040295e+01 -1.442174e+01  6.249008e+00 -2.176598e+00 -2.518953e+01  9.126223e+00 -2.590886e+00 -2.296510e+00
9.125831e-02  1.679071e+01 -1.570105e+01  6.660208e+00 -2.312812e+00 -2.448240e+01  8.694591e+00 -2.461670e+00 -2.460769e+00
9.675688e-02  1.385818e+01 -1.662766e+01  6.916675e+00 -2.395000e+00 -2.372646e+01  8.242053e+00 -2.326473e+00 -2.616248e+00
1.021433e-01  1.148538e+01 -1.726192e+01  7.045769e+00 -2.432783e+00 -2.294477e+01  7.780056e+00 -2.188668e+00 -2.761863e+00
1.073832e-01  9.569667e+00 -1.765908e+01  7.072878e+00 -2.435098e+00 -2.215713e+01  7.318555e+00 -2.051191e+00 -2.896894e+00
1.124446e-01  8.024765e+00 -1.786840e+01  7.020882e+00 -2.410012e+00 -2.138001e+01  6.865918e+00 -1.916507e+00 -3.020958e+00
1.172985e-01  6.779198e+00 -1.793278e+01  6.909877e+00 -2.364611e+00 -2.062663e+01  6.428918e+00 -1.786611e+00 -3.133965e+00
1.219193e-01  5.774432e+00 -1.788876e+01  6.757099e+00 -2.304974e+00 -1.990718e+01  6.012818e+00 -1.663047e+00 -3.236072e+00
1.262852e-01  4.962980e+00 -1.776688e+01  6.576993e+00 -2.236196e+00 -1.922913e+01  5.621489e+00 -1.546948e+00 -3.327633e+00
1.303784e-01  4.306599e+00 -1.759214e+01  6.381394e+00 -2.162443e+00 -1.859760e+01  5.257577e+00 -1.439081e+00 -3.409152e+00
1.341853e-01  3.774660e+00 -1.738464e+01  6.179765e+00 -2.087041e+00 -1.801572e+01  4.922671e+00 -1.339899e+00 -3.481239e+00
1.376967e-01  3.342731e+00 -1.716016e+01  5.979477e+00 -2.012574e+00 -1.748495e+01  4.617475e+00 -1.249594e+00 -3.544569e+00
1.409077e-01  2.991370e+00 -1.693087e+01  5.786087e+00 -1.940979e+00 -1.700544e+01  4.341970e+00 -1.168143e+00 -3.599851e+00
1.438175e-01  2.705120e+00 -1.670583e+01  5.603618e+00 -1.873650e+00 -1.657628e+01  4.095565e+00 -1.095353e+00 -3.647802e+00
1.464295e-01  2.471689e+00 -1.649159e+01  5.434815e+00 -1.811525e+00 -1.619577e+01  3.877221e+00 -1.030901e+00 -3.689125e+00
1.487507e-01  2.281282e+00 -1.629262e+01  5.281376e+00 -1.755172e+00 -1.586158e+01  3.685562e+00 -9.743666e-01 -3.724498e+00
1.507917e-01  2.126073e+00 -1.611173e+01  5.144150e+00 -1.704860e+00 -1.557095e+01  3.518970e+00 -9.252585e-01 -3.754561e+00
1.525662e-01  1.999784e+00 -1.595043e+01  5.023320e+00 -1.660620e+00 -1.532083e+01  3.375656e+00 -8.830376e-01 -3.779915e+00
1.540902e-01  1.897350e+00 -1.580916e+01  4.918546e+00 -1.622304e+00 -1.510793e+01  3.253724e+00 -8.471349e-01 -3.801114e+00
1.553821e-01  1.814657e+00 -1.568760e+01  4.829091e+00 -1.589621e+00 -1.492889e+01  3.151218e+00 -8.169663e-01 -3.818670e+00
1.564617e-01  1.748335e+00 -1.558484e+01  4.753931e+00 -1.562182e+00 -1.478029e+01  3.066165e+00 -7.919445e-01 -3.833052e+00
1.573500e-01  1.695598e+00 -1.549955e+01  4.691844e+00 -1.539529e+00 -1.465873e+01  2.996609e+00 -7.714885e-01 -3.844688e+00
1.580683e-01  1.654118e+00 -1.543010e+01  4.641481e+00 -1.521164e+00 -1.456089e+01  2.940636e+00 -7.550323e-01 -3.853970e+00
1.586383e-01  1.621933e+00 -1.537471e+01  4.601433e+00 -1.506565e+00 -1.448356e+01  2.896406e+00 -7.420312e-01 -3.861252e+00
1.590810e-01  1.597374e+00 -1.533153e+01  4.570280e+00 -1.495213e+00 -1.442369e+01  2.862168e+00 -7.319691e-01 -3.866858e+00
1.594164e-01  1.579010e+00 -1.529871e+01  4.546641e+00 -1.486601e+00 -1.437842e+01  2.836283e+00 -7.243629e-01 -3.871078e+00
1.596637e-01  1.565611e+00 -1.527447e+01  4.529204e+00 -1.480249e+00 -1.434511e+01  2.817241e+00 -7.187681e-01 -3.874172e+00
1.598401e-01  1.556123e+00 -1.525715e+01  4.516756e+00 -1.475716e+00 -1.432139e+01  2.803675e+00 -7.147826e-01 -3.876371e+00
1.599612e-01  1.549643e+00 -1.524525e+01  4.508209e+00 -1.472603e+00 -1.430511e+01  2.794372e+00 -7.120498e-01 -3.877877e+00
1.600405e-01  1.545413e+00 -1.523745e+01  4.502607e+00 -1.470563e+00 -1.429446e+01  2.788281e+00 -7.102605e-01 -3.878861e+00
1.600896e-01  1.542802e+00 -1.523262e+01  4.499141e+00 -1.469301e+00 -1.428787e+01  2.784515e+00 -7.091541e-01 -3.879470e+00
1.601178e-01  1.541303e+00 -1.522984e+01  4.497149e+00 -1.468575e+00 -1.428408e+01  2.782350e+00 -7.085182e-01 -3.879819e+00
1.601325e-01  1.540520e+00 -1.522839e+01  4.496108e+00 -1.468196e+00 -1.428211e+01  2.781220e+00 -7.081862e-01 -3.880002e+00
1.601392e-01  1.540163e+00 -1.522773e+01  4.495633e+00 -1.468023e+00 -1.428120e+01  2.780704e+00 -7.080345e-01 -3.880085e+00
1.601418e-01  1.540029e+00 -1.522748e+01  4.495454e+00 -1.467958e+00 -1.428087e+01  2.780510e+00 -7.079776e-01 -3.880116e+00
1.601424e-01  1.539993e+00 -1.522741e+01  4.495406e+00 -1.467941e+00 -1.428077e+01  2.780457e+00 -7.079621e-01 -3.880125e+00
1.601425e-01  1.539987e+00 -1.522740e+01  4.495398e+00 -1.467938e+00 -1.428076e+01  2.780450e+00 -7.079599e-01 -3.880126e+00
1.601426e-01  1.539986e+00 -1.522740e+01  4.495397e+00 -1.467938e+00 -1.428076e+01  2.780448e+00 -7.079595e-01 -3.880126e+00
1.601430e-01  1.539964e+00 -1.522736e+01  4.495368e+00 -1.467927e+00 -1.428070e+01  2.780417e+00 -7.079502e-01 -3.880131e+00
1.601458e-01  1.539816e+00 -1.522709e+01  4.495171e+00 -1.467855e+00 -1.428033e+01  2.780202e+00 -7.078872e-01 -3.880166e+00
1.601560e-01  1.539271e+00 -1.522608e+01  4.494445e+00 -1.467591e+00 -1.427895e+01  2.779415e+00 -7.076558e-01 -3.880293e+00
1.601834e-01  1.537819e+00 -1.522338e+01  4.492511e+00 -1.466887e+00 -1.427528e+01  2.777315e+00 -7.070390e-01 -3.880632e+00
1.602433e-01  1.534647e+00 -1.521748e+01  4.488278e+00 -1.465345e+00 -1.426724e+01  2.772720e+00 -7.056894e-01 -3.881373e+00
1.603581e-01  1.528589e+00 -1.520617e+01  4.480167e+00 -1.462392e+00 -1.425185e+01  2.763926e+00 -7.031063e-01 -3.882790e+00
1.605577e-01  1.518110e+00 -1.518648e+01  4.466056e+00 -1.457255e+00 -1.422512e+01  2.748646e+00 -6.986184e-01 -3.885247e+00
1.608803e-01  1.501322e+00 -1.515459e+01  4.443229e+00 -1.448946e+00 -1.418198e+01  2.723987e+00 -6.913764e-01 -3.889201e+00
1.613728e-01  1.476058e+00 -1.510580e+01  4.408353e+00 -1.436254e+00 -1.411630e+01  2.686451e+00 -6.803543e-01 -3.895192e+00
1.620903e-01  1.440015e+00 -1.503446e+01  4.357475e+00 -1.417746e+00 -1.402097e+01  2.631985e+00 -6.643647e-01 -3.903825e+00
1.630960e-01  1.390976e+00 -1.493395e+01  4.286035e+00 -1.391770e+00 -1.388809e+01  2.556077e+00 -6.420880e-01 -3.915738e+00
1.644606e-01  1.327112e+00 -1.479674e+01  4.188911e+00 -1.356480e+00 -1.370916e+01  2.453910e+00 -6.121191e-01 -3.931552e+00
1.662611e-01  1.247336e+00 -1.461438e+01  4.060514e+00 -1.309868e+00 -1.347552e+01  2.320582e+00 -5.730344e-01 -3.951807e+00
1.685795e-01  1.151665e+00 -1.437770e+01  3.894939e+00 -1.249829e+00 -1.317881e+01  2.151389e+00 -5.234794e-01 -3.976876e+00
1.715015e-01  1.041513e+00 -1.407711e+01  3.686220e+00 -1.174256e+00 -1.281155e+01  1.942191e+00 -4.622778e-01 -4.006872e+00
1.751145e-01  9.198253e-01 -1.370314e+01  3.428711e+00 -1.081183e+00 -1.236785e+01  1.689828e+00 -3.885610e-01 -4.041542e+00
1.795059e-01  7.909712e-01 -1.324722e+01  3.117610e+00 -9.689861e-01 -1.184420e+01  1.392596e+00 -3.019115e-01 -4.080169e+00
1.847607e-01  6.603612e-01 -1.270273e+01  2.749648e+00 -8.366395e-01 -1.124018e+01  1.050724e+00 -2.025111e-01 -4.121481e+00
1.909597e-01  5.338143e-01 -1.206631e+01  2.323880e+00 -6.840065e-01 -1.055920e+01  6.668221e-01 -9.127635e-02 -4.163605e+00
1.981774e-01  4.167869e-01 -1.133908e+01  1.842487e+00 -5.121408e-01 -9.808884e+00  2.462030e-01  3.003939e-02 -4.204063e+00
2.064794e-01  3.136312e-01 -1.052776e+01  1.311455e+00 -3.235360e-01 -9.001254e+00 -2.029755e-01  1.588033e-01 -4.239838e+00
2.159211e-01  2.270608e-01 -9.645169e+00  7.409411e-01 -1.222618e-01 -8.152348e+00 -6.698492e-01  2.915438e-01 -4.267509e+00
2.265454e-01  1.579480e-01 -8.710025e+00  1.451761e-01  8.607561e-02 -7.281404e+00 -1.141304e+00  4.240910e-01 -4.283469e+00
2.383811e-01  1.054817e-01 -7.745830e+00 -4.582094e-01  2.945877e-01 -6.409554e+00 -1.602758e+00  5.518191e-01 -4.284191e+00
2.514418e-01  6.760598e-02 -6.778963e+00 -1.049415e+00  4.955721e-01 -5.558205e+00 -2.039207e+00  6.699742e-01 -4.266532e+00
2.657247e-01  4.159109e-02 -5.836240e+00 -1.608133e+00  6.811487e-01 -4.747304e+00 -2.436420e+00  7.740511e-01 -4.228025e+00
2.812096e-01  2.457577e-02 -4.942381e+00 -2.115393e+00  8.439745e-01 -3.993782e+00 -2.782117e+00  8.601704e-01 -4.167129e+00
2.978589e-01  1.396630e-02 -4.117806e+00 -2.555306e+00  9.779279e-01 -3.310379e+00 -3.066959e+00  9.254014e-01 -4.083392e+00
3.156174e-01  7.651285e-03 -3.377153e+00 -2.916416e+00  1.078652e+00 -2.705028e+00 -3.285216e+00  9.679853e-01 -3.977509e+00
3.344127e-01  4.055369e-03 -2.728660e+00 -3.192477e+00  1.143877e+00 -2.180835e+00 -3.435021e+00  9.874300e-01 -3.851266e+00
3.541562e-01  2.088571e-03 -2.174416e+00 -3.382567e+00  1.173494e+00 -1.736575e+00 -3.518203e+00  9.844697e-01 -3.707383e+00
3.747436e-01  1.048022e-03 -1.711285e+00 -3.490599e+00  1.169374e+00 -1.367554e+00 -3.539770e+00  9.609058e-01 -3.549274e+00
3.960570e-01  5.111872e-04 -1.332224e+00 -3.524373e+00  1.135010e+00 -1.066652e+00 -3.507133e+00  9.193622e-01 -3.380766e+00
4.179666e-01  2.407866e-04 -1.027724e+00 -3.494375e+00  1.075030e+00 -8.253708e-01 -3.429225e+00  8.629962e-01 -3.205812e+00
4.403322e-01  1.100689e-04 -7.871392e-01 -3.412518e+00  9.946932e-01 -6.347492e-01 -3.315625e+00  7.952080e-01 -3.028227e+00
4.630064e-01  5.141990e-05 -5.997616e-01 -3.291012e+00  8.994050e-01 -4.860739e-01 -3.175806e+00  7.193807e-01 -2.851486e+00
4.858360e-01  2.699864e-05 -4.555772e-01 -3.141458e+00  7.943309e-01 -3.713600e-01 -3.018549e+00  6.386758e-01 -2.678580e+00
5.086657e-01  1.562452e-05 -3.457141e-01 -2.974229e+00  6.841141e-01 -2.836195e-01 -2.851564e+00  5.558917e-01 -2.511948e+00
5.313398e-01  7.681439e-06 -2.626353e-01 -2.798115e+00  5.727053e-01 -2.169574e-01 -2.681290e+00  4.733836e-01 -2.353457e+00
5.537055e-01  1.379905e-06 -2.001498e-01 -2.620201e+00  4.632916e-01 -1.665472e-01 -2.512849e+00  3.930361e-01 -2.204434e+00
5.756150e-01 -1.868121e-06 -1.533088e-01 -2.445914e+00  3.583005e-01 -1.285333e-01 -2.350113e+00  3.162762e-01 -2.065724e+00
5.969285e-01 -1.483310e-06 -1.182439e-01 -2.279180e+00  2.594583e-01 -9.989682e-02 -2.195833e+00  2.441124e-01 -1.937759e+00
6.175159e-01  8.785396e-07 -9.198563e-02 -2.122645e+00  1.678798e-01 -7.831203e-02 -2.051814e+00  1.771908e-01 -1.820637e+00
6.372593e-01  2.612416e-06 -7.228588e-02 -1.977905e+00  8.417305e-02 -6.201020e-02 -1.919088e+00  1.158567e-01 -1.714199e+00
6.560547e-01  2.235445e-06 -5.746004e-02 -1.845747e+00  8.544969e-03 -4.965899e-02 -1.798091e+00  6.021670e-02 -1.618091e+00
6.738132e-01  2.556102e-07 -4.625451e-02 -1.726346e+00 -5.909933e-02 -4.026166e-02 -1.688812e+00  1.019617e-02 -1.531826e+00
6.904625e-01 -1.647105e-06 -3.774104e-02 -1.619447e+00 -1.190702e-01 -3.307603e-02 -1.590920e+00 -3.441059e-02 -1.454831e+00
7.059474e-01 -2.126329e-06 -3.123472e-02 -1.524501e+00 -1.718214e-01 -2.755108e-02 -1.503873e+00 -7.389820e-02 -1.386481e+00
7.202302e-01 -1.073832e-06 -2.623147e-02 -1.440778e+00 -2.178920e-01 -2.327832e-02 -1.426993e+00 -1.086163e-01 -1.326133e+00
7.332910e-01  5.737888e-07 -2.236042e-02 -1.367446e+00 -2.578626e-01 -1.995488e-02 -1.359533e+00 -1.389433e-01 -1.273141e+00
7.451267e-01  1.689774e-06 -1.934807e-02 -1.303631e+00 -2.923224e-01 -1.735571e-02 -1.300715e+00 -1.652666e-01 -1.226872e+00
7.557510e-01  1.706840e-06 -1.699176e-02 -1.248459e+00 -3.218469e-01 -1.531300e-02 -1.249763e+00 -1.879688e-01 -1.186718e+00
7.651927e-01  8.088667e-07 -1.514029e-02 -1.201079e+00 -3.469826e-01 -1.370098e-02 -1.205926e+00 -2.074180e-01 -1.152100e+00
7.734947e-01 -3.765099e-07 -1.368021e-02 -1.160685e+00 -3.682394e-01 -1.242481e-02 -1.168485e+00 -2.239627e-01 -1.122469e+00
7.807123e-01 -1.236149e-06 -1.252590e-02 -1.126515e+00 -3.860859e-01 -1.141260e-02 -1.136761e+00 -2.379283e-01 -1.097311e+00
7.869114e-01 -1.469966e-06 -1.161242e-02 -1.097862e+00 -4.009494e-01 -1.060945e-02 -1.110120e+00 -2.496163e-01 -1.076141e+00
7.921662e-01 -1.129028e-06 -1.089020e-02 -1.074070e+00 -4.132166e-01 -9.973092e-03 -1.087970e+00 -2.593044e-01 -1.058509e+00
7.965576e-01 -4.742192e-07 -1.032100e-02 -1.054533e+00 -4.232368e-01 -9.470679e-03 -1.069760e+00 -2.672475e-01 -1.043990e+00
8.001706e-01  2.041555e-07 -9.874946e-03 -1.038692e+00 -4.313244e-01 -9.076363e-03 -1.054981e+00 -2.736792e-01 -1.032191e+00
8.030926e-01  7.069516e-07 -9.528341e-03 -1.026034e+00 -4.377627e-01 -8.769530e-03 -1.043162e+00 -2.788127e-01 -1.022744e+00
8.054110e-01  9.606342e-07 -9.262077e-03 -1.016087e+00 -4.428061e-01 -8.533514e-03 -1.033869e+00 -2.828429e-01 -1.015308e+00
8.072115e-01  9.901965e-07 -9.060535e-03 -1.008421e+00 -4.466835e-01 -8.354652e-03 -1.026703e+00 -2.859466e-01 -1.009571e+00
8.085761e-01  8.696895e-07 -8.910794e-03 -1.002645e+00 -4.495994e-01 -8.221622e-03 -1.021302e+00 -2.882838e-01 -1.005243e+00
8.095818e-01  6.793414e-07 -8.802083e-03 -9.984068e-01 -4.517359e-01 -8.124957e-03 -1.017337e+00 -2.899980e-01 -1.002065e+00
8.102992e-01  4.810400e-07 -8.725380e-03 -9.953928e-01 -4.532535e-01 -8.056705e-03 -1.014517e+00 -2.912166e-01 -9.998045e-01
8.107917e-01  3.110767e-07 -8.673140e-03 -9.933286e-01 -4.542921e-01 -8.010195e-03 -1.012586e+00 -2.920509e-01 -9.982554e-01
8.111144e-01  1.835702e-07 -8.639093e-03 -9.919782e-01 -4.549712e-01 -7.979872e-03 -1.011322e+00 -2.925967e-01 -9.972418e-01
8.113140e-01  9.796756e-08 -8.618104e-03 -9.911437e-01 -4.553908e-01 -7.961174e-03 -1.010541e+00 -2.929339e-01 -9.966152e-01
8.114287e-01  4.634612e-08 -8.606061e-03 -9.906642e-01 -4.556318e-01 -7.950443e-03 -1.010092e+00 -2.931277e-01 -9.962552e-01
8.114887e-01  1.868347e-08 -8.599780e-03 -9.904139e-01 -4.557576e-01 -7.944847e-03 -1.009858e+00 -2.932288e-01 -9.960672e-01
8.115160e-01  5.880085e-09 -8.596912e-03 -9.902996e-01 -4.558150e-01 -7.942291e-03 -1.009751e+00 -2.932750e-01 -9.959814e-01
8.115263e-01  1.050418e-09 -8.595836e-03 -9.902567e-01 -4.558366e-01 -7.941332e-03 -1.009711e+00 -2.932923e-01 -9.959492e-01
8.115291e-01 -2.658910e-10 -8.595544e-03 -9.902450e-01 -4.558425e-01 -7.941071e-03 -1.009700e+00 -2.932970e-01 -9.959404e-01
8.115295e-01 -4.602670e-10 -8.595500e-03 -9.902433e-01 -4.558433e-01 -7.941033e-03 -1.009698e+00 -2.932977e-01 -9.959391e-01
8.115296e-01 -4.665528e-10 -8.595495e-03 -9.902431e-01 -4.558434e-01 -7.941028e-03 -1.009698e+00 -2.932978e-01 -9.959390e-01
8.115308e-01 -4.665345e-10 -8.595362e-03 -9.902378e-01 -4.558461e-01 -7.940910e-03 -1.009693e+00 -2.933000e-01 -9.959350e-01
8.115394e-01 -4.664110e-10 -8.594463e-03 -9.902021e-01 -4.558641e-01 -7.940110e-03 -1.009660e+00 -2.933144e-01 -9.959082e-01
8.115709e-01 -4.659570e-10 -8.591161e-03 -9.900707e-01 -4.559301e-01 -7.937173e-03 -1.009537e+00 -2.933675e-01 -9.958095e-01
8.116547e-01 -4.647487e-10 -8.582364e-03 -9.897205e-01 -4.561060e-01 -7.929347e-03 -1.009209e+00 -2.935090e-01 -9.955465e-01
8.118383e-01 -4.621140e-10 -8.563144e-03 -9.889545e-01 -4.564908e-01 -7.912246e-03 -1.008492e+00 -2.938184e-01 -9.949713e-01
8.121899e-01 -4.571050e-10 -8.526451e-03 -9.874890e-01 -4.572269e-01 -7.879598e-03 -1.007120e+00 -2.944105e-01 -9.938704e-01
8.128014e-01 -4.485080e-10 -8.463008e-03 -9.849446e-01 -4.585039e-01 -7.823136e-03 -1.004738e+00 -2.954382e-01 -9.919586e-01
8.137899e-01 -4.349138e-10 -8.361442e-03 -9.808436e-01 -4.605602e-01 -7.732714e-03 -1.000898e+00 -2.970941e-01 -9.888755e-01
8.152987e-01 -4.148715e-10 -8.208768e-03 -9.746135e-01 -4.636791e-01 -7.596721e-03 -9.950619e-01 -2.996084e-01 -9.841880e-01
8.174968e-01 -3.871432e-10 -7.991318e-03 -9.655998e-01 -4.681805e-01 -7.402874e-03 -9.866147e-01 -3.032433e-01 -9.773980e-01
8.205780e-01 -3.510554e-10 -7.696171e-03 -9.530896e-01 -4.744066e-01 -7.139465e-03 -9.748827e-01 -3.082828e-01 -9.679575e-01
8.247587e-01 -3.068960e-10 -7.313064e-03 -9.363463e-01 -4.826987e-01 -6.797018e-03 -9.591660e-01 -3.150170e-01 -9.552917e-01
8.302747e-01 -2.562547e-10 -6.836625e-03 -9.146572e-01 -4.933684e-01 -6.370251e-03 -9.387804e-01 -3.237215e-01 -9.388296e-01
8.373776e-01 -2.021466e-10 -6.268579e-03 -8.873925e-01 -5.066594e-01 -5.860030e-03 -9.131104e-01 -3.346312e-01 -9.180430e-01
8.463297e-01 -1.487550e-10 -5.619432e-03 -8.540733e-01 -5.227050e-01 -5.274912e-03 -8.816702e-01 -3.479096e-01 -8.924908e-01
8.573988e-01 -1.007037e-10 -4.909029e-03 -8.144430e-01 -5.414825e-01 -4.631753e-03 -8.441682e-01 -3.636160e-01 -8.618667e-01
8.708525e-01 -6.195233e-11 -4.165513e-03 -7.685349e-01 -5.627703e-01 -3.954942e-03 -8.005691e-01 -3.816738e-01 -8.260448e-01
8.869516e-01 -3.464384e-11 -3.422483e-03 -7.167262e-01 -5.861133e-01 -3.274085e-03 -7.511456e-01 -4.018436e-01 -7.851192e-01
9.059434e-01 -1.840435e-11 -2.714688e-03 -6.597661e-01 -6.108057e-01 -2.620355e-03 -6.965081e-01 -4.237057e-01 -7.394298e-01
9.280559e-01 -1.053538e-11 -2.073099e-03 -5.987694e-01 -6.358973e-01 -2.022198e-03 -6.376062e-01 -4.466580e-01 -6.895697e-01
9.534907e-01 -7.172777e-12 -1.520541e-03 -5.351672e-01 -6.602288e-01 -1.501384e-03 -5.756933e-01 -4.699320e-01 -6.363702e-01
9.824170e-01 -4.941449e-12 -1.069002e-03 -4.706143e-01 -6.824992e-01 -1.070388e-03 -5.122537e-01 -4.926302e-01 -5.808607e-01
1.014966e+00 -2.243589e-12 -7.192467e-04 -4.068619e-01 -7.013607e-01 -7.317125e-04 -4.488968e-01 -5.137816e-01 -5.242076e-01
1.051227e+00  5.673830e-13 -4.626333e-04 -3.456097e-01 -7.155326e-01 -4.791562e-04 -3.872313e-01 -5.324131e-01 -4.676367e-01
1.091241e+00  2.202934e-12 -2.843638e-04 -2.883613e-01 -7.239192e-01 -3.004690e-04 -3.287349e-01 -5.476273e-01 -4.123482e-01
1.134999e+00  1.896656e-12 -1.670970e-04 -2.363031e-01 -7.257158e-01 -1.804980e-04 -2.746401e-01 -5.586763e-01 -3.594362e-01
1.182440e+00  2.186853e-13 -9.400112e-05 -1.902280e-01 -7.204862e-01 -1.039957e-04 -2.258521e-01 -5.650238e-01 -3.098207e-01
1.233448e+00 -1.334597e-12 -5.073838e-05 -1.505110e-01 -7.081997e-01 -5.757698e-05 -1.829095e-01 -5.663845e-01 -2.642015e-01
1.287854e+00 -1.557184e-12 -2.632869e-05 -1.171362e-01 -6.892240e-01 -3.069073e-05 -1.459888e-01 -5.627383e-01 -2.230366e-01
1.345437e+00 -4.718993e-13 -1.312875e-05 -8.976484e-02 -6.642759e-01 -1.576337e-05 -1.149476e-01 -5.543176e-01 -1.865450e-01
1.405925e+00  8.188242e-13 -6.267848e-06 -6.782507e-02 -6.343406e-01 -7.797551e-06 -8.939293e-02 -5.415719e-01 -1.547295e-01
1.468998e+00  1.187601e-12 -2.865627e-06 -5.060879e-02 -6.005712e-01 -3.723579e-06 -6.876170e-02 -5.251157e-01 -1.274147e-01
1.534295e+00  4.569545e-13 -1.290512e-06 -3.735846e-02 -5.641858e-01 -1.745881e-06 -5.239960e-02 -5.056677e-01 -1.042911e-01
1.601419e+00 -5.627626e-13 -6.183341e-07 -2.733587e-02 -5.263735e-01 -8.363013e-07 -3.962891e-02 -4.839907e-01 -8.496165e-02
1.669940e+00 -9.180709e-13 -3.274683e-07 -1.986885e-02 -4.882193e-01 -4.187441e-07 -2.980002e-02 -4.608370e-01 -6.898306e-02
1.739407e+00 -3.849482e-13 -1.592690e-07 -1.437698e-02 -4.506532e-01 -1.998911e-07 -2.232525e-02 -4.369052e-01 -5.590131e-02
1.809349e+00  4.266005e-13 -3.531722e-08 -1.038019e-02 -4.144233e-01 -6.650783e-08 -1.669662e-02 -4.128110e-01 -4.527791e-02
1.879292e+00  7.380517e-13  3.268377e-08 -7.495242e-03 -3.800903e-01  2.773739e-09 -1.249103e-02 -3.890705e-01 -3.670783e-02
1.948758e+00  3.311881e-13  3.099423e-08 -5.425017e-03 -3.480382e-01  1.235772e-08 -9.366596e-03 -3.660945e-01 -2.982973e-02
2.017280e+00 -3.322706e-13 -1.286315e-08 -3.944742e-03 -3.184951e-01 -1.270883e-08 -7.053933e-03 -3.441926e-01 -2.433027e-02
2.084403e+00 -6.211716e-13 -4.684718e-08 -2.887752e-03 -2.915599e-01 -3.392816e-08 -5.345146e-03 -3.235819e-01 -1.994382e-02
2.149701e+00 -3.212932e-13 -3.853416e-08 -2.132494e-03 -2.672301e-01 -2.753604e-08 -4.082516e-03 -3.044000e-01 -1.644945e-02
2.212774e+00  2.361894e-13  1.439047e-09 -1.591476e-03 -2.454281e-01  1.397042e-10 -3.148018e-03 -2.867185e-01 -1.366620e-02
2.273262e+00  5.408949e-13  3.590805e-08 -1.202328e-03 -2.260250e-01  2.410434e-08 -2.454258e-03 -2.705566e-01 -1.144768e-02
2.330845e+00  3.623287e-13  3.711756e-08 -9.208717e-04 -2.088591e-01  2.536850e-08 -1.937012e-03 -2.558943e-01 -9.676625e-03
2.385251e+00 -1.026166e-13  8.206252e-09 -7.159300e-04 -1.937521e-01  5.879161e-09 -1.549321e-03 -2.426824e-01 -8.259789e-03
2.436259e+00 -4.552344e-13 -2.452930e-08 -5.655391e-04 -1.805197e-01 -1.650978e-08 -1.256952e-03 -2.308521e-01 -7.123458e-03
2.483700e+00 -4.372839e-13 -3.607075e-08 -4.542369e-04 -1.689802e-01 -2.462985e-08 -1.034995e-03 -2.203222e-01 -6.209581e-03
2.527458e+00 -9.948142e-14 -2.095708e-08 -3.711340e-04 -1.589595e-01 -1.455846e-08 -8.653245e-04 -2.110039e-01 -5.472563e-03
2.567472e+00  2.904330e-13  6.843533e-09 -3.085442e-04 -1.502944e-01  4.326722e-09 -7.347361e-04 -2.028060e-01 -4.876628e-03
2.603732e+00  4.711286e-13  2.761787e-08 -2.610144e-04 -1.428346e-01  1.860420e-08 -6.335763e-04 -1.956367e-01 -4.393697e-03
2.636282e+00  3.547991e-13  2.992002e-08 -2.246460e-04 -1.364429e-01  2.038496e-08 -5.547521e-04 -1.894065e-01 -4.001700e-03
2.665208e+00  4.303114e-14  1.550258e-08 -1.966261e-04 -1.309951e-01  1.074902e-08 -4.930187e-04 -1.840290e-01 -3.683240e-03
2.690643e+00 -2.749720e-13 -5.154569e-09 -1.749082e-04 -1.263794e-01 -3.237281e-09 -4.444722e-04 -1.794219e-01 -3.424551e-03
2.712755e+00 -4.450644e-13 -2.093714e-08 -1.579932e-04 -1.224952e-01 -1.401393e-08 -4.061878e-04 -1.755069e-01 -3.214688e-03
2.731747e+00 -4.154372e-13 -2.590209e-08 -1.447767e-04 -1.192520e-01 -1.749811e-08 -3.759587e-04 -1.722105e-01 -3.044894e-03
2.747846e+00 -2.313144e-13 -2.045156e-08 -1.344388e-04 -1.165684e-01 -1.391354e-08 -3.521060e-04 -1.694632e-01 -2.908110e-03
2.761300e+00  1.410981e-14 -9.031052e-09 -1.263640e-04 -1.143710e-01 -6.246552e-09 -3.333388e-04 -1.672000e-01 -2.798598e-03
2.772369e+00  2.323945e-13  3.129693e-09 -1.200835e-04 -1.125934e-01  1.963238e-09 -3.186517e-04 -1.653600e-01 -2.711641e-03
2.781321e+00  3.708847e-13  1.231585e-08 -1.152337e-04 -1.111756e-01  8.189655e-09 -3.072504e-04 -1.638864e-01 -2.643325e-03
2.788424e+00  4.177348e-13  1.706734e-08 -1.115274e-04 -1.100631e-01  1.143034e-08 -2.984977e-04 -1.627262e-01 -2.590368e-03
2.793940e+00  3.900739e-13  1.774975e-08 -1.087338e-04 -1.092066e-01  1.192163e-08 -2.918752e-04 -1.618308e-01 -2.549986e-03
2.798121e+00  3.173429e-13  1.566824e-08 -1.066653e-04 -1.085618e-01  1.054024e-08 -2.869559e-04 -1.611554e-01 -2.519807e-03
2.801202e+00  2.280313e-13  1.227478e-08 -1.051675e-04 -1.080890e-01  8.265960e-09 -2.833848e-04 -1.606593e-01 -2.497798e-03
2.803400e+00  1.427191e-13  8.704096e-09 -1.041128e-04 -1.077529e-01  5.866178e-09 -2.808652e-04 -1.603064e-01 -2.482216e-03
2.804909e+00  7.259389e-14  5.628732e-09 -1.033955e-04 -1.075228e-01  3.796636e-09 -2.791491e-04 -1.600645e-01 -2.471579e-03
2.805897e+00  2.116900e-14  3.315321e-09 -1.029284e-04 -1.073723e-01  2.238780e-09 -2.780307e-04 -1.599063e-01 -2.464634e-03
2.806509e+00 -1.291497e-14  1.759757e-09 -1.026407e-04 -1.072793e-01  1.190859e-09 -2.773412e-04 -1.598085e-01 -2.460348e-03
2.806861e+00 -3.332172e-14  8.208640e-10 -1.024757e-04 -1.072259e-01  5.582295e-10 -2.769455e-04 -1.597523e-01 -2.457887e-03
2.807044e+00 -4.421540e-14  3.174940e-10 -1.023896e-04 -1.071980e-01  2.190188e-10 -2.767392e-04 -1.597229e-01 -2.456603e-03
2.807128e+00 -4.924799e-14  8.445946e-11 -1.023503e-04 -1.071853e-01  6.197285e-11 -2.766450e-04 -1.597095e-01 -2.456017e-03
2.807159e+00 -5.114486e-14 -3.454173e-12 -1.023356e-04 -1.071805e-01  2.724956e-12 -2.766096e-04 -1.597045e-01 -2.455797e-03
2.807168e+00 -5.166170e-14 -2.741557e-11 -1.023316e-04 -1.071792e-01 -1.342355e-11 -2.766000e-04 -1.597031e-01 -2.455737e-03
2.807169e+00 -5.173801e-14 -3.095391e-11 -1.023310e-04 -1.071790e-01 -1.580818e-11 -2.765986e-04 -1.597029e-01 -2.455728e-03
2.807169e+00 -5.174037e-14 -3.106830e-11 -1.023309e-04 -1.071790e-01 -1.588528e-11 -2.765984e-04 -1.597029e-01 -2.455727e-03
2.807174e+00 -5.173695e-14 -3.106688e-11 -1.023288e-04 -1.071783e-01 -1.588457e-11 -2.765935e-04 -1.597022e-01 -2.455696e-03
2.807204e+00 -5.171381e-14 -3.105720e-11 -1.023148e-04 -1.071738e-01 -1.587978e-11 -2.765599e-04 -1.596974e-01 -2.455488e-03
2.807313e+00 -5.162880e-14 -3.102164e-11 -1.022633e-04 -1.071571e-01 -1.586216e-11 -2.764366e-04 -1.596799e-01 -2.454721e-03
2.807606e+00 -5.140266e-14 -3.092701e-11 -1.021261e-04 -1.071127e-01 -1.581529e-11 -2.761082e-04 -1.596331e-01 -2.452677e-03
2.808246e+00 -5.091018e-14 -3.072077e-11 -1.018265e-04 -1.070155e-01 -1.571310e-11 -2.753908e-04 -1.595309e-01 -2.448211e-03
2.809473e+00 -4.997624e-14 -3.032898e-11 -1.012551e-04 -1.068297e-01 -1.551896e-11 -2.740220e-04 -1.593352e-01 -2.439679e-03
2.811606e+00 -4.838065e-14 -2.965756e-11 -1.002689e-04 -1.065073e-01 -1.518616e-11 -2.716575e-04 -1.589954e-01 -2.424913e-03
2.815055e+00 -4.587702e-14 -2.859852e-11 -9.869476e-05 -1.059880e-01 -1.466098e-11 -2.678782e-04 -1.584476e-01 -2.401234e-03
2.820318e+00 -4.223114e-14 -2.704334e-11 -9.633943e-05 -1.052002e-01 -1.388916e-11 -2.622111e-04 -1.576150e-01 -2.365544e-03
2.827987e+00 -3.728215e-14 -2.490482e-11 -9.300779e-05 -1.040628e-01 -1.282659e-11 -2.541690e-04 -1.564097e-01 -2.314509e-03
2.838736e+00 -3.102271e-14 -2.214658e-11 -8.852986e-05 -1.024887e-01 -1.145368e-11 -2.433098e-04 -1.547354e-01 -2.244847e-03
2.853321e+00 -2.368258e-14 -1.881557e-11 -8.279557e-05 -1.003902e-01 -9.791380e-12 -2.293150e-04 -1.524918e-01 -2.153716e-03
2.872564e+00 -1.578460e-14 -1.506788e-11 -7.579254e-05 -9.768580e-02 -7.914038e-12 -2.120764e-04 -1.495804e-01 -2.039192e-03
2.897343e+00 -8.130445e-15 -1.117367e-11 -6.763879e-05 -9.430871e-02 -5.952306e-12 -1.917780e-04 -1.459120e-01 -1.900771e-03
2.928573e+00 -1.677422e-15 -7.487048e-12 -5.859951e-05 -9.021568e-02 -4.079200e-12 -1.689470e-04 -1.414148e-01 -1.739796e-03
2.967189e+00  2.701851e-15 -4.375065e-12 -4.907680e-05 -8.539616e-02 -2.476252e-12 -1.444520e-04 -1.360433e-01 -1.559721e-03
3.014123e+00  4.525239e-15 -2.117251e-12 -3.956661e-05 -7.987964e-02 -1.285067e-12 -1.194298e-04 -1.297867e-01 -1.366073e-03
3.070287e+00  3.952538e-15 -8.092608e-13 -3.058635e-05 -7.374023e-02 -5.601258e-13 -9.514297e-05 -1.226756e-01 -1.166064e-03
3.136542e+00  1.830758e-15 -3.176293e-13 -2.258866e-05 -6.709678e-02 -2.453659e-13 -7.279095e-05 -1.147858e-01 -9.678528e-04
3.213683e+00 -5.655531e-16 -3.229443e-13 -1.588546e-05 -6.010780e-02 -1.927811e-13 -5.332281e-05 -1.062386e-01 -7.795692e-04
3.302415e+00 -2.048526e-15 -4.497832e-13 -1.060629e-05 -5.296097e-02 -2.229778e-13 -3.730168e-05 -9.719616e-02 -6.082846e-04
3.403327e+00 -2.054342e-15 -4.284839e-13 -6.703081e-06 -4.585823e-02 -2.022654e-13 -2.486014e-05 -8.785271e-02 -4.591622e-04
3.516879e+00 -8.882217e-16 -2.008787e-13 -3.995847e-06 -3.899824e-02 -9.473397e-14 -1.575206e-05 -7.842129e-02 -3.349696e-04
3.643378e+00  5.175974e-16  9.726394e-14 -2.237693e-06 -3.255904e-02  4.320372e-14 -9.473282e-06 -6.911853e-02 -2.360410e-04
3.782971e+00  1.225997e-15  2.696854e-13 -1.174083e-06 -2.668334e-02  1.235340e-13 -5.403946e-06 -6.014873e-02 -1.606499e-04
3.935625e+00  9.018287e-16  2.190240e-13 -5.804958e-07 -2.146902e-02  1.012119e-13 -2.929475e-06 -5.168974e-02 -1.056505e-04
4.101127e+00 -2.302837e-17  1.794986e-14 -2.778377e-07 -1.696561e-02  8.886470e-15 -1.518749e-06 -4.388215e-02 -6.719968e-05
4.279073e+00 -7.471590e-16 -1.579389e-13 -1.348802e-07 -1.317698e-02 -7.264352e-14 -7.602260e-07 -3.682315e-02 -4.139819e-05
4.468875e+00 -7.450070e-16 -1.760213e-13 -6.619488e-08 -1.006871e-02 -8.156909e-14 -3.676628e-07 -3.056525e-02 -2.474551e-05
4.669759e+00 -1.424286e-16 -4.790401e-14 -2.708327e-08 -7.578413e-03 -2.253224e-14 -1.658943e-07 -2.511936e-02 -1.438222e-05
4.880776e+00  4.670085e-16  9.665480e-14 -2.832171e-09 -5.626881e-03  4.468180e-14 -6.317523e-08 -2.046116e-02 -8.147742e-06
5.100813e+00  5.735769e-16  1.328234e-13  7.222222e-09 -4.128326e-03  6.192845e-14 -1.718888e-08 -1.653941e-02 -4.513468e-06
5.328610e+00  1.719781e-16  4.683068e-14  4.299982e-09 -2.998535e-03  2.228865e-14 -5.308462e-09 -1.328480e-02 -2.455670e-06
5.562778e+00 -3.016161e-16 -6.650414e-14 -4.091935e-09 -2.160500e-03 -3.050971e-14 -8.694237e-09 -1.061824e-02 -1.319459e-06
5.801821e+00 -4.121743e-16 -1.019197e-13 -8.451688e-09 -1.547554e-03 -4.740069e-14 -1.147094e-08 -8.457836e-03 -7.030648e-07
6.044160e+00 -1.124681e-16 -3.909689e-14 -4.836900e-09 -1.104483e-03 -1.850756e-14 -6.557231e-09 -6.724182e-03 -3.710572e-07
6.288163e+00  2.674237e-16  5.067885e-14  2.664966e-09 -7.872053e-04  2.331863e-14  2.553427e-09 -5.343981e-03 -1.926745e-07
6.532165e+00  3.693853e-16  8.166026e-14  6.807760e-09 -5.615969e-04  3.810660e-14  7.810450e-09 -4.252092e-03 -9.850825e-08
6.774505e+00  1.344557e-16  3.337271e-14  4.252628e-09 -4.019236e-04  1.597294e-14  5.178592e-09 -3.392391e-03 -5.134933e-08
7.013547e+00 -1.857873e-16 -3.997017e-14 -1.881123e-09 -2.891975e-04 -1.814428e-14 -1.927586e-09 -2.717714e-03 -2.926276e-08
7.247715e+00 -2.986817e-16 -6.878177e-14 -5.674325e-09 -2.096523e-04 -3.183621e-14 -6.585622e-09 -2.189238e-03 -1.837415e-08
7.475513e+00 -1.365185e-16 -3.241576e-14 -4.051187e-09 -1.534394e-04 -1.520958e-14 -4.956685e-09 -1.775536e-03 -1.103476e-08
7.695550e+00  1.172012e-16  2.960272e-14  9.421483e-10 -1.135820e-04  1.361109e-14  8.142218e-10 -1.451507e-03 -4.890176e-09
7.906566e+00  2.251431e-16  6.057043e-14  4.663447e-09 -8.517493e-05  2.826325e-14  5.341983e-09 -1.197322e-03 -6.689725e-10
8.107450e+00  1.079335e-16  3.735272e-14  4.176168e-09 -6.479197e-05  1.776612e-14  5.028891e-09 -9.974556e-04  6.634520e-10
8.297252e+00 -1.124050e-16 -1.545754e-14  3.705168e-10 -5.005251e-05 -6.691601e-15  7.101010e-10 -8.398265e-04 -3.796751e-10
8.475199e+00 -2.424246e-16 -5.272872e-14 -3.397348e-09 -3.930583e-05 -2.419889e-14 -3.773450e-09 -7.150814e-04 -2.024630e-09
8.640700e+00 -1.819280e-16 -4.724108e-14 -4.318771e-09 -3.140408e-05 -2.196337e-14 -5.061121e-09 -6.159970e-04 -2.604239e-09
8.793354e+00  1.296250e-17 -7.113736e-15 -2.097136e-09 -2.554319e-05 -3.535193e-15 -2.654030e-09 -5.370014e-04 -1.651446e-09
8.932947e+00  1.945874e-16  3.619309e-14  1.347234e-09 -2.115541e-05  1.660637e-14  1.315708e-09 -4.737959e-04  8.112729e-11
9.059447e+00  2.406320e-16  5.368835e-14  3.640696e-09 -1.783814e-05  2.496514e-14  4.087424e-09 -4.230609e-04  1.432079e-09
9.172998e+00  1.294338e-16  3.715065e-14  3.574662e-09 -1.530611e-05  1.756685e-14  4.180043e-09 -3.822285e-04  1.690550e-09
9.273910e+00 -6.563789e-17 -1.803226e-16  1.554354e-09 -1.335745e-05  3.851613e-16  1.974348e-09 -3.493061e-04  9.243666e-10
9.362642e+00 -2.373152e-16 -3.598047e-14 -1.046676e-09 -1.184870e-05 -1.631175e-14 -9.890499e-10 -3.227410e-04 -2.624513e-10
9.439784e+00 -3.086363e-16 -5.296402e-14 -2.885506e-09 -1.067638e-05 -2.448422e-14 -3.156106e-09 -3.013161e-04 -1.205912e-09
9.506039e+00 -2.631141e-16 -4.618952e-14 -3.312177e-09 -9.764097e-06 -2.173948e-14 -3.742351e-09 -2.840704e-04 -1.535195e-09
9.562202e+00 -1.359627e-16 -2.191957e-14 -2.457822e-09 -9.054168e-06 -1.085894e-14 -2.858905e-09 -2.702386e-04 -1.253795e-09
9.609136e+00  1.570732e-17  8.393337e-15 -9.199616e-10 -8.502372e-06  2.941777e-15 -1.165898e-09 -2.592056e-04 -6.107045e-10
9.647752e+00  1.419186e-16  3.429835e-14  6.427882e-10 -8.074633e-06  1.485978e-14  5.898143e-10 -2.504717e-04  9.058270e-11
9.678982e+00  2.154314e-16  4.984810e-14  1.782464e-09 -7.744677e-06  2.213024e-14  1.890872e-09 -2.436271e-04  6.298979e-10
9.703762e+00  2.327767e-16  5.401622e-14  2.338691e-09 -7.492185e-06  2.423711e-14  2.544014e-09 -2.383314e-04  9.171343e-10
9.723005e+00  2.064452e-16  4.917334e-14  2.375740e-09 -7.301286e-06  2.222734e-14  2.612887e-09 -2.342992e-04  9.693788e-10
9.737589e+00  1.550254e-16  3.905553e-14  2.068673e-09 -7.159358e-06  1.778545e-14  2.290200e-09 -2.312891e-04  8.599812e-10
9.748339e+00  9.570495e-17  2.718373e-14  1.604891e-09 -7.056154e-06  1.250948e-14  1.785644e-09 -2.290956e-04  6.722194e-10
9.756007e+00  4.053265e-17  1.605615e-14  1.128043e-09 -6.983202e-06  7.538682e-15  1.261309e-09 -2.275435e-04  4.718246e-10
9.761270e+00 -4.185691e-18  6.998568e-15  7.217438e-10 -6.933433e-06  3.481719e-15  8.123202e-10 -2.264843e-04  2.981206e-10
9.764719e+00 -3.671795e-17  3.928539e-16  4.178747e-10 -6.900954e-06  5.185009e-16  4.756258e-10 -2.257930e-04  1.670114e-10
9.766852e+00 -5.818045e-17 -3.971512e-15  2.142148e-10 -6.880913e-06 -1.440983e-15  2.496267e-10 -2.253664e-04  7.868616e-11
9.768079e+00 -7.099676e-17 -6.579874e-15  9.151519e-11 -6.869407e-06 -2.612642e-15  1.133544e-10 -2.251215e-04  2.531989e-11
9.768719e+00 -7.782879e-17 -7.970953e-15  2.579596e-11 -6.863404e-06 -3.237669e-15  4.033283e-11 -2.249938e-04 -3.307310e-12
9.769012e+00 -8.098282e-17 -8.613293e-15 -4.614237e-12 -6.860662e-06 -3.526317e-15  6.536283e-12 -2.249354e-04 -1.656383e-11
9.769122e+00 -8.217127e-17 -8.855353e-15 -1.608433e-11 -6.859633e-06 -3.635097e-15 -6.212263e-12 -2.249135e-04 -2.156551e-11
9.769151e+00 -8.249506e-17 -8.921303e-15 -1.921036e-11 -6.859354e-06 -3.664735e-15 -9.686825e-12 -2.249076e-04 -2.292880e-11
9.769156e+00 -8.254287e-17 -8.931041e-15 -1.967197e-11 -6.859312e-06 -3.669111e-15 -1.019990e-11 -2.249067e-04 -2.313011e-11
9.769157e+00 -8.254372e-17 -8.931334e-15 -1.968686e-11 -6.859305e-06 -3.669243e-15 -1.021648e-11 -2.249065e-04 -2.313659e-11
9.769176e+00 -8.252243e-17 -8.930681e-15 -1.968570e-11 -6.859130e-06 -3.668925e-15 -1.021591e-11 -2.249027e-04 -2.313557e-11
9.769305e+00 -8.237819e-17 -8.926259e-15 -1.967786e-11 -6.857945e-06 -3.666777e-15 -1.021205e-11 -2.248769e-04 -2.312862e-11
9.769782e+00 -8.184860e-17 -8.910014e-15 -1.964903e-11 -6.853588e-06 -3.658886e-15 -1.019788e-11 -2.247820e-04 -2.310308e-11
9.771053e+00 -8.044186e-17 -8.866811e-15 -1.957235e-11 -6.841988e-06 -3.637902e-15 -1.016017e-11 -2.245292e-04 -2.303514e-11
9.773833e+00 -7.738823e-17 -8.772767e-15 -1.940533e-11 -6.816667e-06 -3.592238e-15 -1.007801e-11 -2.239769e-04 -2.288705e-11
9.779159e+00 -7.163524e-17 -8.594584e-15 -1.908845e-11 -6.768428e-06 -3.505771e-15 -9.922105e-12 -2.229229e-04 -2.260569e-11
9.788423e+00 -6.192410e-17 -8.290669e-15 -1.854665e-11 -6.685324e-06 -3.358445e-15 -9.655416e-12 -2.211017e-04 -2.212340e-11
9.803397e+00 -4.699733e-17 -7.815117e-15 -1.769539e-11 -6.553086e-06 -3.128337e-15 -9.236066e-12 -2.181894e-04 -2.136238e-11
9.826253e+00 -2.598468e-17 -7.125663e-15 -1.645309e-11 -6.356184e-06 -2.795716e-15 -8.623298e-12 -2.138189e-04 -2.024416e-11
9.859551e+00  1.022444e-18 -6.196144e-15 -1.476105e-11 -6.079673e-06 -2.349386e-15 -7.787046e-12 -2.076097e-04 -1.870500e-11
9.906227e+00  3.228811e-17 -5.032507e-15 -1.260973e-11 -5.711865e-06 -1.794779e-15 -6.720609e-12 -1.992116e-04 -1.671680e-11
9.969557e+00  6.386805e-17 -3.688765e-15 -1.006630e-11 -5.247603e-06 -1.161904e-15 -5.454090e-12 -1.883635e-04 -1.431012e-11
1.005312e+01  8.955576e-17 -2.276159e-15 -7.293826e-12 -4.691554e-06 -5.096637e-16 -4.063968e-12 -1.749591e-04 -1.159259e-11
1.016071e+01  1.018030e-16 -9.566382e-16 -4.548248e-12 -4.060582e-06  7.805598e-17 -2.672334e-12 -1.591095e-04 -8.752589e-12
1.029632e+01  9.390157e-17  8.666541e-17 -2.140991e-12 -3.384019e-06  5.082226e-16 -1.429797e-12 -1.411851e-04 -6.038739e-12
1.046400e+01  6.315651e-17  7.017008e-16 -3.642522e-13 -2.700901e-06  7.061134e-16 -4.805231e-13 -1.218194e-04 -3.710822e-12
1.066781e+01  1.391854e-17  8.288521e-16  6.050610e-13 -2.054006e-06  6.470823e-16  8.342955e-14 -1.018610e-04 -1.970520e-12
1.091168e+01 -4.140174e-17  5.440133e-16  7.858273e-13 -1.481808e-06  3.782573e-16  2.613280e-13 -8.227378e-05 -8.949745e-13
1.119938e+01 -8.511750e-17  5.234455e-17  4.110270e-13 -1.010704e-06  1.409647e-17  1.545607e-13 -6.400047e-05 -4.051604e-13
1.153435e+01 -1.011018e-16 -3.821578e-16 -1.462906e-13 -6.503351e-07 -3.015507e-16 -6.568984e-14 -4.782095e-05 -2.938811e-13
1.191965e+01 -8.323782e-17 -5.508448e-16 -5.243838e-13 -3.939128e-07 -4.556659e-16 -2.278330e-13 -3.424298e-05 -3.115474e-13
1.235784e+01 -4.071143e-17 -4.015552e-16 -5.328962e-13 -2.233422e-07 -4.186206e-16 -2.351367e-13 -2.345395e-05 -2.727266e-13
1.285091e+01  4.407924e-18 -6.166695e-17 -2.291321e-13 -1.166296e-07 -2.554671e-16 -1.039196e-13 -1.534271e-05 -1.258682e-13
1.340020e+01  2.795480e-17  2.436590e-16  1.455994e-13 -5.409388e-08 -8.301807e-17  6.236972e-14 -9.576415e-06  5.645329e-14
1.400635e+01  1.757728e-17  3.352718e-16  3.385853e-13 -2.101428e-08  3.998577e-18  1.504642e-13 -5.702332e-06  1.606251e-13
1.466922e+01 -1.914754e-17  1.915944e-16  2.553935e-13 -6.868063e-09 -1.131673e-17  1.155204e-13 -3.243421e-06  1.306325e-13
1.538787e+01 -5.888309e-17 -5.175707e-17  8.118425e-15 -3.393546e-09 -7.016348e-17  5.550481e-15 -1.767890e-06  1.141973e-14
1.616056e+01 -7.734771e-17 -2.131792e-16 -1.900884e-13 -3.784287e-09 -9.493044e-17 -8.422557e-14 -9.274241e-07 -9.207415e-14
1.698474e+01 -6.492379e-17 -1.992608e-16 -1.976385e-13 -3.507302e-09 -5.396258e-17 -8.904797e-14 -4.686963e-07 -1.021303e-13
1.785703e+01 -3.187721e-17 -5.692354e-17 -4.487206e-14 -1.300499e-09  1.851563e-17 -2.109933e-14 -2.258350e-07 -2.696619e-14
1.877332e+01  4.368733e-19  8.934292e-17  1.138951e-13  1.343734e-09  6.012237e-17  5.074712e-14 -1.012107e-07  5.668225e-14
1.972878e+01  1.520702e-17  1.490769e-16  1.447670e-13  2.325842e-09  3.780903e-17  6.561806e-14 -4.171639e-08  7.672151e-14
2.071794e+01  1.047121e-17  1.252796e-16  4.401708e-14  1.094795e-09 -2.710410e-17  2.079650e-14 -1.782807e-08  2.665119e-14
2.173476e+01 -2.943440e-18  8.048055e-17 -7.772703e-14 -9.324172e-10 -8.387124e-17 -3.441461e-14 -1.073957e-08 -3.784415e-14
2.277275e+01 -1.230403e-17  6.055015e-17 -1.089412e-13 -1.829482e-09 -9.674713e-17 -4.941709e-14 -8.109100e-09 -5.673714e-14
2.382505e+01 -1.255346e-17  5.954180e-17 -3.608897e-14 -9.439615e-10 -6.508866e-17 -1.729381e-14 -4.236148e-09 -1.984892e-14
2.488458e+01 -7.258956e-18  5.324913e-17  5.869290e-14  6.796807e-10 -7.100375e-18  2.548959e-14  5.351121e-10  3.106813e-14
2.594410e+01 -2.254118e-18  5.041794e-17  8.559864e-14  1.470523e-09  6.513205e-17  3.833590e-14  3.199514e-09  4.749215e-14
2.699641e+01  6.567961e-19  9.427266e-17  2.941752e-14  8.228064e-10  1.473484e-16  1.377898e-14  2.212758e-09  1.905233e-14
2.803440e+01  4.181312e-18  2.077513e-16 -4.755722e-14 -4.936194e-10  2.227369e-16 -2.068937e-14 -8.391397e-10 -2.259004e-14
2.905122e+01  1.101634e-17  3.442798e-16 -7.278582e-14 -1.217719e-09  2.515155e-16 -3.255073e-14 -2.885162e-09 -3.836175e-14
3.004038e+01  1.975288e-17  4.065291e-16 -2.973125e-14 -7.836536e-10  1.948278e-16 -1.411216e-14 -2.210128e-09 -1.782973e-14
3.099584e+01  2.537112e-17  3.273601e-16  3.564020e-14  2.906388e-10  5.839433e-17  1.430581e-14  2.885739e-10  1.570060e-14
3.191213e+01  2.352222e-17  1.413016e-16  6.389882e-14  1.013923e-09 -8.666847e-17  2.622033e-14  2.285041e-09  3.043832e-14
3.278442e+01  1.434534e-17 -2.203601e-17  3.478941e-14  8.269199e-10 -1.344539e-16  1.263516e-14  2.202339e-09  1.465869e-14
3.360859e+01  2.495900e-18 -2.359366e-17 -2.175220e-14 -1.246309e-11 -1.084096e-17 -1.292431e-14  3.699119e-10 -1.625902e-14
3.438128e+01 -6.264828e-18  1.866308e-16 -5.748912e-14 -7.731621e-10  2.722065e-16 -2.870439e-14 -1.573420e-09 -3.615034e-14
3.509994e+01 -8.845113e-18  5.324200e-16 -4.656045e-14 -8.948081e-10  6.151841e-16 -2.305537e-14 -2.172119e-09 -3.009055e-14
3.576280e+01 -6.175574e-18  8.582486e-16 -1.395069e-15 -3.681458e-10  8.834226e-16 -1.661640e-15 -1.185043e-09 -3.845050e-15
3.636895e+01 -1.716432e-18  1.020976e-15  4.271839e-14  3.672781e-10  9.771242e-16  1.937572e-14  4.977202e-10  2.358871e-14
3.691825e+01  1.213571e-18  9.630555e-16  5.600052e-14  8.121896e-10  8.756609e-16  2.636258e-14  1.701062e-09  3.508032e-14
3.741132e+01  1.280339e-18  7.275924e-16  3.264099e-14  7.391828e-10  6.354201e-16  1.642968e-14  1.780520e-09  2.586022e-14
3.784951e+01 -7.286253e-19  4.193835e-16 -1.031560e-14  2.655785e-10  3.515266e-16 -2.871184e-15  8.792741e-10  3.765009e-15
3.823481e+01 -3.010484e-18  1.458786e-16 -4.757471e-14 -2.998421e-10  1.111456e-16 -2.010655e-14 -3.614482e-10 -1.802223e-14
3.856978e+01 -4.046018e-18 -2.678564e-17 -6.101389e-14 -6.724534e-10 -3.711752e-17 -2.693989e-14 -1.285304e-09 -2.918762e-14
3.885747e+01 -3.307888e-18 -8.647184e-17 -4.693776e-14 -7.264025e-10 -8.876061e-17 -2.147630e-14 -1.554406e-09 -2.655188e-14
3.910135e+01 -1.219978e-18 -6.133386e-17 -1.396482e-14 -5.045542e-10 -6.989263e-17 -7.390778e-15 -1.206872e-09 -1.346539e-14
3.930515e+01  1.326959e-18  4.676749e-18  2.413917e-14 -1.452477e-10 -1.724475e-17  9.247695e-15 -5.140523e-10  3.616043e-15
3.947283e+01  3.495048e-18  7.272062e-17  5.542592e-14  2.061889e-10  3.781648e-17  2.309949e-14  2.128880e-10  1.868576e-14
3.960844e+01  4.801589e-18  1.195682e-16  7.348407e-14  4.544525e-10  7.680474e-17  3.124636e-14  7.564099e-10  2.822534e-14
3.971604e+01  5.163487e-18  1.381951e-16  7.764728e-14  5.685107e-10  9.407006e-17  3.331627e-14  1.033504e-09  3.149005e-14
3.979960e+01  4.776643e-18  1.327304e-16  7.108001e-14  5.661252e-10  9.264207e-17  3.065193e-14  1.068565e-09  2.968017e-14
3.986293e+01  3.950014e-18  1.121794e-16  5.838239e-14  4.882277e-10  7.932027e-17  2.525368e-14  9.404412e-10  2.480855e-14
3.990960e+01  2.975238e-18  8.563278e-17  4.377755e-14  3.773260e-10  6.099746e-17  1.897340e-14  7.357013e-10  1.880922e-14
3.994290e+01  2.059618e-18  5.977893e-17  3.021450e-14  2.654817e-10  4.276890e-17  1.311175e-14  5.215683e-10  1.307444e-14
3.996576e+01  1.313487e-18  3.832468e-17  1.923097e-14  1.710569e-10  2.749272e-17  8.352207e-15  3.376676e-10  8.359653e-15
3.998073e+01  7.689843e-19  2.251058e-17  1.124475e-14  1.007884e-10  1.617433e-17  4.886220e-15  1.995464e-10  4.902047e-15
3.999000e+01  4.091003e-19  1.199895e-17  5.977675e-15  5.382532e-11  8.629682e-18  2.598303e-15  1.067549e-10  2.610395e-15
3.999532e+01  1.939703e-19  5.695393e-18  2.833023e-15  2.557587e-11  4.098309e-18  1.231640e-15  5.077669e-11  1.238358e-15
3.999810e+01  7.922521e-20  2.327539e-18  1.156860e-15  1.045788e-11  1.675312e-18  5.029839e-16  2.077308e-11  5.059358e-16
3.999937e+01  2.623795e-20  7.710359e-19  3.830919e-16  3.465215e-12  5.550432e-19  1.665689e-16  6.884767e-12  1.675779e-16
3.999985e+01  6.269722e-21  1.842615e-19  9.153872e-17  8.281923e-13  1.326499e-19  3.980179e-17  1.645615e-12  4.004570e-17
3.999998e+01  8.292880e-22  2.437267e-20  1.210758e-17  1.095496e-13  1.754610e-20  5.264498e-18  2.176797e-13  5.296861e-18
4.000000e+01  2.597988e-23  7.635483e-22  3.793050e-19  3.431988e-15  5.496863e-22  1.649257e-19  6.819533e-15  1.659400e-19
