376 7
 0 0 0 0 1 1 2
 2 2 2 2 6 6 5
 -2.336144e+02 -2.680755e+01 -3.027174e+00 -1.566946e-01 -2.300536e+01 -1.942406e+00 -2.202908e-01
0.000000e+00 -2.447239e+02 -7.333910e+01 -2.782159e+01 -7.115058e+00 -2.719364e-06 -9.716150e-07  1.406507e-09
3.278564e-09 -2.447238e+02 -7.333910e+01 -2.782159e+01 -7.115058e+00 -1.179900e-06 -4.018725e-07  1.406504e-09
1.046582e-07 -2.447232e+02 -7.333891e+01 -2.782152e+01 -7.115040e+00  4.642332e-05  1.721567e-05  1.405216e-09
7.915214e-07 -2.447190e+02 -7.333765e+01 -2.782104e+01 -7.114917e+00  3.689394e-04  1.365761e-04  1.328549e-09
3.316517e-06 -2.447036e+02 -7.333302e+01 -2.781928e+01 -7.114468e+00  1.554502e-03  5.753424e-04  2.969178e-11
1.004733e-05 -2.446624e+02 -7.332068e+01 -2.781460e+01 -7.113271e+00  4.714459e-03  1.744815e-03 -1.124447e-08
2.477810e-05 -2.445723e+02 -7.329368e+01 -2.780436e+01 -7.110652e+00  1.162835e-02  4.303585e-03 -7.555305e-08
5.299135e-05 -2.443999e+02 -7.324199e+01 -2.778475e+01 -7.105637e+00  2.486313e-02  9.201664e-03 -3.505520e-07
1.020609e-04 -2.441003e+02 -7.315216e+01 -2.775067e+01 -7.096922e+00  4.785934e-02  1.771236e-02 -1.303702e-06
1.813877e-04 -2.436167e+02 -7.300712e+01 -2.769564e+01 -7.082849e+00  8.497581e-02  3.144884e-02 -4.118316e-06
3.024627e-04 -2.428804e+02 -7.278619e+01 -2.761182e+01 -7.061411e+00  1.414841e-01  5.236206e-02 -1.144222e-05
4.788527e-04 -2.418118e+02 -7.246527e+01 -2.749004e+01 -7.030268e+00  2.235031e-01  8.271653e-02 -2.863967e-05
7.261078e-04 -2.403219e+02 -7.201728e+01 -2.732003e+01 -6.986788e+00  3.378649e-01  1.250406e-01 -6.571828e-05
1.061591e-03 -2.383152e+02 -7.141294e+01 -2.709064e+01 -6.928120e+00  4.919041e-01  1.820486e-01 -1.400851e-04
1.504231e-03 -2.356933e+02 -7.062166e+01 -2.679022e+01 -6.851284e+00  6.931681e-01  2.565331e-01 -2.802277e-04
2.074209e-03 -2.323601e+02 -6.961290e+01 -2.640712e+01 -6.753295e+00  9.490488e-01  3.512284e-01 -5.303132e-04
2.792580e-03 -2.282269e+02 -6.835763e+01 -2.593020e+01 -6.631306e+00  1.266345e+00  4.686479e-01 -9.555445e-04
3.680838e-03 -2.232188e+02 -6.683002e+01 -2.534952e+01 -6.482769e+00  1.650775e+00  6.109025e-01 -1.647927e-03
4.760448e-03 -2.172814e+02 -6.500925e+01 -2.465700e+01 -6.305608e+00  2.106469e+00  7.795106e-01 -2.731894e-03
6.052333e-03 -2.103862e+02 -6.288127e+01 -2.384705e+01 -6.098390e+00  2.635473e+00  9.752127e-01 -4.369039e-03
7.576358e-03 -2.025363e+02 -6.044038e+01 -2.291724e+01 -5.860482e+00  3.237319e+00  1.197808e+00 -6.761091e-03
9.350803e-03 -1.937697e+02 -5.769055e+01 -2.186874e+01 -5.592177e+00  3.908703e+00  1.446030e+00 -1.015021e-02
1.139185e-02 -1.841607e+02 -5.464617e+01 -2.070670e+01 -5.294776e+00  4.643317e+00  1.717482e+00 -1.481581e-02
1.371307e-02 -1.738185e+02 -5.133230e+01 -1.944028e+01 -4.970619e+00  5.431872e+00  2.008634e+00 -2.106730e-02
1.632504e-02 -1.628838e+02 -4.778420e+01 -1.808260e+01 -4.623047e+00  6.262328e+00  2.314911e+00 -2.923267e-02
1.923484e-02 -1.515222e+02 -4.404612e+01 -1.665026e+01 -4.256301e+00  7.120344e+00  2.630845e+00 -3.964313e-02
2.244580e-02 -1.399159e+02 -4.016957e+01 -1.516272e+01 -3.875358e+00  7.989899e+00  2.950313e+00 -5.261485e-02
2.595722e-02 -1.282539e+02 -3.621097e+01 -1.364147e+01 -3.485714e+00  8.854065e+00  3.266817e+00 -6.842884e-02
2.976415e-02 -1.167222e+02 -3.222904e+01 -1.210904e+01 -3.093141e+00  9.695849e+00  3.573806e+00 -8.731108e-02
3.385735e-02 -1.054941e+02 -2.828209e+01 -1.058797e+01 -2.703418e+00  1.049905e+01  3.864996e+00 -1.094143e-01
3.822326e-02 -9.472268e+01 -2.442538e+01 -9.099854e+00 -2.322083e+00  1.124904e+01  4.134684e+00 -1.348035e-01
4.284407e-02 -8.453435e+01 -2.070891e+01 -7.664382e+00 -1.954198e+00  1.193342e+01  4.377999e+00 -1.634466e-01
4.769797e-02 -7.502577e+01 -1.717552e+01 -6.298665e+00 -1.604166e+00  1.254254e+01  4.591110e+00 -1.952106e-01
5.275935e-02 -6.626257e+01 -1.385975e+01 -5.016695e+00 -1.275592e+00  1.306971e+01  4.771345e+00 -2.298648e-01
5.799924e-02 -5.828048e+01 -1.078711e+01 -3.829048e+00 -9.712104e-01  1.351138e+01  4.917241e+00 -2.670893e-01
6.338567e-02 -5.108821e+01 -7.974141e+00 -2.742809e+00 -6.928582e-01  1.386694e+01  5.028515e+00 -3.064889e-01
6.888423e-02 -4.467145e+01 -5.428761e+00 -1.761690e+00 -4.415067e-01  1.413848e+01  5.105973e+00 -3.476108e-01
7.445863e-02 -3.899759e+01 -3.151174e+00 -8.863092e-01 -2.173308e-01  1.433042e+01  5.151365e+00 -3.899640e-01
8.007127e-02 -3.402054e+01 -1.134971e+00 -1.145931e-01 -1.981092e-02  1.444897e+01  5.167206e+00 -4.330402e-01
8.568391e-02 -2.968536e+01  6.315885e-01  5.577531e-01  1.521470e-01  1.450172e+01  5.156590e+00 -4.763327e-01
9.125831e-02 -2.593224e+01  2.164261e+00  1.136742e+00  3.000828e-01  1.449707e+01  5.122986e+00 -5.193542e-01
9.675688e-02 -2.269994e+01  3.481556e+00  1.629610e+00  4.258546e-01  1.444383e+01  5.070061e+00 -5.616514e-01
1.021433e-01 -1.992833e+01  4.603590e+00  2.044356e+00  5.315205e-01  1.435080e+01  5.001518e+00 -6.028163e-01
1.073832e-01 -1.756029e+01  5.551106e+00  2.389335e+00  6.192341e-01  1.422649e+01  4.920956e+00 -6.424938e-01
1.124446e-01 -1.554293e+01  6.344673e+00  2.672924e+00  6.911566e-01  1.407886e+01  4.831771e+00 -6.803866e-01
1.172985e-01 -1.382830e+01  7.004071e+00  2.903251e+00  7.493870e-01  1.391513e+01  4.737071e+00 -7.162562e-01
1.219193e-01 -1.237363e+01  7.547853e+00  3.087995e+00  7.959099e-01  1.374172e+01  4.639627e+00 -7.499225e-01
1.262852e-01 -1.114131e+01  7.993054e+00  3.234246e+00  8.325590e-01  1.356417e+01  4.541847e+00 -7.812601e-01
1.303784e-01 -1.009863e+01  8.355033e+00  3.348424e+00  8.609949e-01  1.338716e+01  4.445764e+00 -8.101947e-01
1.341853e-01 -9.217392e+00  8.647415e+00  3.436236e+00  8.826943e-01  1.321451e+01  4.353044e+00 -8.366972e-01
1.376967e-01 -8.473473e+00  8.882110e+00  3.502674e+00  8.989483e-01  1.304925e+01  4.265003e+00 -8.607783e-01
1.409077e-01 -7.846323e+00  9.069398e+00  3.552035e+00  9.108679e-01  1.289369e+01  4.182632e+00 -8.824826e-01
1.438175e-01 -7.318514e+00  9.218036e+00  3.587960e+00  9.193944e-01  1.274949e+01  4.106630e+00 -9.018831e-01
1.464295e-01 -6.875289e+00  9.335402e+00  3.613493e+00  9.253129e-01  1.261771e+01  4.037430e+00 -9.190763e-01
1.487507e-01 -6.504162e+00  9.427645e+00  3.631133e+00  9.292677e-01  1.249895e+01  3.975243e+00 -9.341767e-01
1.507917e-01 -6.194557e+00  9.499830e+00  3.642904e+00  9.317788e-01  1.239336e+01  3.920079e+00 -9.473133e-01
1.525662e-01 -5.937491e+00  9.556095e+00  3.650414e+00  9.332584e-01  1.230078e+01  3.871789e+00 -9.586256e-01
1.540902e-01 -5.725305e+00  9.599780e+00  3.654918e+00  9.340262e-01  1.222071e+01  3.830091e+00 -9.682603e-01
1.553821e-01 -5.551437e+00  9.633565e+00  3.657372e+00  9.343248e-01  1.215249e+01  3.794595e+00 -9.763683e-01
1.564617e-01 -5.410228e+00  9.659578e+00  3.658490e+00  9.343334e-01  1.209524e+01  3.764834e+00 -9.831021e-01
1.573500e-01 -5.296766e+00  9.679499e+00  3.658788e+00  9.341798e-01  1.204798e+01  3.740286e+00 -9.886138e-01
1.580683e-01 -5.206762e+00  9.694652e+00  3.658626e+00  9.339515e-01  1.200967e+01  3.720395e+00 -9.930522e-01
1.586383e-01 -5.136448e+00  9.706074e+00  3.658245e+00  9.337052e-01  1.197922e+01  3.704589e+00 -9.965617e-01
1.590810e-01 -5.082504e+00  9.714583e+00  3.657797e+00  9.334747e-01  1.195553e+01  3.692300e+00 -9.992798e-01
1.594164e-01 -5.042000e+00  9.720824e+00  3.657370e+00  9.332773e-01  1.193756e+01  3.682979e+00 -1.001335e+00
1.596637e-01 -5.012356e+00  9.725309e+00  3.657007e+00  9.331194e-01  1.192431e+01  3.676105e+00 -1.002848e+00
1.598401e-01 -4.991316e+00  9.728449e+00  3.656724e+00  9.330004e-01  1.191485e+01  3.671199e+00 -1.003926e+00
1.599612e-01 -4.976926e+00  9.730577e+00  3.656517e+00  9.329156e-01  1.190835e+01  3.667830e+00 -1.004665e+00
1.600405e-01 -4.967520e+00  9.731958e+00  3.656377e+00  9.328587e-01  1.190409e+01  3.665623e+00 -1.005149e+00
1.600896e-01 -4.961711e+00  9.732808e+00  3.656288e+00  9.328230e-01  1.190146e+01  3.664257e+00 -1.005449e+00
1.601178e-01 -4.958374e+00  9.733295e+00  3.656236e+00  9.328023e-01  1.189994e+01  3.663472e+00 -1.005621e+00
1.601325e-01 -4.956632e+00  9.733549e+00  3.656208e+00  9.327914e-01  1.189915e+01  3.663062e+00 -1.005711e+00
1.601392e-01 -4.955837e+00  9.733664e+00  3.656196e+00  9.327864e-01  1.189879e+01  3.662874e+00 -1.005752e+00
1.601418e-01 -4.955538e+00  9.733708e+00  3.656191e+00  9.327846e-01  1.189866e+01  3.662804e+00 -1.005767e+00
1.601424e-01 -4.955457e+00  9.733720e+00  3.656190e+00  9.327841e-01  1.189862e+01  3.662785e+00 -1.005771e+00
1.601425e-01 -4.955445e+00  9.733721e+00  3.656190e+00  9.327840e-01  1.189861e+01  3.662782e+00 -1.005772e+00
1.601426e-01 -4.955443e+00  9.733722e+00  3.656190e+00  9.327840e-01  1.189861e+01  3.662782e+00 -1.005772e+00
1.601430e-01 -4.955395e+00  9.733729e+00  3.656189e+00  9.327837e-01  1.189859e+01  3.662770e+00 -1.005775e+00
1.601458e-01 -4.955065e+00  9.733777e+00  3.656184e+00  9.327816e-01  1.189844e+01  3.662692e+00 -1.005792e+00
1.601560e-01 -4.953851e+00  9.733953e+00  3.656164e+00  9.327740e-01  1.189789e+01  3.662407e+00 -1.005854e+00
1.601834e-01 -4.950618e+00  9.734423e+00  3.656113e+00  9.327536e-01  1.189642e+01  3.661644e+00 -1.006021e+00
1.602433e-01 -4.943549e+00  9.735446e+00  3.655998e+00  9.327084e-01  1.189320e+01  3.659976e+00 -1.006386e+00
1.603581e-01 -4.930040e+00  9.737391e+00  3.655772e+00  9.326203e-01  1.188704e+01  3.656781e+00 -1.007086e+00
1.605577e-01 -4.906632e+00  9.740725e+00  3.655359e+00  9.324617e-01  1.187631e+01  3.651222e+00 -1.008301e+00
1.608803e-01 -4.869027e+00  9.745985e+00  3.654636e+00  9.321913e-01  1.185897e+01  3.642230e+00 -1.010262e+00
1.613728e-01 -4.812192e+00  9.753705e+00  3.653403e+00  9.317451e-01  1.183246e+01  3.628496e+00 -1.013249e+00
1.620903e-01 -4.730585e+00  9.764295e+00  3.651331e+00  9.310238e-01  1.179379e+01  3.608466e+00 -1.017586e+00
1.630960e-01 -4.618536e+00  9.777849e+00  3.647883e+00  9.298724e-01  1.173949e+01  3.580348e+00 -1.023637e+00
1.644606e-01 -4.470771e+00  9.793885e+00  3.642215e+00  9.280546e-01  1.166564e+01  3.542129e+00 -1.031792e+00
1.662611e-01 -4.283074e+00  9.811024e+00  3.633046e+00  9.252198e-01  1.156792e+01  3.491596e+00 -1.042456e+00
1.685795e-01 -4.053030e+00  9.826632e+00  3.618522e+00  9.208681e-01  1.144172e+01  3.426381e+00 -1.056027e+00
1.715015e-01 -3.780742e+00  9.836486e+00  3.596087e+00  9.143181e-01  1.128218e+01  3.344018e+00 -1.072871e+00
1.751145e-01 -3.469401e+00  9.834533e+00  3.562403e+00  9.046866e-01  1.108446e+01  3.242033e+00 -1.093295e+00
1.795059e-01 -3.125540e+00  9.812841e+00  3.513351e+00  8.908895e-01  1.084391e+01  3.118066e+00 -1.117518e+00
1.847607e-01 -2.758860e+00  9.761830e+00  3.444155e+00  8.716766e-01  1.055643e+01  2.970027e+00 -1.145632e+00
1.909597e-01 -2.381552e+00  9.670844e+00  3.349661e+00  8.457045e-01  1.021886e+01  2.796298e+00 -1.177578e+00
1.981774e-01 -2.007157e+00  9.529061e+00  3.224772e+00  8.116523e-01  9.829456e+00  2.595950e+00 -1.213111e+00
2.064794e-01 -1.649129e+00  9.326683e+00  3.065016e+00  7.683702e-01  9.388295e+00  2.368980e+00 -1.251787e+00
2.159211e-01 -1.319338e+00  9.056238e+00  2.867168e+00  7.150459e-01  8.897685e+00  2.116507e+00 -1.292951e+00
2.265454e-01 -1.026824e+00  8.713791e+00  2.629854e+00  6.513633e-01  8.362378e+00  1.840916e+00 -1.335745e+00
2.383811e-01 -7.770203e-01  8.299840e+00  2.354017e+00  5.776259e-01  7.789590e+00  1.545903e+00 -1.379137e+00
2.514418e-01 -5.715858e-01  7.819689e+00  2.043145e+00  4.948201e-01  7.188742e+00  1.236390e+00 -1.421962e+00
2.657247e-01 -4.088151e-01  7.283232e+00  1.703214e+00  4.045999e-01  6.570958e+00  9.183119e-01 -1.462982e+00
2.812096e-01 -2.844629e-01  6.704131e+00  1.342330e+00  3.091921e-01  5.948351e+00  5.982884e-01 -1.500958e+00
2.978589e-01 -1.927585e-01  6.098553e+00  9.701030e-01  2.112305e-01  5.333185e+00  2.832015e-01 -1.534728e+00
3.156174e-01 -1.273822e-01  5.483656e+00  5.968605e-01  1.135441e-01  4.737041e+00 -2.025456e-02 -1.563277e+00
3.344127e-01 -8.224397e-02  4.876082e+00  2.328054e-01  1.892801e-02  4.170078e+00 -3.060083e-01 -1.585803e+00
3.541562e-01 -5.199311e-02  4.290656e+00 -1.127660e-01 -7.007000e-02  3.640478e+00 -5.689740e-01 -1.601763e+00
3.747436e-01 -3.226217e-02  3.739460e+00 -4.320873e-01 -1.513230e-01  3.154135e+00 -8.053080e-01 -1.610892e+00
3.960570e-01 -1.970119e-02  3.231330e+00 -7.193278e-01 -2.232397e-01  2.714578e+00 -1.012536e+00 -1.613207e+00
4.179666e-01 -1.187401e-02  2.771764e+00 -9.707620e-01 -2.848160e-01  2.323109e+00 -1.189553e+00 -1.608978e+00
4.403322e-01 -7.087007e-03  2.363176e+00 -1.184722e+00 -3.356256e-01  1.979112e+00 -1.336515e+00 -1.598696e+00
4.630064e-01 -4.205401e-03  2.005384e+00 -1.361378e+00 -3.757632e-01  1.680442e+00 -1.454649e+00 -1.583018e+00
4.858360e-01 -2.491407e-03  1.696201e+00 -1.502410e+00 -4.057547e-01  1.423865e+00 -1.546018e+00 -1.562716e+00
5.086657e-01 -1.478388e-03  1.432061e+00 -1.610625e+00 -4.264516e-01  1.205469e+00 -1.613270e+00 -1.538631e+00
5.313398e-01 -8.798875e-04  1.208573e+00 -1.689573e+00 -4.389223e-01  1.021018e+00 -1.659399e+00 -1.511620e+00
5.537055e-01 -5.255642e-04  1.020989e+00 -1.743200e+00 -4.443525e-01  8.662450e-01 -1.687536e+00 -1.482524e+00
5.756150e-01 -3.163048e-04  8.645535e-01 -1.775556e+00 -4.439600e-01  7.370502e-01 -1.700779e+00 -1.452132e+00
5.969285e-01 -1.939071e-04  7.347493e-01 -1.790569e+00 -4.389277e-01  6.296425e-01 -1.702059e+00 -1.421163e+00
6.175159e-01 -1.227079e-04  6.274445e-01 -1.791886e+00 -4.303554e-01  5.406139e-01 -1.694057e+00 -1.390245e+00
6.372593e-01 -8.024799e-05  5.389702e-01 -1.782776e+00 -4.192291e-01  4.669701e-01 -1.679146e+00 -1.359915e+00
6.560547e-01 -5.314171e-05  4.661410e-01 -1.766075e+00 -4.064047e-01  4.061283e-01 -1.659374e+00 -1.330613e+00
6.738132e-01 -3.463974e-05  4.062412e-01 -1.744185e+00 -3.926039e-01  3.558934e-01 -1.636460e+00 -1.302684e+00
6.904625e-01 -2.210490e-05  3.569873e-01 -1.719080e+00 -3.784177e-01  3.144213e-01 -1.611814e+00 -1.276392e+00
7.059474e-01 -1.449130e-05  3.164803e-01 -1.692349e+00 -3.643163e-01  2.801775e-01 -1.586563e+00 -1.251920e+00
7.202302e-01 -1.067899e-05  2.831545e-01 -1.665231e+00 -3.506614e-01  2.518939e-01 -1.561583e+00 -1.229386e+00
7.332910e-01 -9.080894e-06  2.557267e-01 -1.638669e+00 -3.377206e-01  2.285279e-01 -1.537534e+00 -1.208849e+00
7.451267e-01 -8.129144e-06  2.331494e-01 -1.613350e+00 -3.256809e-01  2.092254e-01 -1.514889e+00 -1.190321e+00
7.557510e-01 -6.874389e-06  2.145696e-01 -1.589754e+00 -3.146626e-01  1.932877e-01 -1.493972e+00 -1.173773e+00
7.651927e-01 -5.169964e-06  1.992932e-01 -1.568188e+00 -3.047311e-01  1.801437e-01 -1.474980e+00 -1.159144e+00
7.734947e-01 -3.401821e-06  1.867544e-01 -1.548820e+00 -2.959079e-01  1.693255e-01 -1.458008e+00 -1.146347e+00
7.807123e-01 -2.047938e-06  1.764911e-01 -1.531712e+00 -2.881797e-01  1.604489e-01 -1.443073e+00 -1.135278e+00
7.869114e-01 -1.362117e-06  1.681243e-01 -1.516841e+00 -2.815065e-01  1.531969e-01 -1.430127e+00 -1.125814e+00
7.921662e-01 -1.298410e-06  1.613410e-01 -1.504121e+00 -2.758280e-01  1.473066e-01 -1.419077e+00 -1.117824e+00
7.965576e-01 -1.616458e-06  1.558811e-01 -1.493417e+00 -2.710697e-01  1.425581e-01 -1.409795e+00 -1.111172e+00
8.001706e-01 -2.039636e-06  1.515269e-01 -1.484566e+00 -2.671472e-01  1.387662e-01 -1.402128e+00 -1.105715e+00
8.030926e-01 -2.368290e-06  1.480939e-01 -1.477379e+00 -2.639707e-01  1.357733e-01 -1.395910e+00 -1.101314e+00
8.054110e-01 -2.516622e-06  1.454252e-01 -1.471661e+00 -2.614479e-01  1.334447e-01 -1.390965e+00 -1.097829e+00
8.072115e-01 -2.491719e-06  1.433857e-01 -1.467210e+00 -2.594875e-01  1.316638e-01 -1.387119e+00 -1.095127e+00
8.085761e-01 -2.349693e-06  1.418589e-01 -1.463832e+00 -2.580010e-01  1.303300e-01 -1.384201e+00 -1.093082e+00
8.095818e-01 -2.156173e-06  1.407440e-01 -1.461339e+00 -2.569050e-01  1.293555e-01 -1.382048e+00 -1.091576e+00
8.102992e-01 -1.962926e-06  1.399539e-01 -1.459559e+00 -2.561231e-01  1.286648e-01 -1.380511e+00 -1.090503e+00
8.107917e-01 -1.800227e-06  1.394142e-01 -1.458337e+00 -2.555862e-01  1.281929e-01 -1.379456e+00 -1.089766e+00
8.111144e-01 -1.679239e-06  1.390617e-01 -1.457536e+00 -2.552345e-01  1.278846e-01 -1.378765e+00 -1.089284e+00
8.113140e-01 -1.598388e-06  1.388441e-01 -1.457040e+00 -2.550169e-01  1.276943e-01 -1.378337e+00 -1.088986e+00
8.114287e-01 -1.549753e-06  1.387191e-01 -1.456755e+00 -2.548917e-01  1.275850e-01 -1.378091e+00 -1.088814e+00
8.114887e-01 -1.523724e-06  1.386539e-01 -1.456606e+00 -2.548264e-01  1.275279e-01 -1.377962e+00 -1.088725e+00
8.115160e-01 -1.511685e-06  1.386241e-01 -1.456538e+00 -2.547966e-01  1.275019e-01 -1.377904e+00 -1.088684e+00
8.115263e-01 -1.507144e-06  1.386130e-01 -1.456513e+00 -2.547854e-01  1.274921e-01 -1.377882e+00 -1.088669e+00
8.115291e-01 -1.505907e-06  1.386099e-01 -1.456506e+00 -2.547823e-01  1.274894e-01 -1.377876e+00 -1.088664e+00
8.115295e-01 -1.505724e-06  1.386095e-01 -1.456505e+00 -2.547819e-01  1.274891e-01 -1.377875e+00 -1.088664e+00
8.115296e-01 -1.505717e-06  1.386094e-01 -1.456505e+00 -2.547818e-01  1.274890e-01 -1.377875e+00 -1.088664e+00
8.115308e-01 -1.505675e-06  1.386080e-01 -1.456501e+00 -2.547804e-01  1.274878e-01 -1.377872e+00 -1.088662e+00
8.115394e-01 -1.505387e-06  1.385987e-01 -1.456480e+00 -2.547711e-01  1.274797e-01 -1.377854e+00 -1.088649e+00
8.115709e-01 -1.504332e-06  1.385645e-01 -1.456402e+00 -2.547368e-01  1.274497e-01 -1.377786e+00 -1.088602e+00
8.116547e-01 -1.501522e-06  1.384733e-01 -1.456194e+00 -2.546453e-01  1.273700e-01 -1.377606e+00 -1.088477e+00
8.118383e-01 -1.495389e-06  1.382740e-01 -1.455737e+00 -2.544452e-01  1.271956e-01 -1.377213e+00 -1.088202e+00
8.121899e-01 -1.483711e-06  1.378931e-01 -1.454864e+00 -2.540618e-01  1.268624e-01 -1.376459e+00 -1.087677e+00
8.128014e-01 -1.463609e-06  1.372330e-01 -1.453343e+00 -2.533950e-01  1.262848e-01 -1.375147e+00 -1.086765e+00
8.137899e-01 -1.431663e-06  1.361725e-01 -1.450884e+00 -2.523168e-01  1.253567e-01 -1.373025e+00 -1.085290e+00
8.152987e-01 -1.384195e-06  1.345697e-01 -1.447126e+00 -2.506708e-01  1.239532e-01 -1.369784e+00 -1.083041e+00
8.174968e-01 -1.317742e-06  1.322680e-01 -1.441644e+00 -2.482722e-01  1.219366e-01 -1.365058e+00 -1.079771e+00
8.205780e-01 -1.229746e-06  1.291074e-01 -1.433944e+00 -2.449090e-01  1.191650e-01 -1.358423e+00 -1.075197e+00
8.247587e-01 -1.119382e-06  1.249388e-01 -1.423471e+00 -2.403446e-01  1.155049e-01 -1.349405e+00 -1.069012e+00
8.302747e-01 -9.883591e-07  1.196429e-01 -1.409615e+00 -2.343223e-01  1.108472e-01 -1.337485e+00 -1.060887e+00
8.373776e-01 -8.414572e-07  1.131511e-01 -1.391720e+00 -2.265715e-01  1.051252e-01 -1.322105e+00 -1.050486e+00
8.463297e-01 -6.864626e-07  1.054662e-01 -1.369111e+00 -2.168171e-01  9.833260e-02 -1.302692e+00 -1.037479e+00
8.573988e-01 -5.332901e-07  9.667879e-02 -1.341111e+00 -2.047919e-01  9.053783e-02 -1.278675e+00 -1.021556e+00
8.708525e-01 -3.922801e-07  8.697447e-02 -1.307095e+00 -1.902537e-01  8.189179e-02 -1.249520e+00 -1.002449e+00
8.869516e-01 -2.720386e-07  7.662965e-02 -1.266534e+00 -1.730064e-01  7.262532e-02 -1.214770e+00 -9.799513e-01
9.059434e-01 -1.775165e-07  6.599226e-02 -1.219064e+00 -1.529250e-01  6.303454e-02 -1.174097e+00 -9.539369e-01
9.280559e-01 -1.091156e-07  5.544925e-02 -1.164558e+00 -1.299817e-01  5.345469e-02 -1.127351e+00 -9.243828e-01
9.534907e-01 -6.327668e-08  4.538508e-02 -1.103191e+00 -1.042714e-01  4.422562e-02 -1.074621e+00 -8.913836e-01
9.824170e-01 -3.432804e-08  3.613839e-02 -1.035490e+00 -7.603026e-02  3.565486e-02 -1.016267e+00 -8.551612e-01
1.014966e+00 -1.669720e-08  2.796553e-02 -9.623562e-01 -4.564434e-02  2.798507e-02 -9.529439e-01 -8.160661e-01
1.051227e+00 -6.390066e-09  2.101793e-02 -8.850418e-01 -1.364376e-02  2.137221e-02 -8.855908e-01 -7.745672e-01
1.091241e+00 -1.139256e-09  1.533740e-02 -8.050874e-01  1.931960e-02  1.587814e-02 -8.153908e-01 -7.312319e-01
1.134999e+00  4.661056e-10  1.086851e-02 -7.242169e-01  5.250958e-02  1.147774e-02 -7.436979e-01 -6.866968e-01
1.182440e+00 -9.459871e-11  7.483282e-03 -6.442070e-01  8.515452e-02  8.077452e-03 -6.719443e-01 -6.416323e-01
1.233448e+00 -1.120251e-09  5.011386e-03 -5.667506e-01  1.165012e-01  5.539673e-03 -6.015383e-01 -5.967058e-01
1.287854e+00 -1.319955e-09  3.268902e-03 -4.933336e-01  1.458665e-01  3.707601e-03 -5.337679e-01 -5.525462e-01
1.345437e+00 -4.781227e-10  2.080880e-03 -4.251417e-01  1.726807e-01  2.425925e-03 -4.697224e-01 -5.097150e-01
1.405925e+00  6.159610e-10  1.295630e-03 -3.630083e-01  1.965175e-01  1.555128e-03 -4.102407e-01 -4.686851e-01
1.468998e+00  1.007494e-09  7.910737e-04 -3.074037e-01  2.171074e-01  9.790721e-04 -3.558883e-01 -4.298288e-01
1.534295e+00  4.550355e-10  4.749611e-04 -2.584606e-01  2.343377e-01  6.069920e-04 -3.069627e-01 -3.934148e-01
1.601419e+00 -4.221300e-10  2.812658e-04 -2.160266e-01  2.482382e-01  3.716517e-04 -2.635203e-01 -3.596119e-01
1.669940e+00 -7.936104e-10  1.648581e-04 -1.797305e-01  2.589583e-01  2.254617e-04 -2.254180e-01 -3.284987e-01
1.739407e+00 -3.918766e-10  9.603715e-05 -1.490524e-01  2.667398e-01  1.359998e-04 -1.923611e-01 -3.000773e-01
1.809349e+00  3.150949e-10  5.585047e-05 -1.233887e-01  2.718876e-01  8.187176e-05 -1.639525e-01 -2.742873e-01
1.879292e+00  6.434385e-10  3.253574e-05 -1.021058e-01  2.747432e-01  4.935041e-05 -1.397359e-01 -2.510217e-01
1.948758e+00  3.427613e-10  1.900891e-05 -8.458147e-02  2.756609e-01  2.985956e-05 -1.192325e-01 -2.301400e-01
2.017280e+00 -2.360176e-10  1.113984e-05 -7.023341e-02  2.749894e-01  1.817400e-05 -1.019690e-01 -2.114812e-01
2.084403e+00 -5.389124e-10  6.574764e-06 -5.853583e-02  2.730583e-01  1.116686e-05 -8.749694e-02 -1.948729e-01
2.149701e+00 -3.297378e-10  3.958322e-06 -4.902742e-02  2.701687e-01  6.969977e-06 -7.540542e-02 -1.801403e-01
2.212774e+00  1.491733e-10  2.471324e-06 -4.131260e-02  2.665877e-01  4.449876e-06 -6.532710e-02 -1.671114e-01
2.273262e+00  4.568148e-10  1.602001e-06 -3.505821e-02  2.625468e-01  2.911097e-06 -5.694028e-02 -1.556214e-01
2.330845e+00  3.552630e-10  1.049505e-06 -2.998773e-02  2.582412e-01  1.937817e-06 -4.996768e-02 -1.455152e-01
2.385251e+00 -2.748298e-11  6.685510e-07 -2.587420e-02  2.538320e-01  1.299277e-06 -4.417341e-02 -1.366492e-01
2.436259e+00 -3.599138e-10  4.095442e-07 -2.253308e-02  2.494488e-01  8.775557e-07 -3.935877e-02 -1.288917e-01
2.483700e+00 -3.970840e-10  2.570359e-07 -1.981526e-02  2.451929e-01  6.093903e-07 -3.535778e-02 -1.221231e-01
2.527458e+00 -1.460290e-10  1.891364e-07 -1.760096e-02  2.411409e-01  4.489578e-07 -3.203259e-02 -1.162354e-01
2.567472e+00  1.874532e-10  1.690986e-07 -1.579420e-02  2.373480e-01  3.545568e-07 -2.926921e-02 -1.111315e-01
2.603732e+00  3.779217e-10  1.591218e-07 -1.431824e-02  2.338512e-01  2.914396e-07 -2.697364e-02 -1.067241e-01
2.636282e+00  3.287499e-10  1.366199e-07 -1.311170e-02  2.306727e-01  2.381846e-07 -2.506843e-02 -1.029353e-01
2.665208e+00  1.008685e-10  9.934092e-08 -1.212543e-02  2.278221e-01  1.879375e-07 -2.348973e-02 -9.969503e-02
2.690643e+00 -1.605695e-10  5.846232e-08 -1.131998e-02  2.252991e-01  1.434518e-07 -2.218484e-02 -9.694054e-02
2.712755e+00 -3.255882e-10  2.717384e-08 -1.066353e-02  2.230954e-01  1.099043e-07 -2.111008e-02 -9.461525e-02
2.731747e+00 -3.397550e-10  1.250667e-08 -1.013033e-02  2.211965e-01  8.977220e-08 -2.022911e-02 -9.266805e-02
2.747846e+00 -2.267435e-10  1.345908e-08 -9.699361e-03  2.195832e-01  8.145362e-08 -1.951149e-02 -9.105264e-02
2.761300e+00 -5.316080e-11  2.384349e-08 -9.353365e-03  2.182329e-01  8.069680e-08 -1.893156e-02 -8.972687e-02
2.772369e+00  1.127527e-10  3.648948e-08 -9.078008e-03  2.171207e-01  8.288481e-08 -1.846751e-02 -8.865230e-02
2.781321e+00  2.272050e-10  4.624058e-08 -8.861284e-03  2.162206e-01  8.468191e-08 -1.810063e-02 -8.779380e-02
2.788424e+00  2.768775e-10  5.092819e-08 -8.693035e-03  2.155060e-01  8.455258e-08 -1.781479e-02 -8.711926e-02
2.793940e+00  2.712271e-10  5.081746e-08 -8.564595e-03  2.149510e-01  8.242128e-08 -1.759597e-02 -8.659942e-02
2.798121e+00  2.302692e-10  4.745032e-08 -8.468523e-03  2.145302e-01  7.899452e-08 -1.743193e-02 -8.620774e-02
2.801202e+00  1.744209e-10  4.260499e-08 -8.398412e-03  2.142200e-01  7.515355e-08 -1.731203e-02 -8.592034e-02
2.803400e+00  1.189222e-10  3.768166e-08 -8.348753e-03  2.139987e-01  7.159341e-08 -1.722700e-02 -8.571596e-02
2.804909e+00  7.239664e-11  3.350411e-08 -8.314839e-03  2.138468e-01  6.870228e-08 -1.716888e-02 -8.557599e-02
2.805897e+00  3.790544e-11  3.038505e-08 -8.292694e-03  2.137473e-01  6.659356e-08 -1.713091e-02 -8.548442e-02
2.806509e+00  1.490317e-11  2.829616e-08 -8.279026e-03  2.136857e-01  6.519951e-08 -1.710746e-02 -8.542784e-02
2.806861e+00  1.083332e-12  2.703811e-08 -8.271177e-03  2.136503e-01  6.436591e-08 -1.709400e-02 -8.539532e-02
2.807044e+00 -6.307776e-12  2.636440e-08 -8.267082e-03  2.136319e-01  6.392118e-08 -1.708697e-02 -8.537835e-02
2.807128e+00 -9.725382e-12  2.605267e-08 -8.265212e-03  2.136234e-01  6.371579e-08 -1.708376e-02 -8.537060e-02
2.807159e+00 -1.101403e-11  2.593510e-08 -8.264510e-03  2.136202e-01  6.363838e-08 -1.708256e-02 -8.536769e-02
2.807168e+00 -1.136520e-11  2.590306e-08 -8.264320e-03  2.136194e-01  6.361729e-08 -1.708223e-02 -8.536690e-02
2.807169e+00 -1.141706e-11  2.589833e-08 -8.264291e-03  2.136193e-01  6.361418e-08 -1.708218e-02 -8.536678e-02
2.807169e+00 -1.141871e-11  2.589815e-08 -8.264287e-03  2.136192e-01  6.361402e-08 -1.708217e-02 -8.536676e-02
2.807174e+00 -1.141801e-11  2.589730e-08 -8.264189e-03  2.136188e-01  6.361206e-08 -1.708201e-02 -8.536636e-02
2.807204e+00 -1.141327e-11  2.589156e-08 -8.263523e-03  2.136158e-01  6.359884e-08 -1.708086e-02 -8.536360e-02
2.807313e+00 -1.139586e-11  2.587047e-08 -8.261076e-03  2.136047e-01  6.355023e-08 -1.707666e-02 -8.535345e-02
2.807606e+00 -1.134954e-11  2.581433e-08 -8.254557e-03  2.135753e-01  6.342083e-08 -1.706548e-02 -8.532641e-02
2.808246e+00 -1.124866e-11  2.569186e-08 -8.240307e-03  2.135108e-01  6.313851e-08 -1.704102e-02 -8.526728e-02
2.809473e+00 -1.105729e-11  2.545881e-08 -8.213084e-03  2.133873e-01  6.260111e-08 -1.699427e-02 -8.515414e-02
2.811606e+00 -1.073015e-11  2.505818e-08 -8.165952e-03  2.131725e-01  6.167674e-08 -1.691327e-02 -8.495776e-02
2.815055e+00 -1.021635e-11  2.442295e-08 -8.090332e-03  2.128252e-01  6.020966e-08 -1.678316e-02 -8.464137e-02
2.820318e+00 -9.466977e-12  2.348235e-08 -7.976269e-03  2.122951e-01  5.803408e-08 -1.658651e-02 -8.416101e-02
2.827987e+00 -8.447302e-12  2.217252e-08 -7.812981e-03  2.115228e-01  5.499759e-08 -1.630419e-02 -8.346664e-02
2.838736e+00 -7.152846e-12  2.045138e-08 -7.589730e-03  2.104403e-01  5.099433e-08 -1.591661e-02 -8.250405e-02
2.853321e+00 -5.626274e-12  1.831608e-08 -7.297033e-03  2.089717e-01  4.600436e-08 -1.540557e-02 -8.121777e-02
2.872564e+00 -3.969072e-12  1.581912e-08 -6.928130e-03  2.070349e-01  4.013084e-08 -1.475660e-02 -7.955478e-02
2.897343e+00 -2.339612e-12  1.307689e-08 -6.480567e-03  2.045437e-01  3.362175e-08 -1.396146e-02 -7.746909e-02
2.928573e+00 -9.298461e-13  1.026378e-08 -5.957626e-03  2.014106e-01  2.686114e-08 -1.302068e-02 -7.492674e-02
2.967189e+00  8.127778e-14  7.587417e-09 -5.369253e-03  1.975507e-01  2.031907e-08 -1.194549e-02 -7.191074e-02
3.014123e+00  5.879811e-13  5.246696e-09 -4.732151e-03  1.928872e-01  1.446279e-08 -1.075866e-02 -6.842533e-02
3.070287e+00  6.083756e-13  3.383447e-09 -4.068780e-03  1.873572e-01  9.650130e-09 -9.493903e-03 -6.449879e-02
3.136542e+00  2.961153e-13  2.045744e-09 -3.405246e-03  1.809193e-01  6.042896e-09 -8.193414e-03 -6.018426e-02
3.213683e+00 -1.068953e-13  1.180933e-09 -2.768332e-03  1.735612e-01  3.579469e-09 -6.903941e-03 -5.555802e-02
3.302415e+00 -3.681629e-13  6.654439e-10 -2.182202e-03  1.653056e-01  2.025247e-09 -5.671769e-03 -5.071527e-02
3.403327e+00 -3.690238e-13  3.598096e-10 -1.665489e-03  1.562162e-01  1.081570e-09 -4.537592e-03 -4.576378e-02
3.516879e+00 -1.551654e-13  1.614522e-10 -1.229371e-03  1.463987e-01  4.995526e-10 -3.532241e-03 -4.081604e-02
3.643378e+00  1.053456e-13  2.727429e-11 -8.770486e-04  1.359988e-01  1.402511e-10 -2.674090e-03 -3.598113e-02
3.782971e+00  2.380232e-13 -4.327601e-11 -6.045936e-04  1.251955e-01 -4.341385e-11 -1.968551e-03 -3.135717e-02
3.935625e+00  1.777759e-13 -4.714951e-11 -4.028159e-04  1.141909e-01 -7.448731e-11 -1.409530e-03 -2.702542e-02
4.101127e+00  3.043324e-15 -6.315833e-12 -2.595788e-04  1.031967e-01 -8.429772e-12 -9.823002e-04 -2.304656e-02
4.279073e+00 -1.364597e-13  3.580220e-11 -1.619890e-04  9.242006e-02  6.710433e-11 -6.669839e-04 -1.945923e-02
4.468875e+00 -1.405772e-13  4.348076e-11 -9.806379e-05  8.205034e-02  8.159303e-11 -4.418957e-04 -1.628089e-02
4.669759e+00 -3.065371e-14  1.456140e-11 -5.771655e-05  7.224799e-02  2.818278e-11 -2.861897e-04 -1.351023e-02
4.880776e+00  8.315291e-14 -2.180357e-11 -3.311316e-05  6.313729e-02 -4.009644e-11 -1.815779e-04 -1.113078e-02
5.100813e+00  1.046219e-13 -3.357010e-11 -1.857305e-05  5.480300e-02 -6.309006e-11 -1.131404e-04 -9.114915e-03
5.328610e+00  3.102231e-14 -1.408669e-11 -1.021718e-05  4.729082e-02 -2.724678e-11 -6.942154e-05 -7.427854e-03
5.562778e+00 -5.738854e-14  1.493466e-11 -5.532113e-06  4.061094e-02  2.744017e-11 -4.207046e-05 -6.031204e-03
5.801821e+00 -7.942570e-14  2.618635e-11 -2.960856e-06  3.474381e-02  4.940668e-11 -2.526288e-05 -4.885854e-03
6.044160e+00 -2.541340e-14  1.200865e-11 -1.574420e-06  2.964687e-02  2.334488e-11 -1.508564e-05 -3.954121e-03
6.288163e+00  4.415000e-14 -1.122529e-11 -8.359372e-07  2.526163e-02 -2.055663e-11 -8.991165e-06 -3.201206e-03
6.532165e+00  6.325481e-14 -2.113437e-11 -4.444072e-07  2.152008e-02 -3.994924e-11 -5.366241e-06 -2.596017e-03
6.774505e+00  2.115822e-14 -1.043118e-11 -2.364015e-07  1.835019e-02 -2.035503e-11 -3.215424e-06 -2.111520e-03
7.013547e+00 -3.558092e-14  8.566279e-12 -1.257957e-07  1.568020e-02  1.555709e-11 -1.938842e-06 -1.724722e-03
7.247715e+00 -5.327007e-14  1.773355e-11 -6.764819e-08  1.344170e-02  3.349060e-11 -1.180857e-06 -1.416423e-03
7.475513e+00 -2.036072e-14  1.007661e-11 -3.776789e-08  1.157168e-02  1.964074e-11 -7.309343e-07 -1.170831e-03
7.695550e+00  2.815783e-14 -5.748682e-12 -2.242467e-08  1.001355e-02 -1.018597e-11 -4.628218e-07 -9.751178e-04
7.906566e+00  4.793223e-14 -1.521598e-11 -1.386436e-08  8.717613e-03 -2.858366e-11 -3.002117e-07 -8.189685e-04
8.107450e+00  2.469487e-14 -1.107586e-11 -8.291120e-09  7.640915e-03 -2.141067e-11 -1.981406e-07 -6.941542e-04
8.297252e+00 -1.805752e-14  1.823700e-12 -4.408731e-09  6.746851e-03  2.692918e-12 -1.318314e-07 -5.941522e-04
8.475199e+00 -4.375645e-14  1.237243e-11 -2.031807e-09  6.004558e-03  2.292451e-11 -8.851701e-08 -5.138154e-04
8.640700e+00 -3.361635e-14  1.282629e-11 -1.048902e-09  5.388235e-03  2.441514e-11 -6.122081e-08 -4.490938e-04
8.793354e+00  1.820789e-15  3.954588e-12 -1.017542e-09  4.876454e-03  8.176010e-12 -4.494355e-08 -3.968063e-04
8.932947e+00  3.509439e-14 -7.096240e-12 -1.300466e-09  4.451500e-03 -1.261872e-11 -3.531876e-08 -3.544549e-04
9.059447e+00  4.375342e-14 -1.289686e-11 -1.391369e-09  4.098769e-03 -2.396203e-11 -2.884093e-08 -3.200766e-04
9.172998e+00  2.422716e-14 -1.055862e-11 -1.113280e-09  3.806239e-03 -2.016088e-11 -2.340666e-08 -2.921267e-04
9.273910e+00 -9.555096e-15 -2.463711e-12 -5.873507e-10  3.564010e-03 -5.391314e-12 -1.835770e-08 -2.693858e-04
9.362642e+00 -3.780652e-14  6.353297e-12 -5.919762e-11  3.363917e-03  1.106834e-11 -1.395488e-08 -2.508877e-04
9.439784e+00 -4.684886e-14  1.156663e-11  2.738546e-10  3.199205e-03  2.109953e-11 -1.067407e-08 -2.358628e-04
9.506039e+00 -3.450114e-14  1.151330e-11  3.457311e-10  3.064258e-03  2.145504e-11 -8.722825e-09 -2.236938e-04
9.562202e+00 -8.123604e-15  7.178969e-12  2.093295e-10  2.954380e-03  1.381560e-11 -7.921002e-09 -2.138818e-04
9.609136e+00  2.118239e-14  9.426685e-13 -2.563326e-11  2.865618e-03  2.506307e-12 -7.844942e-09 -2.060200e-04
9.647752e+00  4.406692e-14 -4.839139e-12 -2.547841e-10  2.794612e-03 -8.124339e-12 -8.046318e-09 -1.997733e-04
9.678982e+00  5.576690e-14 -8.700297e-12 -4.139215e-10  2.738490e-03 -1.533239e-11 -8.205977e-09 -1.948631e-04
9.703762e+00  5.614035e-14 -1.024078e-11 -4.841276e-10  2.694773e-03 -1.832932e-11 -8.179535e-09 -1.910550e-04
9.723005e+00  4.804550e-14 -9.840110e-12 -4.786833e-10  2.661310e-03 -1.777051e-11 -7.962236e-09 -1.881501e-04
9.737589e+00  3.538390e-14 -8.226765e-12 -4.251699e-10  2.636229e-03 -1.496820e-11 -7.623129e-09 -1.859785e-04
9.748339e+00  2.164728e-14 -6.126967e-12 -3.513803e-10  2.617897e-03 -1.124408e-11 -7.246978e-09 -1.843943e-04
9.756007e+00  9.219139e-15 -4.075396e-12 -2.778803e-10  2.604897e-03 -7.577339e-12 -6.900111e-09 -1.832726e-04
9.761270e+00 -7.071874e-16 -2.369792e-12 -2.162361e-10  2.596012e-03 -4.517322e-12 -6.619233e-09 -1.825067e-04
9.764719e+00 -7.868321e-15 -1.111127e-12 -1.705390e-10  2.590208e-03 -2.254429e-12 -6.414712e-09 -1.820066e-04
9.766852e+00 -1.256991e-14 -2.738944e-13 -1.400679e-10  2.586624e-03 -7.474187e-13 -6.279639e-09 -1.816980e-04
9.768079e+00 -1.536977e-14  2.283865e-13 -1.217630e-10  2.584565e-03  1.572845e-13 -6.198916e-09 -1.815208e-04
9.768719e+00 -1.686011e-14  4.968072e-13 -1.119740e-10  2.583491e-03  6.409332e-13 -6.155864e-09 -1.814283e-04
9.769012e+00 -1.754763e-14  6.208762e-13 -1.074478e-10  2.583001e-03  8.645235e-13 -6.135983e-09 -1.813861e-04
9.769122e+00 -1.780661e-14  6.676504e-13 -1.057412e-10  2.582817e-03  9.488237e-13 -6.128491e-09 -1.813702e-04
9.769151e+00 -1.787716e-14  6.803960e-13 -1.052761e-10  2.582766e-03  9.717954e-13 -6.126450e-09 -1.813659e-04
9.769156e+00 -1.788758e-14  6.822781e-13 -1.052075e-10  2.582759e-03  9.751875e-13 -6.126149e-09 -1.813653e-04
9.769157e+00 -1.788787e-14  6.823375e-13 -1.052051e-10  2.582758e-03  9.752951e-13 -6.126132e-09 -1.813652e-04
9.769176e+00 -1.788660e-14  6.822918e-13 -1.052004e-10  2.582726e-03  9.752307e-13 -6.125901e-09 -1.813624e-04
9.769305e+00 -1.787795e-14  6.819826e-13 -1.051689e-10  2.582508e-03  9.747945e-13 -6.124335e-09 -1.813437e-04
9.769782e+00 -1.784619e-14  6.808466e-13 -1.050531e-10  2.581709e-03  9.731922e-13 -6.118585e-09 -1.812750e-04
9.771053e+00 -1.776173e-14  6.778251e-13 -1.047450e-10  2.579581e-03  9.689302e-13 -6.103280e-09 -1.810919e-04
9.773833e+00 -1.757782e-14  6.712456e-13 -1.040734e-10  2.574929e-03  9.596489e-13 -6.069905e-09 -1.806919e-04
9.779159e+00 -1.722920e-14  6.587702e-13 -1.027974e-10  2.566043e-03  9.420497e-13 -6.006444e-09 -1.799283e-04
9.788423e+00 -1.663405e-14  6.374632e-13 -1.006101e-10  2.550662e-03  9.119879e-13 -5.897500e-09 -1.786080e-04
9.803397e+00 -1.570136e-14  6.040477e-13 -9.715858e-11  2.525994e-03  8.648322e-13 -5.725157e-09 -1.764944e-04
9.826253e+00 -1.434586e-14  5.554263e-13 -9.208648e-11  2.488808e-03  7.961948e-13 -5.470897e-09 -1.733175e-04
9.859551e+00 -1.251156e-14  4.895072e-13 -8.510412e-11  2.435622e-03  7.030899e-13 -5.118767e-09 -1.687932e-04
9.906227e+00 -1.020236e-14  4.062819e-13 -7.608295e-11  2.362998e-03  5.854471e-13 -4.659755e-09 -1.626532e-04
9.969557e+00 -7.513384e-15  3.089363e-13 -6.516003e-11  2.267949e-03  4.476768e-13 -4.096755e-09 -1.546843e-04
1.005312e+01 -4.650842e-15  2.045711e-13 -5.282135e-11  2.148431e-03  2.996926e-13 -3.448842e-09 -1.447753e-04
1.016071e+01 -1.923730e-15  1.039553e-13 -3.991943e-11  2.003861e-03  1.565878e-13 -2.752904e-09 -1.329616e-04
1.029632e+01  3.069409e-16  1.980418e-14 -2.758064e-11  1.835578e-03  3.624668e-14 -2.060627e-09 -1.194596e-04
1.046400e+01  1.723121e-15 -3.649129e-14 -1.698386e-11  1.647114e-03 -4.521758e-14 -1.429720e-09 -1.046771e-04
1.066781e+01  2.166730e-15 -5.893739e-14 -9.047010e-12  1.444175e-03 -7.916983e-14 -9.105382e-10 -8.919097e-05
1.091168e+01  1.730674e-15 -5.016505e-14 -4.125625e-12  1.234254e-03 -6.901173e-14 -5.320551e-10 -7.368808e-05
1.119938e+01  7.658165e-16 -2.180025e-14 -1.868073e-12  1.025876e-03 -3.077881e-14 -2.931520e-10 -5.887779e-05
1.153435e+01 -2.299238e-16  9.228806e-15 -1.340006e-12  8.275827e-04  1.193458e-14 -1.644134e-10 -4.539287e-05
1.191965e+01 -8.140705e-16  2.760144e-14 -1.410848e-12  6.468561e-04  3.758488e-14 -1.012733e-10 -3.370297e-05
1.235784e+01 -7.995155e-16  2.653517e-14 -1.236038e-12  4.892099e-04  3.640158e-14 -6.304245e-11 -2.406214e-05
1.285091e+01 -3.324523e-16  1.061936e-14 -5.749268e-13  3.576546e-04  1.447485e-14 -2.796918e-11 -1.650152e-05
1.340020e+01  2.163246e-16 -7.749415e-15  2.496452e-13  2.526362e-04 -1.106340e-14  4.071763e-12 -1.086428e-05
1.400635e+01  4.936235e-16 -1.661142e-14  7.245211e-13  1.724137e-04 -2.346547e-14  2.207038e-11 -6.867600e-06
1.466922e+01  3.842723e-16 -1.208484e-14  5.928349e-13  1.137304e-04 -1.710118e-14  1.934390e-11 -4.171742e-06
1.538787e+01  5.632956e-17 -7.032370e-17  5.367967e-14  7.257758e-05 -2.929328e-17  2.314131e-12 -2.439431e-06
1.616056e+01 -1.984811e-16  9.147417e-15 -4.191218e-13  4.487094e-05  1.335434e-14 -1.350019e-11 -1.376217e-06
1.698474e+01 -2.004889e-16  9.097660e-15 -4.703456e-13  2.692888e-05  1.374000e-14 -1.579505e-11 -7.503057e-07
1.785703e+01 -5.328608e-18  1.595224e-15 -1.319671e-13  1.572697e-05  3.333015e-15 -4.857898e-12 -3.952143e-07
1.877332e+01  1.763263e-16 -5.849107e-15  2.508389e-13  8.963517e-06 -7.497118e-15  8.141949e-12 -2.008062e-07
1.972878e+01  1.782635e-16 -6.982377e-15  3.484198e-13  4.999672e-06 -9.802892e-15  1.188632e-11 -9.878786e-08
2.071794e+01  1.596973e-17 -1.877847e-15  1.251046e-13  2.736087e-06 -3.278303e-15  4.637971e-12 -4.816156e-08
2.173476e+01 -1.516079e-16  4.036238e-15 -1.706441e-13  1.473120e-06  4.787982e-15 -5.505018e-12 -2.433764e-08
2.277275e+01 -1.828105e-16  5.474351e-15 -2.645374e-13  7.840560e-07  6.970287e-15 -9.080575e-12 -1.286704e-08
2.382505e+01 -7.799308e-17  1.930014e-15 -1.037723e-13  4.161215e-07  2.244859e-15 -3.877032e-12 -6.315861e-09
2.488458e+01  4.083092e-17 -2.575710e-15  1.276471e-13  2.224370e-07 -4.063392e-15  4.103161e-12 -2.060094e-09
2.594410e+01  5.880174e-17 -3.766854e-15  2.089685e-13  1.198555e-07 -5.977376e-15  7.218065e-12  1.399437e-10
2.699641e+01 -2.694740e-17 -1.004767e-15  8.726986e-14  6.386793e-08 -2.303200e-15  3.310877e-12  3.489822e-10
2.803440e+01 -1.199476e-16  2.657285e-15 -9.926909e-14  3.267728e-08  3.017232e-15 -3.144632e-12 -5.373775e-10
2.905122e+01 -1.271045e-16  3.741334e-15 -1.732157e-13  1.617406e-08  5.151443e-15 -6.014478e-12 -1.208391e-09
3.004038e+01 -4.497412e-17  1.505948e-15 -8.151082e-14  8.798508e-09  2.702435e-15 -3.186664e-12 -9.212574e-10
3.099584e+01  4.655030e-17 -1.779797e-15  7.615797e-14  6.243596e-09 -1.691691e-15  2.180213e-12  4.460962e-11
3.191213e+01  6.442151e-17 -3.212297e-15  1.562171e-13  5.083256e-09 -4.320591e-15  5.173565e-12  8.327030e-10
3.278442e+01 -4.733158e-18 -1.783769e-15  9.946431e-14  3.479368e-09 -3.702662e-15  3.539598e-12  8.386220e-10
3.360859e+01 -1.004899e-16  1.085841e-15 -3.295470e-14  1.358358e-09 -1.366029e-15 -8.830743e-13  1.675072e-10
3.438128e+01 -1.456217e-16  3.068160e-15 -1.276357e-13 -3.730800e-10  1.839139e-17 -4.297886e-12 -5.711416e-10
3.509994e+01 -1.078282e-16  2.869449e-15 -1.154863e-13 -9.499086e-10 -9.369975e-16 -4.211789e-12 -8.200707e-10
3.576280e+01 -1.743797e-17  1.002525e-15 -1.583613e-14 -3.917519e-10 -3.412238e-15 -1.057967e-12 -4.708617e-10
3.636895e+01  6.331260e-17 -9.258362e-16  9.307430e-14  6.191154e-10 -5.346249e-15  2.652028e-12  1.549763e-10
3.691825e+01  8.703897e-17 -1.542801e-15  1.384021e-13  1.302962e-09 -5.145017e-15  4.434564e-12  6.176069e-10
3.741132e+01  4.837589e-17 -5.749626e-16  9.864908e-14  1.271406e-09 -2.732625e-15  3.423647e-12  6.672354e-10
3.784951e+01 -2.118636e-17  1.202802e-15  5.911079e-15  6.431951e-10  6.144906e-16  5.404257e-13  3.471238e-10
3.823481e+01 -7.887646e-17  2.647449e-15 -8.452135e-14 -1.674434e-10  3.232702e-15 -2.450391e-12 -1.093106e-10
3.856978e+01 -9.571118e-17  2.961352e-15 -1.292161e-13 -7.568775e-10  4.031380e-15 -4.091566e-12 -4.574679e-10
3.885747e+01 -6.725689e-17  2.020205e-15 -1.150041e-13 -9.289044e-10  2.900783e-15 -3.873057e-12 -5.677930e-10
3.910135e+01 -9.090390e-18  2.632316e-16 -5.652892e-14 -7.186324e-10  5.206883e-16 -2.193621e-12 -4.499345e-10
3.930515e+01  5.548896e-17 -1.648405e-15  1.837243e-14 -2.986569e-10 -2.134981e-15  9.044318e-14 -2.014985e-10
3.947283e+01  1.068933e-16 -3.157501e-15  8.390522e-14  1.396609e-10 -4.256340e-15  2.155939e-12  6.329023e-11
3.960844e+01  1.350809e-16 -3.979891e-15  1.250577e-13  4.651333e-10 -5.429305e-15  3.504874e-12  2.635181e-10
3.971604e+01  1.395932e-16 -4.107045e-15  1.387966e-13  6.290792e-10 -5.633529e-15  4.015541e-12  3.674431e-10
3.979960e+01  1.261982e-16 -3.709889e-15  1.304648e-13  6.474240e-10 -5.103828e-15  3.836087e-12  3.830085e-10
3.986293e+01  1.028599e-16 -3.022305e-15  1.088772e-13  5.682574e-10 -4.165104e-15  3.231735e-12  3.385341e-10
3.990960e+01  7.674894e-17 -2.254407e-15  8.246634e-14  4.437750e-10 -3.110146e-15  2.462227e-12  2.655063e-10
3.994290e+01  5.280116e-17 -1.550677e-15  5.728698e-14  3.142519e-10 -2.140710e-15  1.716860e-12  1.885248e-10
3.996576e+01  3.353749e-17 -9.848218e-16  3.661405e-14  2.032979e-10 -1.360112e-15  1.099928e-12  1.221732e-10
3.998073e+01  1.958455e-17 -5.750555e-16  2.146491e-14  1.200831e-10 -7.943977e-16  6.457935e-13  7.224304e-11
3.999000e+01  1.040291e-17 -3.054448e-16  1.142860e-14  6.422456e-11 -4.220142e-16  3.441493e-13  3.866327e-11
3.999532e+01  4.928099e-18 -1.446929e-16  5.421213e-15  3.054265e-11 -1.999303e-16  1.633315e-13  1.839350e-11
3.999810e+01  2.011918e-18 -5.907077e-17  2.214761e-15  1.249414e-11 -8.162501e-17  6.674429e-14  7.525703e-12
3.999937e+01  6.661726e-19 -1.955901e-17  7.335669e-16  4.140738e-12 -2.702751e-17  2.210949e-14  2.494344e-12
3.999985e+01  1.591738e-19 -4.673376e-18  1.752974e-16  9.897156e-13 -6.457928e-18  5.283647e-15  5.962153e-13
3.999998e+01  2.105326e-20 -6.181280e-19  2.318661e-17  1.309178e-13 -8.541651e-19  6.988772e-16  7.886696e-14
4.000000e+01  6.595533e-22 -1.936461e-20  7.263899e-19  4.101426e-15 -2.675915e-20  2.189445e-17  2.470768e-15
