376 3
 0 0 1
 2 2 3
 -1.394601e+01 -6.288419e-01 -2.210049e-01
0.000000e+00 -3.484793e+01  8.075142e+00 -6.110668e-13
3.278564e-09 -3.484793e+01  8.075142e+00 -3.314895e-08
1.046582e-07 -3.484791e+01  8.075136e+00 -1.058161e-06
7.915214e-07 -3.484774e+01  8.075098e+00 -8.002757e-06
3.316517e-06 -3.484712e+01  8.074955e+00 -3.353168e-05
1.004733e-05 -3.484548e+01  8.074574e+00 -1.015813e-04
2.477810e-05 -3.484189e+01  8.073742e+00 -2.505004e-04
5.299135e-05 -3.483501e+01  8.072147e+00 -5.356765e-04
1.020609e-04 -3.482305e+01  8.069375e+00 -1.031531e-03
1.813877e-04 -3.480371e+01  8.064895e+00 -1.832780e-03
3.024627e-04 -3.477423e+01  8.058061e+00 -3.054853e-03
4.788527e-04 -3.473132e+01  8.048113e+00 -4.833396e-03
7.261078e-04 -3.467127e+01  8.034186e+00 -7.322778e-03
1.061591e-03 -3.458996e+01  8.015323e+00 -1.069356e-02
1.504231e-03 -3.448297e+01  7.990491e+00 -1.512890e-02
2.074209e-03 -3.434571e+01  7.958611e+00 -2.081998e-02
2.792580e-03 -3.417350e+01  7.918584e+00 -2.796040e-02
3.680838e-03 -3.396180e+01  7.869326e+00 -3.673987e-02
4.760448e-03 -3.370631e+01  7.809805e+00 -4.733723e-02
6.052333e-03 -3.340317e+01  7.739078e+00 -5.991315e-02
7.576358e-03 -3.304917e+01  7.656337e+00 -7.460283e-02
9.350803e-03 -3.264186e+01  7.560939e+00 -9.150903e-02
1.139185e-02 -3.217975e+01  7.452446e+00 -1.106959e-01
1.371307e-02 -3.166240e+01  7.330650e+00 -1.321838e-01
1.632504e-02 -3.109052e+01  7.195599e+00 -1.559459e-01
1.923484e-02 -3.046599e+01  7.047606e+00 -1.819061e-01
2.244580e-02 -2.979188e+01  6.887253e+00 -2.099395e-01
2.595722e-02 -2.907238e+01  6.715386e+00 -2.398741e-01
2.976415e-02 -2.831268e+01  6.533091e+00 -2.714955e-01
3.385735e-02 -2.751886e+01  6.341673e+00 -3.045522e-01
3.822326e-02 -2.669764e+01  6.142615e+00 -3.387636e-01
4.284407e-02 -2.585626e+01  5.937539e+00 -3.738279e-01
4.769797e-02 -2.500218e+01  5.728158e+00 -4.094313e-01
5.275935e-02 -2.414292e+01  5.516229e+00 -4.452572e-01
5.799924e-02 -2.328582e+01  5.303505e+00 -4.809946e-01
6.338567e-02 -2.243787e+01  5.091695e+00 -5.163466e-01
6.888423e-02 -2.160555e+01  4.882421e+00 -5.510366e-01
7.445863e-02 -2.079469e+01  4.677188e+00 -5.848144e-01
8.007127e-02 -2.001041e+01  4.477358e+00 -6.174597e-01
8.568391e-02 -1.925707e+01  4.284129e+00 -6.487853e-01
9.125831e-02 -1.853824e+01  4.098532e+00 -6.786379e-01
9.675688e-02 -1.785668e+01  3.921416e+00 -7.068980e-01
1.021433e-01 -1.721444e+01  3.753459e+00 -7.334789e-01
1.073832e-01 -1.661285e+01  3.595168e+00 -7.583249e-01
1.124446e-01 -1.605264e+01  3.446890e+00 -7.814081e-01
1.172985e-01 -1.553396e+01  3.308826e+00 -8.027260e-01
1.219193e-01 -1.505646e+01  3.181044e+00 -8.222976e-01
1.262852e-01 -1.461940e+01  3.063493e+00 -8.401605e-01
1.303784e-01 -1.422169e+01  2.956019e+00 -8.563676e-01
1.341853e-01 -1.386193e+01  2.858378e+00 -8.709840e-01
1.376967e-01 -1.353854e+01  2.770251e+00 -8.840843e-01
1.409077e-01 -1.324971e+01  2.691255e+00 -8.957500e-01
1.438175e-01 -1.299353e+01  2.620956e+00 -9.060681e-01
1.464295e-01 -1.276798e+01  2.558876e+00 -9.151283e-01
1.487507e-01 -1.257096e+01  2.504507e+00 -9.230225e-01
1.507917e-01 -1.240035e+01  2.457314e+00 -9.298431e-01
1.525662e-01 -1.225398e+01  2.416746e+00 -9.356821e-01
1.540902e-01 -1.212971e+01  2.382242e+00 -9.406304e-01
1.553821e-01 -1.202540e+01  2.353237e+00 -9.447773e-01
1.564617e-01 -1.193894e+01  2.329167e+00 -9.482095e-01
1.573500e-01 -1.186830e+01  2.309479e+00 -9.510107e-01
1.580683e-01 -1.181149e+01  2.293631e+00 -9.532613e-01
1.586383e-01 -1.176661e+01  2.281105e+00 -9.550376e-01
1.590810e-01 -1.173188e+01  2.271407e+00 -9.564114e-01
1.594164e-01 -1.170563e+01  2.264073e+00 -9.574493e-01
1.596637e-01 -1.168632e+01  2.258678e+00 -9.582124e-01
1.598401e-01 -1.167257e+01  2.254833e+00 -9.587558e-01
1.599612e-01 -1.166314e+01  2.252197e+00 -9.591284e-01
1.600405e-01 -1.165697e+01  2.250470e+00 -9.593722e-01
1.600896e-01 -1.165315e+01  2.249403e+00 -9.595230e-01
1.601178e-01 -1.165095e+01  2.248789e+00 -9.596097e-01
1.601325e-01 -1.164981e+01  2.248469e+00 -9.596550e-01
1.601392e-01 -1.164929e+01  2.248322e+00 -9.596756e-01
1.601418e-01 -1.164909e+01  2.248268e+00 -9.596834e-01
1.601424e-01 -1.164904e+01  2.248253e+00 -9.596855e-01
1.601425e-01 -1.164903e+01  2.248250e+00 -9.596858e-01
1.601426e-01 -1.164903e+01  2.248250e+00 -9.596858e-01
1.601430e-01 -1.164899e+01  2.248241e+00 -9.596871e-01
1.601458e-01 -1.164878e+01  2.248180e+00 -9.596957e-01
1.601560e-01 -1.164798e+01  2.247957e+00 -9.597272e-01
1.601834e-01 -1.164585e+01  2.247362e+00 -9.598113e-01
1.602433e-01 -1.164119e+01  2.246059e+00 -9.599952e-01
1.603581e-01 -1.163228e+01  2.243566e+00 -9.603472e-01
1.605577e-01 -1.161679e+01  2.239234e+00 -9.609585e-01
1.608803e-01 -1.159180e+01  2.232242e+00 -9.619447e-01
1.613728e-01 -1.155377e+01  2.221595e+00 -9.634449e-01
1.620903e-01 -1.149859e+01  2.206140e+00 -9.656196e-01
1.630960e-01 -1.142171e+01  2.184586e+00 -9.686463e-01
1.644606e-01 -1.131825e+01  2.155545e+00 -9.727129e-01
1.662611e-01 -1.118324e+01  2.117585e+00 -9.780084e-01
1.685795e-01 -1.101185e+01  2.069296e+00 -9.847111e-01
1.715015e-01 -1.079973e+01  2.009372e+00 -9.929753e-01
1.751145e-01 -1.054331e+01  1.936695e+00 -1.002916e+00
1.795059e-01 -1.024017e+01  1.850427e+00 -1.014593e+00
1.847607e-01 -9.889297e+00  1.750101e+00 -1.027997e+00
1.909597e-01 -9.491393e+00  1.635691e+00 -1.043039e+00
1.981774e-01 -9.048987e+00  1.507666e+00 -1.059539e+00
2.064794e-01 -8.566478e+00  1.367021e+00 -1.077228e+00
2.159211e-01 -8.050024e+00  1.215264e+00 -1.095748e+00
2.265454e-01 -7.507285e+00  1.054378e+00 -1.114668e+00
2.383811e-01 -6.947048e+00  8.867343e-01 -1.133497e+00
2.514418e-01 -6.378751e+00  7.149931e-01 -1.151715e+00
2.657247e-01 -5.811965e+00  5.419687e-01 -1.168791e+00
2.812096e-01 -5.255881e+00  3.704933e-01 -1.184219e+00
2.978589e-01 -4.718839e+00  2.032794e-01 -1.197543e+00
3.156174e-01 -4.207964e+00  4.279709e-02 -1.208381e+00
3.344127e-01 -3.728911e+00 -1.088269e-01 -1.216443e+00
3.541562e-01 -3.285747e+00 -2.498801e-01 -1.221544e+00
3.747436e-01 -2.880955e+00 -3.791041e-01 -1.223608e+00
3.960570e-01 -2.515537e+00 -4.957020e-01 -1.222661e+00
4.179666e-01 -2.189208e+00 -5.993184e-01 -1.218827e+00
4.403322e-01 -1.900632e+00 -6.899962e-01 -1.212311e+00
4.630064e-01 -1.647675e+00 -7.681188e-01 -1.203382e+00
4.858360e-01 -1.427655e+00 -8.343430e-01 -1.192355e+00
5.086657e-01 -1.237574e+00 -8.895293e-01 -1.179575e+00
5.313398e-01 -1.074306e+00 -9.346763e-01 -1.165400e+00
5.537055e-01 -9.347480e-01 -9.708599e-01 -1.150189e+00
5.756150e-01 -8.159316e-01 -9.991827e-01 -1.134284e+00
5.969285e-01 -7.150974e-01 -1.020732e+00 -1.118010e+00
6.175159e-01 -6.297371e-01 -1.036545e+00 -1.101661e+00
6.372593e-01 -5.576130e-01 -1.047592e+00 -1.085499e+00
6.560547e-01 -4.967584e-01 -1.054755e+00 -1.069751e+00
6.738132e-01 -4.454659e-01 -1.058820e+00 -1.054606e+00
6.904625e-01 -4.022682e-01 -1.060477e+00 -1.040216e+00
7.059474e-01 -3.659137e-01 -1.060321e+00 -1.026702e+00
7.202302e-01 -3.353421e-01 -1.058854e+00 -1.014149e+00
7.332910e-01 -3.096586e-01 -1.056492e+00 -1.002614e+00
7.451267e-01 -2.881105e-01 -1.053574e+00 -9.921266e-01
7.557510e-01 -2.700656e-01 -1.050369e+00 -9.826935e-01
7.651927e-01 -2.549928e-01 -1.047086e+00 -9.743008e-01
7.734947e-01 -2.424453e-01 -1.043881e+00 -9.669174e-01
7.807123e-01 -2.320463e-01 -1.040866e+00 -9.604979e-01
7.869114e-01 -2.234764e-01 -1.038113e+00 -9.549854e-01
7.921662e-01 -2.164635e-01 -1.035667e+00 -9.503143e-01
7.965576e-01 -2.107743e-01 -1.033546e+00 -9.464124e-01
8.001706e-01 -2.062072e-01 -1.031751e+00 -9.432035e-01
8.030926e-01 -2.025870e-01 -1.030266e+00 -9.406094e-01
8.054110e-01 -1.997606e-01 -1.029067e+00 -9.385519e-01
8.072115e-01 -1.975932e-01 -1.028124e+00 -9.369546e-01
8.085761e-01 -1.959663e-01 -1.027402e+00 -9.357443e-01
8.095818e-01 -1.947760e-01 -1.026866e+00 -9.348525e-01
8.102992e-01 -1.939314e-01 -1.026481e+00 -9.342164e-01
8.107917e-01 -1.933537e-01 -1.026217e+00 -9.337798e-01
8.111144e-01 -1.929762e-01 -1.026043e+00 -9.334938e-01
8.113140e-01 -1.927431e-01 -1.025935e+00 -9.333168e-01
8.114287e-01 -1.926092e-01 -1.025873e+00 -9.332151e-01
8.114887e-01 -1.925393e-01 -1.025841e+00 -9.331620e-01
8.115160e-01 -1.925074e-01 -1.025826e+00 -9.331377e-01
8.115263e-01 -1.924954e-01 -1.025820e+00 -9.331286e-01
8.115291e-01 -1.924921e-01 -1.025819e+00 -9.331262e-01
8.115295e-01 -1.924916e-01 -1.025819e+00 -9.331258e-01
8.115296e-01 -1.924916e-01 -1.025819e+00 -9.331258e-01
8.115308e-01 -1.924901e-01 -1.025818e+00 -9.331246e-01
8.115394e-01 -1.924801e-01 -1.025813e+00 -9.331170e-01
8.115709e-01 -1.924434e-01 -1.025796e+00 -9.330892e-01
8.116547e-01 -1.923457e-01 -1.025751e+00 -9.330148e-01
8.118383e-01 -1.921320e-01 -1.025652e+00 -9.328521e-01
8.121899e-01 -1.917233e-01 -1.025461e+00 -9.325405e-01
8.128014e-01 -1.910146e-01 -1.025128e+00 -9.319986e-01
8.137899e-01 -1.898745e-01 -1.024588e+00 -9.311227e-01
8.152987e-01 -1.881477e-01 -1.023758e+00 -9.297861e-01
8.174968e-01 -1.856605e-01 -1.022536e+00 -9.278396e-01
8.205780e-01 -1.822299e-01 -1.020799e+00 -9.251126e-01
8.247587e-01 -1.776776e-01 -1.018397e+00 -9.214156e-01
8.302747e-01 -1.718471e-01 -1.015150e+00 -9.165434e-01
8.373776e-01 -1.646236e-01 -1.010845e+00 -9.102800e-01
8.463297e-01 -1.559558e-01 -1.005230e+00 -9.024047e-01
8.573988e-01 -1.458741e-01 -9.980156e-01 -8.926991e-01
8.708525e-01 -1.345040e-01 -9.888737e-01 -8.809560e-01
8.869516e-01 -1.220702e-01 -9.774505e-01 -8.669903e-01
9.059434e-01 -1.088876e-01 -9.633801e-01 -8.506500e-01
9.280559e-01 -9.534060e-02 -9.463096e-01 -8.318292e-01
9.534907e-01 -8.185012e-02 -9.259290e-01 -8.104797e-01
9.824170e-01 -6.883440e-02 -9.020067e-01 -7.866225e-01
1.014966e+00 -5.666888e-02 -8.744235e-01 -7.603555e-01
1.051227e+00 -4.565220e-02 -8.432014e-01 -7.318580e-01
1.091241e+00 -3.598392e-02 -8.085222e-01 -7.013888e-01
1.134999e+00 -2.775678e-02 -7.707306e-01 -6.692788e-01
1.182440e+00 -2.096352e-02 -7.303224e-01 -6.359175e-01
1.233448e+00 -1.551499e-02 -6.879157e-01 -6.017351e-01
1.287854e+00 -1.126478e-02 -6.442124e-01 -5.671806e-01
1.345437e+00 -8.035229e-03 -5.999516e-01 -5.327006e-01
1.405925e+00 -5.640503e-03 -5.558634e-01 -4.987178e-01
1.468998e+00 -3.904177e-03 -5.126273e-01 -4.656142e-01
1.534295e+00 -2.670396e-03 -4.708391e-01 -4.337177e-01
1.601419e+00 -1.809173e-03 -4.309897e-01 -4.032950e-01
1.669940e+00 -1.217122e-03 -3.934540e-01 -3.745481e-01
1.739407e+00 -8.152253e-04 -3.584906e-01 -3.476167e-01
1.809349e+00 -5.451029e-04 -3.262498e-01 -3.225819e-01
1.879292e+00 -3.648422e-04 -2.967864e-01 -2.994744e-01
1.948758e+00 -2.450791e-04 -2.700760e-01 -2.782818e-01
2.017280e+00 -1.656547e-04 -2.460323e-01 -2.589575e-01
2.084403e+00 -1.129518e-04 -2.245240e-01 -2.414292e-01
2.149701e+00 -7.788139e-05 -2.053890e-01 -2.256060e-01
2.212774e+00 -5.442546e-05 -1.884477e-01 -2.113850e-01
2.273262e+00 -3.862176e-05 -1.735129e-01 -1.986565e-01
2.330845e+00 -2.787336e-05 -1.603980e-01 -1.873087e-01
2.385251e+00 -2.048442e-05 -1.489221e-01 -1.772304e-01
2.436259e+00 -1.534819e-05 -1.389141e-01 -1.683137e-01
2.483700e+00 -1.173834e-05 -1.302150e-01 -1.604557e-01
2.527458e+00 -9.172411e-06 -1.226792e-01 -1.535589e-01
2.567472e+00 -7.325550e-06 -1.161743e-01 -1.475324e-01
2.603732e+00 -5.977439e-06 -1.105810e-01 -1.422916e-01
2.636282e+00 -4.979014e-06 -1.057926e-01 -1.377585e-01
2.665208e+00 -4.230093e-06 -1.017136e-01 -1.338606e-01
2.690643e+00 -3.663247e-06 -9.825868e-02 -1.305316e-01
2.712755e+00 -3.232135e-06 -9.535180e-02 -1.277099e-01
2.731747e+00 -2.903646e-06 -9.292481e-02 -1.253390e-01
2.747846e+00 -2.653160e-06 -9.091660e-02 -1.233663e-01
2.761300e+00 -2.461965e-06 -8.927216e-02 -1.217435e-01
2.772369e+00 -2.315858e-06 -8.794183e-02 -1.204255e-01
2.781321e+00 -2.204205e-06 -8.688065e-02 -1.193709e-01
2.788424e+00 -2.119152e-06 -8.604793e-02 -1.185412e-01
2.793940e+00 -2.054886e-06 -8.540683e-02 -1.179012e-01
2.798121e+00 -2.007014e-06 -8.492417e-02 -1.174185e-01
2.801202e+00 -1.972094e-06 -8.457021e-02 -1.170642e-01
2.803400e+00 -1.947329e-06 -8.431861e-02 -1.168121e-01
2.804909e+00 -1.930385e-06 -8.414636e-02 -1.166394e-01
2.805897e+00 -1.919303e-06 -8.403369e-02 -1.165264e-01
2.806509e+00 -1.912454e-06 -8.396407e-02 -1.164566e-01
2.806861e+00 -1.908518e-06 -8.392407e-02 -1.164165e-01
2.807044e+00 -1.906463e-06 -8.390320e-02 -1.163955e-01
2.807128e+00 -1.905525e-06 -8.389366e-02 -1.163860e-01
2.807159e+00 -1.905172e-06 -8.389008e-02 -1.163824e-01
2.807168e+00 -1.905077e-06 -8.388911e-02 -1.163814e-01
2.807169e+00 -1.905063e-06 -8.388896e-02 -1.163812e-01
2.807169e+00 -1.905061e-06 -8.388894e-02 -1.163812e-01
2.807174e+00 -1.905014e-06 -8.388844e-02 -1.163807e-01
2.807204e+00 -1.904697e-06 -8.388505e-02 -1.163773e-01
2.807313e+00 -1.903533e-06 -8.387257e-02 -1.163648e-01
2.807606e+00 -1.900432e-06 -8.383931e-02 -1.163314e-01
2.808246e+00 -1.893665e-06 -8.376658e-02 -1.162584e-01
2.809473e+00 -1.880768e-06 -8.362745e-02 -1.161187e-01
2.811606e+00 -1.858543e-06 -8.338603e-02 -1.158762e-01
2.815055e+00 -1.823156e-06 -8.299724e-02 -1.154853e-01
2.820318e+00 -1.770415e-06 -8.240739e-02 -1.148914e-01
2.827987e+00 -1.696247e-06 -8.155565e-02 -1.140320e-01
2.838736e+00 -1.597393e-06 -8.037675e-02 -1.128391e-01
2.853321e+00 -1.472272e-06 -7.880478e-02 -1.112418e-01
2.872564e+00 -1.321858e-06 -7.677835e-02 -1.091715e-01
2.897343e+00 -1.150348e-06 -7.424667e-02 -1.065665e-01
2.928573e+00 -9.653025e-07 -7.117623e-02 -1.033781e-01
2.967189e+00 -7.769994e-07 -6.755728e-02 -9.957666e-02
3.014123e+00 -5.969519e-07 -6.340928e-02 -9.515724e-02
3.070287e+00 -4.358174e-07 -5.878412e-02 -9.014360e-02
3.136542e+00 -3.012936e-07 -5.376625e-02 -8.459035e-02
3.213683e+00 -1.967332e-07 -4.846915e-02 -7.858223e-02
3.302415e+00 -1.210255e-07 -4.302804e-02 -7.223046e-02
3.403327e+00 -6.977483e-08 -3.758950e-02 -6.566621e-02
3.516879e+00 -3.719406e-08 -3.229937e-02 -5.903191e-02
3.643378e+00 -1.781851e-08 -2.729051e-02 -5.247129e-02
3.782971e+00 -7.362494e-09 -2.267242e-02 -4.611956e-02
3.935625e+00 -2.666675e-09 -1.852410e-02 -4.009481e-02
4.101127e+00 -1.260035e-09 -1.489090e-02 -3.449157e-02
4.279073e+00 -1.145980e-09 -1.178549e-02 -2.937721e-02
4.468875e+00 -9.906552e-10 -9.192178e-03 -2.479113e-02
4.669759e+00 -3.726875e-10 -7.073484e-03 -2.074651e-02
4.880776e+00  3.526832e-10 -5.377524e-03 -1.723393e-02
5.100813e+00  6.301746e-10 -4.045164e-03 -1.422615e-02
5.328610e+00  3.022121e-10 -3.016033e-03 -1.168331e-02
5.562778e+00 -2.530474e-10 -2.232967e-03 -9.557872e-03
5.801821e+00 -5.052842e-10 -1.644829e-03 -7.798954e-03
6.044160e+00 -2.649283e-10 -1.207897e-03 -6.355749e-03
6.288163e+00  1.864155e-10 -8.861460e-04 -5.180022e-03
6.532165e+00  4.111537e-10 -6.507942e-04 -4.227711e-03
6.774505e+00  2.335084e-10 -4.794349e-04 -3.459782e-03
7.013547e+00 -1.362802e-10 -3.549960e-04 -2.842507e-03
7.247715e+00 -3.434725e-10 -2.646980e-04 -2.347329e-03
7.475513e+00 -2.239874e-10 -1.991076e-04 -1.950476e-03
7.695550e+00  7.983357e-11 -1.513379e-04 -1.632425e-03
7.906566e+00  2.874211e-10 -1.164029e-04 -1.377320e-03
8.107450e+00  2.370667e-10 -9.071594e-05 -1.172401e-03
8.297252e+00 -9.638248e-13 -7.170822e-05 -1.007468e-03
8.475199e+00 -2.192443e-10 -5.754366e-05 -8.744106e-04
8.640700e+00 -2.564032e-10 -4.690929e-05 -7.668023e-04
8.793354e+00 -1.075759e-10 -3.886369e-05 -6.795620e-04
8.932947e+00  1.028129e-10 -3.272917e-05 -6.086755e-04
9.059447e+00  2.316169e-10 -2.801609e-05 -5.509705e-04
9.172998e+00  2.125045e-10 -2.436936e-05 -5.039369e-04
9.273910e+00  7.790624e-11 -2.153041e-05 -4.655834e-04
9.362642e+00 -8.420319e-11 -1.930971e-05 -4.343247e-04
9.439784e+00 -1.920487e-10 -1.756707e-05 -4.088919e-04
9.506039e+00 -2.089990e-10 -1.619754e-05 -3.882632e-04
9.562202e+00 -1.468097e-10 -1.512159e-05 -3.716094e-04
9.609136e+00 -4.483640e-11 -1.427823e-05 -3.582519e-04
9.647752e+00  5.532132e-11 -1.362018e-05 -3.476295e-04
9.678982e+00  1.262567e-10 -1.311040e-05 -3.392740e-04
9.703762e+00  1.589411e-10 -1.271951e-05 -3.327902e-04
9.723005e+00  1.583513e-10 -1.242390e-05 -3.278421e-04
9.737589e+00  1.361453e-10 -1.220433e-05 -3.241419e-04
9.748339e+00  1.044695e-10 -1.204490e-05 -3.214419e-04
9.756007e+00  7.249989e-11 -1.193237e-05 -3.195298e-04
9.761270e+00  4.549826e-11 -1.185571e-05 -3.182241e-04
9.764719e+00  2.539947e-11 -1.180573e-05 -3.173715e-04
9.766852e+00  1.196475e-11 -1.177492e-05 -3.168452e-04
9.768079e+00  3.882768e-12 -1.175723e-05 -3.165431e-04
9.768719e+00 -4.425862e-13 -1.174801e-05 -3.163854e-04
9.769012e+00 -2.443275e-12 -1.174380e-05 -3.163134e-04
9.769122e+00 -3.197768e-12 -1.174222e-05 -3.162864e-04
9.769151e+00 -3.403383e-12 -1.174179e-05 -3.162791e-04
9.769156e+00 -3.433745e-12 -1.174172e-05 -3.162780e-04
9.769157e+00 -3.434720e-12 -1.174171e-05 -3.162778e-04
9.769176e+00 -3.434505e-12 -1.174144e-05 -3.162731e-04
9.769305e+00 -3.433049e-12 -1.173959e-05 -3.162412e-04
9.769782e+00 -3.427699e-12 -1.173278e-05 -3.161240e-04
9.771053e+00 -3.413468e-12 -1.171466e-05 -3.158118e-04
9.773833e+00 -3.382475e-12 -1.167509e-05 -3.151296e-04
9.779159e+00 -3.323689e-12 -1.159967e-05 -3.138272e-04
9.788423e+00 -3.223231e-12 -1.146964e-05 -3.115750e-04
9.803397e+00 -3.065531e-12 -1.126249e-05 -3.079688e-04
9.826253e+00 -2.835708e-12 -1.095343e-05 -3.025465e-04
9.859551e+00 -2.523365e-12 -1.051815e-05 -2.948202e-04
9.906227e+00 -2.127552e-12 -9.936726e-06 -2.843267e-04
9.969557e+00 -1.661950e-12 -9.198518e-06 -2.706934e-04
1.005312e+01 -1.158355e-12 -8.307303e-06 -2.537172e-04
1.016071e+01 -6.658477e-13 -7.285234e-06 -2.334415e-04
1.029632e+01 -2.433101e-13 -6.174015e-06 -2.102152e-04
1.046400e+01  5.517189e-14 -5.031803e-06 -1.847147e-04
1.066781e+01  1.988028e-13 -3.925351e-06 -1.579096e-04
1.091168e+01  1.952031e-13 -2.918600e-06 -1.309676e-04
1.119938e+01  9.311302e-14 -2.060718e-06 -1.051092e-04
1.153435e+01 -3.300198e-14 -1.377504e-06 -8.143998e-05
1.191965e+01 -1.131555e-13 -8.692610e-07 -6.080038e-05
1.235784e+01 -1.130730e-13 -5.157128e-07 -4.366879e-05
1.285091e+01 -4.821720e-14 -2.854259e-07 -3.014051e-05
1.340020e+01  3.012722e-14 -1.454060e-07 -1.997938e-05
1.400635e+01  7.002818e-14 -6.721636e-08 -1.271923e-05
1.466922e+01  5.275407e-14 -2.868533e-08 -7.781980e-06
1.538787e+01  1.754709e-15 -1.300225e-08 -4.582468e-06
1.616056e+01 -3.925294e-14 -7.769073e-09 -2.602225e-06
1.698474e+01 -4.136029e-14 -5.113283e-09 -1.427564e-06
1.785703e+01 -1.064190e-14 -1.944266e-09 -7.570635e-07
1.877332e+01  2.167655e-14  1.121964e-09 -3.880761e-07
1.972878e+01  2.842696e-14  2.309358e-09 -1.929919e-07
2.071794e+01  8.656742e-15  1.143238e-09 -9.467592e-08
2.173476e+01 -1.550671e-14 -9.215618e-10 -4.728042e-08
2.277275e+01 -2.163737e-14 -1.883203e-09 -2.428003e-08
2.382505e+01 -6.901602e-15 -1.012679e-09 -1.184769e-08
2.488458e+01  1.232508e-14  6.611538e-10 -4.420643e-09
2.594410e+01  1.803302e-14  1.516337e-09 -6.334659e-10
2.699641e+01  7.059741e-15  8.861184e-10  8.627598e-11
2.803440e+01 -8.258315e-15 -4.717225e-10 -8.678642e-10
2.905122e+01 -1.345978e-14 -1.253670e-09 -1.665823e-09
3.004038e+01 -5.170805e-15 -8.417419e-10 -1.263010e-09
3.099584e+01  7.561321e-15  2.612091e-10  1.786319e-11
3.191213e+01  1.298752e-14  1.034812e-09  1.069985e-09
3.278442e+01  7.098683e-15  8.774275e-10  1.096936e-09
3.360859e+01 -4.194966e-15  2.704281e-11  2.273597e-10
3.438128e+01 -1.138777e-14 -7.719670e-10 -7.423950e-10
3.509994e+01 -9.419110e-15 -9.291007e-10 -1.076385e-09
3.576280e+01 -7.823261e-16 -4.125830e-10 -6.247453e-10
3.636895e+01  7.570949e-15  3.400691e-10  1.951655e-10
3.691825e+01  9.850745e-15  8.151143e-10  8.057495e-10
3.741132e+01  5.040234e-15  7.670984e-10  8.758725e-10
3.784951e+01 -3.389293e-15  3.025503e-10  4.591779e-10
3.823481e+01 -1.041674e-14 -2.701441e-10 -1.391854e-10
3.856978e+01 -1.252939e-14 -6.597267e-10 -5.975499e-10
3.885747e+01 -9.125139e-15 -7.321510e-10 -7.444862e-10
3.910135e+01 -2.043566e-15 -5.244541e-10 -5.915201e-10
3.930515e+01  5.894688e-15 -1.727258e-10 -2.662885e-10
3.947283e+01  1.228551e-14  1.771500e-10  8.119806e-11
3.960844e+01  1.587312e-14  4.279670e-10  3.443998e-10
3.971604e+01  1.657251e-14  5.466461e-10  4.813253e-10
3.979960e+01  1.506866e-14  5.493872e-10  5.021990e-10
3.986293e+01  1.232542e-14  4.761887e-10  4.441213e-10
3.990960e+01  9.217483e-15  3.691401e-10  3.484305e-10
3.994290e+01  6.350725e-15  2.602159e-10  2.474573e-10
3.996576e+01  4.037602e-15  1.678648e-10  1.603857e-10
3.998073e+01  2.359211e-15  9.898105e-11  9.484666e-11
3.999000e+01  1.253617e-15  5.288359e-11  5.076290e-11
3.999532e+01  5.939892e-16  2.513468e-11  2.415042e-11
3.999810e+01  2.425244e-16  1.027880e-11  9.881289e-12
3.999937e+01  8.030690e-17  3.406080e-12  3.275109e-12
3.999985e+01  1.918870e-17  8.140767e-13  7.828412e-13
3.999998e+01  2.538023e-18  1.076831e-13  1.035538e-13
4.000000e+01  7.951083e-20  3.373517e-15  3.244165e-15
