376 4
 0 0 0 1
 2 2 1 6
 -3.764758e+01 -2.007738e+00 -7.701624e-02 -1.006029e+00
0.000000e+00 -6.995724e+01  1.717953e+01 -3.021761e+00  1.079528e-10
3.278564e-09 -6.995724e+01  1.717953e+01 -3.021761e+00 -1.300697e-07
1.046582e-07 -6.995716e+01  1.717951e+01 -3.021758e+00 -4.155417e-06
7.915214e-07 -6.995663e+01  1.717938e+01 -3.021735e+00 -3.142765e-05
3.316517e-06 -6.995469e+01  1.717890e+01 -3.021651e+00 -1.316821e-04
1.004733e-05 -6.994951e+01  1.717763e+01 -3.021427e+00 -3.989141e-04
2.477810e-05 -6.993818e+01  1.717484e+01 -3.020938e+00 -9.836973e-04
5.299135e-05 -6.991648e+01  1.716952e+01 -3.020000e+00 -2.103445e-03
1.020609e-04 -6.987875e+01  1.716025e+01 -3.018370e+00 -4.050124e-03
1.813877e-04 -6.981780e+01  1.714528e+01 -3.015737e+00 -7.194942e-03
3.024627e-04 -6.972488e+01  1.712245e+01 -3.011721e+00 -1.198953e-02
4.788527e-04 -6.958974e+01  1.708923e+01 -3.005879e+00 -1.896318e-02
7.261078e-04 -6.940074e+01  1.704276e+01 -2.997704e+00 -2.871574e-02
1.061591e-03 -6.914515e+01  1.697987e+01 -2.986641e+00 -4.190590e-02
1.504231e-03 -6.880938e+01  1.689719e+01 -2.972096e+00 -5.923474e-02
2.074209e-03 -6.837947e+01  1.679121e+01 -2.953450e+00 -8.142452e-02
2.792580e-03 -6.784152e+01  1.665841e+01 -2.930085e+00 -1.091933e-01
3.680838e-03 -6.718232e+01  1.649539e+01 -2.901401e+00 -1.432259e-01
4.760448e-03 -6.638990e+01  1.629902e+01 -2.866844e+00 -1.841423e-01
6.052333e-03 -6.545419e+01  1.606655e+01 -2.825929e+00 -2.324650e-01
7.576358e-03 -6.436765e+01  1.579580e+01 -2.778267e+00 -2.885874e-01
9.350803e-03 -6.312579e+01  1.548525e+01 -2.723591e+00 -3.527442e-01
1.139185e-02 -6.172762e+01  1.513419e+01 -2.661769e+00 -4.249875e-01
1.371307e-02 -6.017602e+01  1.474281e+01 -2.592829e+00 -5.051690e-01
1.632504e-02 -5.847783e+01  1.431222e+01 -2.516962e+00 -5.929313e-01
1.923484e-02 -5.664382e+01  1.384449e+01 -2.434526e+00 -6.877090e-01
2.244580e-02 -5.468846e+01  1.334261e+01 -2.346044e+00 -7.887391e-01
2.595722e-02 -5.262946e+01  1.281043e+01 -2.252185e+00 -8.950834e-01
2.976415e-02 -5.048715e+01  1.225253e+01 -2.153753e+00 -1.005658e+00
3.385735e-02 -4.828376e+01  1.167406e+01 -2.051650e+00 -1.119270e+00
3.822326e-02 -4.604261e+01  1.108059e+01 -1.946858e+00 -1.234664e+00
4.284407e-02 -4.378724e+01  1.047793e+01 -1.840396e+00 -1.350560e+00
4.769797e-02 -4.154060e+01  9.871902e+00 -1.733291e+00 -1.465703e+00
5.275935e-02 -3.932436e+01  9.268196e+00 -1.626550e+00 -1.578903e+00
5.799924e-02 -3.715827e+01  8.672193e+00 -1.521125e+00 -1.689068e+00
6.338567e-02 -3.505971e+01  8.088834e+00 -1.417891e+00 -1.795233e+00
6.888423e-02 -3.304338e+01  7.522513e+00 -1.317631e+00 -1.896582e+00
7.445863e-02 -3.112115e+01  6.977008e+00 -1.221017e+00 -1.992460e+00
8.007127e-02 -2.930206e+01  6.455443e+00 -1.128609e+00 -2.082376e+00
8.568391e-02 -2.759243e+01  5.960275e+00 -1.040847e+00 -2.165999e+00
9.125831e-02 -2.599606e+01  5.493314e+00 -9.580602e-01 -2.243151e+00
9.675688e-02 -2.451448e+01  5.055765e+00 -8.804665e-01 -2.313794e+00
1.021433e-01 -2.314733e+01  4.648271e+00 -8.081865e-01 -2.378008e+00
1.073832e-01 -2.189259e+01  4.270987e+00 -7.412529e-01 -2.435975e+00
1.124446e-01 -2.074697e+01  3.923642e+00 -6.796223e-01 -2.487962e+00
1.172985e-01 -1.970618e+01  3.605615e+00 -6.231881e-01 -2.534294e+00
1.219193e-01 -1.876519e+01  3.315996e+00 -5.717921e-01 -2.575341e+00
1.262852e-01 -1.791851e+01  3.053654e+00 -5.252360e-01 -2.611500e+00
1.303784e-01 -1.716034e+01  2.817294e+00 -4.832912e-01 -2.643181e+00
1.341853e-01 -1.648475e+01  2.605503e+00 -4.457081e-01 -2.670791e+00
1.376967e-01 -1.588580e+01  2.416795e+00 -4.122234e-01 -2.694731e+00
1.409077e-01 -1.535764e+01  2.249643e+00 -3.825662e-01 -2.715381e+00
1.438175e-01 -1.489458e+01  2.102508e+00 -3.564632e-01 -2.733103e+00
1.464295e-01 -1.449111e+01  1.973859e+00 -3.336422e-01 -2.748228e+00
1.487507e-01 -1.414196e+01  1.862187e+00 -3.138351e-01 -2.761066e+00
1.507917e-01 -1.384208e+01  1.766021e+00 -2.967798e-01 -2.771893e+00
1.525662e-01 -1.358667e+01  1.683928e+00 -2.822221e-01 -2.780964e+00
1.540902e-01 -1.337116e+01  1.614527e+00 -2.699162e-01 -2.788504e+00
1.553821e-01 -1.319122e+01  1.556486e+00 -2.596257e-01 -2.794717e+00
1.564617e-01 -1.304275e+01  1.508532e+00 -2.511241e-01 -2.799786e+00
1.573500e-01 -1.292188e+01  1.469449e+00 -2.441957e-01 -2.803872e+00
1.580683e-01 -1.282496e+01  1.438084e+00 -2.386359e-01 -2.807122e+00
1.586383e-01 -1.274860e+01  1.413353e+00 -2.342521e-01 -2.809665e+00
1.590810e-01 -1.268961e+01  1.394240e+00 -2.308644e-01 -2.811620e+00
1.594164e-01 -1.264510e+01  1.379808e+00 -2.283065e-01 -2.813089e+00
1.596637e-01 -1.261239e+01  1.369202e+00 -2.264266e-01 -2.814165e+00
1.598401e-01 -1.258911e+01  1.361650e+00 -2.250882e-01 -2.814929e+00
1.599612e-01 -1.257316e+01  1.356475e+00 -2.241709e-01 -2.815452e+00
1.600405e-01 -1.256271e+01  1.353087e+00 -2.235705e-01 -2.815794e+00
1.600896e-01 -1.255626e+01  1.350993e+00 -2.231993e-01 -2.816005e+00
1.601178e-01 -1.255255e+01  1.349789e+00 -2.229860e-01 -2.816127e+00
1.601325e-01 -1.255061e+01  1.349161e+00 -2.228746e-01 -2.816190e+00
1.601392e-01 -1.254973e+01  1.348873e+00 -2.228237e-01 -2.816219e+00
1.601418e-01 -1.254940e+01  1.348766e+00 -2.228047e-01 -2.816230e+00
1.601424e-01 -1.254931e+01  1.348736e+00 -2.227995e-01 -2.816233e+00
1.601425e-01 -1.254929e+01  1.348732e+00 -2.227987e-01 -2.816233e+00
1.601426e-01 -1.254929e+01  1.348731e+00 -2.227986e-01 -2.816233e+00
1.601430e-01 -1.254924e+01  1.348714e+00 -2.227955e-01 -2.816235e+00
1.601458e-01 -1.254887e+01  1.348595e+00 -2.227743e-01 -2.816247e+00
1.601560e-01 -1.254752e+01  1.348157e+00 -2.226967e-01 -2.816291e+00
1.601834e-01 -1.254392e+01  1.346989e+00 -2.224898e-01 -2.816409e+00
1.602433e-01 -1.253605e+01  1.344436e+00 -2.220372e-01 -2.816666e+00
1.603581e-01 -1.252100e+01  1.339549e+00 -2.211712e-01 -2.817157e+00
1.605577e-01 -1.249485e+01  1.331062e+00 -2.196671e-01 -2.818009e+00
1.608803e-01 -1.245270e+01  1.317378e+00 -2.172419e-01 -2.819378e+00
1.613728e-01 -1.238866e+01  1.296573e+00 -2.135549e-01 -2.821449e+00
1.620903e-01 -1.229595e+01  1.266440e+00 -2.082151e-01 -2.824427e+00
1.630960e-01 -1.216720e+01  1.224551e+00 -2.007926e-01 -2.828523e+00
1.644606e-01 -1.199470e+01  1.168363e+00 -1.908374e-01 -2.833935e+00
1.662611e-01 -1.177093e+01  1.095356e+00 -1.779042e-01 -2.840823e+00
1.685795e-01 -1.148907e+01  1.003207e+00 -1.615832e-01 -2.849279e+00
1.715015e-01 -1.114363e+01  8.899909e-01 -1.415363e-01 -2.859285e+00
1.751145e-01 -1.073115e+01  7.543946e-01 -1.175355e-01 -2.870682e+00
1.795059e-01 -1.025077e+01  5.959267e-01 -8.950032e-02 -2.883135e+00
1.847607e-01 -9.704713e+00  4.150990e-01 -5.753094e-02 -2.896103e+00
1.909597e-01 -9.098600e+00  2.135539e-01 -2.193124e-02 -2.908830e+00
1.981774e-01 -8.441398e+00 -5.886261e-03  1.678165e-02 -2.920354e+00
2.064794e-01 -7.745107e+00 -2.392657e-01  5.788508e-02 -2.929528e+00
2.159211e-01 -7.024104e+00 -4.816463e-01  1.004772e-01 -2.935084e+00
2.265454e-01 -6.294219e+00 -7.273567e-01  1.435213e-01 -2.935696e+00
2.383811e-01 -5.571645e+00 -9.703220e-01  1.859044e-01 -2.930074e+00
2.514418e-01 -4.871816e+00 -1.204440e+00  2.265056e-01 -2.917057e+00
2.657247e-01 -4.208371e+00 -1.423965e+00  2.642655e-01 -2.895703e+00
2.812096e-01 -3.592360e+00 -1.623865e+00  2.982516e-01 -2.865362e+00
2.978589e-01 -3.031741e+00 -1.800097e+00  3.277108e-01 -2.825733e+00
3.156174e-01 -2.531220e+00 -1.949804e+00  3.521063e-01 -2.776885e+00
3.344127e-01 -2.092397e+00 -2.071394e+00  3.711345e-01 -2.719255e+00
3.541562e-01 -1.714167e+00 -2.164519e+00  3.847238e-01 -2.653615e+00
3.747436e-01 -1.393273e+00 -2.229960e+00  3.930158e-01 -2.581017e+00
3.960570e-01 -1.124934e+00 -2.269451e+00  3.963343e-01 -2.502721e+00
4.179666e-01 -9.034531e-01 -2.285454e+00  3.951451e-01 -2.420116e+00
4.403322e-01 -7.227492e-01 -2.280925e+00  3.900129e-01 -2.334642e+00
4.630064e-01 -5.767870e-01 -2.259080e+00  3.815588e-01 -2.247716e+00
4.858360e-01 -4.598829e-01 -2.223198e+00  3.704215e-01 -2.160669e+00
5.086657e-01 -3.668981e-01 -2.176453e+00  3.572255e-01 -2.074705e+00
5.313398e-01 -2.933367e-01 -2.121793e+00  3.425568e-01 -1.990867e+00
5.537055e-01 -2.353689e-01 -2.061856e+00  3.269451e-01 -1.910023e+00
5.756150e-01 -1.898042e-01 -1.998928e+00  3.108548e-01 -1.832865e+00
5.969285e-01 -1.540319e-01 -1.934930e+00  2.946802e-01 -1.759912e+00
6.175159e-01 -1.259485e-01 -1.871424e+00  2.787460e-01 -1.691527e+00
6.372593e-01 -1.038788e-01 -1.809641e+00  2.633112e-01 -1.627937e+00
6.560547e-01 -8.650228e-02 -1.750514e+00  2.485748e-01 -1.569246e+00
6.738132e-01 -7.278531e-02 -1.694721e+00  2.346828e-01 -1.515462e+00
6.904625e-01 -6.192352e-02 -1.642720e+00  2.217353e-01 -1.466513e+00
7.059474e-01 -5.329321e-02 -1.594788e+00  2.097940e-01 -1.422266e+00
7.202302e-01 -4.641180e-02 -1.551058e+00  1.988887e-01 -1.382537e+00
7.332910e-01 -4.090615e-02 -1.511549e+00  1.890236e-01 -1.347110e+00
7.451267e-01 -3.648765e-02 -1.476187e+00  1.801821e-01 -1.315742e+00
7.557510e-01 -3.293266e-02 -1.444832e+00  1.723317e-01 -1.288175e+00
7.651927e-01 -3.006742e-02 -1.417295e+00  1.654274e-01 -1.264140e+00
7.734947e-01 -2.775635e-02 -1.393346e+00  1.594153e-01 -1.243362e+00
7.807123e-01 -2.589314e-02 -1.372734e+00  1.542347e-01 -1.225567e+00
7.869114e-01 -2.439385e-02 -1.355190e+00  1.498203e-01 -1.210481e+00
7.921662e-01 -2.319168e-02 -1.340435e+00  1.461043e-01 -1.197834e+00
7.965576e-01 -2.223298e-02 -1.328188e+00  1.430174e-01 -1.187364e+00
8.001706e-01 -2.147424e-02 -1.318169e+00  1.404905e-01 -1.178818e+00
8.030926e-01 -2.087974e-02 -1.310104e+00  1.384553e-01 -1.171950e+00
8.054110e-01 -2.041987e-02 -1.303730e+00  1.368460e-01 -1.166529e+00
8.072115e-01 -2.006980e-02 -1.298796e+00  1.355996e-01 -1.162336e+00
8.085761e-01 -1.980850e-02 -1.295064e+00  1.346569e-01 -1.159168e+00
8.095818e-01 -1.961812e-02 -1.292319e+00  1.339632e-01 -1.156838e+00
8.102992e-01 -1.948343e-02 -1.290363e+00  1.334689e-01 -1.155179e+00
8.107917e-01 -1.939152e-02 -1.289022e+00  1.331298e-01 -1.154042e+00
8.111144e-01 -1.933153e-02 -1.288144e+00  1.329078e-01 -1.153297e+00
8.113140e-01 -1.929452e-02 -1.287601e+00  1.327706e-01 -1.152837e+00
8.114287e-01 -1.927327e-02 -1.287288e+00  1.326916e-01 -1.152572e+00
8.114887e-01 -1.926219e-02 -1.287125e+00  1.326504e-01 -1.152434e+00
8.115160e-01 -1.925713e-02 -1.287051e+00  1.326316e-01 -1.152371e+00
8.115263e-01 -1.925523e-02 -1.287023e+00  1.326246e-01 -1.152347e+00
8.115291e-01 -1.925471e-02 -1.287015e+00  1.326226e-01 -1.152341e+00
8.115295e-01 -1.925463e-02 -1.287014e+00  1.326224e-01 -1.152340e+00
8.115296e-01 -1.925462e-02 -1.287014e+00  1.326223e-01 -1.152340e+00
8.115308e-01 -1.925439e-02 -1.287011e+00  1.326214e-01 -1.152337e+00
8.115394e-01 -1.925281e-02 -1.286987e+00  1.326156e-01 -1.152317e+00
8.115709e-01 -1.924699e-02 -1.286902e+00  1.325939e-01 -1.152245e+00
8.116547e-01 -1.923150e-02 -1.286674e+00  1.325363e-01 -1.152051e+00
8.118383e-01 -1.919764e-02 -1.286175e+00  1.324101e-01 -1.151628e+00
8.121899e-01 -1.913295e-02 -1.285219e+00  1.321685e-01 -1.150819e+00
8.128014e-01 -1.902096e-02 -1.283559e+00  1.317487e-01 -1.149412e+00
8.137899e-01 -1.884132e-02 -1.280878e+00  1.310706e-01 -1.147141e+00
8.152987e-01 -1.857043e-02 -1.276793e+00  1.300375e-01 -1.143684e+00
8.174968e-01 -1.818279e-02 -1.270859e+00  1.285361e-01 -1.138666e+00
8.205780e-01 -1.765310e-02 -1.262576e+00  1.264390e-01 -1.131669e+00
8.247587e-01 -1.695917e-02 -1.251399e+00  1.236077e-01 -1.122242e+00
8.302747e-01 -1.608549e-02 -1.236765e+00  1.198972e-01 -1.109924e+00
8.373776e-01 -1.502691e-02 -1.218111e+00  1.151615e-01 -1.094261e+00
8.463297e-01 -1.379212e-02 -1.194905e+00  1.092614e-01 -1.074833e+00
8.573988e-01 -1.240567e-02 -1.166685e+00  1.020724e-01 -1.051288e+00
8.708525e-01 -1.090809e-02 -1.133098e+00  9.349487e-02 -1.023369e+00
8.869516e-01 -9.353269e-03 -1.093935e+00  8.346330e-02 -9.909433e-01
9.059434e-01 -7.803265e-03 -1.049176e+00  7.195649e-02 -9.540293e-01
9.280559e-01 -6.321083e-03 -9.990170e-01  5.900579e-02 -9.128136e-01
9.534907e-01 -4.962858e-03 -9.438920e-01  4.470115e-02 -8.676576e-01
9.824170e-01 -3.771062e-03 -8.844728e-01  2.919348e-02 -8.190918e-01
1.014966e+00 -2.770249e-03 -8.216516e-01  1.269261e-02 -7.677965e-01
1.051227e+00 -1.966130e-03 -7.565003e-01 -4.539981e-03 -7.145690e-01
1.091241e+00 -1.347901e-03 -6.902109e-01 -2.220302e-02 -6.602809e-01
1.134999e+00 -8.928510e-04 -6.240230e-01 -3.997136e-02 -6.058299e-01
1.182440e+00 -5.718936e-04 -5.591455e-01 -5.751414e-02 -5.520899e-01
1.233448e+00 -3.546676e-04 -4.966834e-01 -7.451338e-02 -4.998654e-01
1.287854e+00 -2.133330e-04 -4.375774e-01 -9.068103e-02 -4.498553e-01
1.345437e+00 -1.247304e-04 -3.825618e-01 -1.057728e-01 -4.026267e-01
1.405925e+00 -7.107017e-05 -3.321453e-01 -1.195979e-01 -3.586021e-01
1.468998e+00 -3.958375e-05 -2.866112e-01 -1.320238e-01 -3.180580e-01
1.534295e+00 -2.162792e-05 -2.460366e-01 -1.429763e-01 -2.811335e-01
1.601419e+00 -1.164073e-05 -2.103230e-01 -1.524364e-01 -2.478460e-01
1.669940e+00 -6.198036e-06 -1.792344e-01 -1.604329e-01 -2.181122e-01
1.739407e+00 -3.275220e-06 -1.524367e-01 -1.670348e-01 -1.917703e-01
1.809349e+00 -1.720447e-06 -1.295353e-01 -1.723406e-01 -1.686023e-01
1.879292e+00 -9.005658e-07 -1.101073e-01 -1.764701e-01 -1.483545e-01
1.948758e+00 -4.743063e-07 -9.372700e-02 -1.795550e-01 -1.307547e-01
2.017280e+00 -2.563924e-07 -7.998536e-02 -1.817316e-01 -1.155270e-01
2.084403e+00 -1.441806e-07 -6.850259e-02 -1.831351e-01 -1.024021e-01
2.149701e+00 -8.219827e-08 -5.893562e-02 -1.838946e-01 -9.112491e-02
2.212774e+00 -4.429915e-08 -5.098129e-02 -1.841304e-01 -8.146003e-02
2.273262e+00 -2.115882e-08 -4.437643e-02 -1.839517e-01 -7.319383e-02
2.330845e+00 -9.823008e-09 -3.889587e-02 -1.834558e-01 -6.613562e-02
2.385251e+00 -7.085471e-09 -3.434919e-02 -1.827275e-01 -6.011726e-02
2.436259e+00 -8.047670e-09 -3.057683e-02 -1.818400e-01 -5.499200e-02
2.483700e+00 -8.198058e-09 -2.744606e-02 -1.808544e-01 -5.063275e-02
2.527458e+00 -5.688382e-09 -2.484705e-02 -1.798216e-01 -4.693013e-02
2.567472e+00 -1.580069e-09 -2.268931e-02 -1.787823e-01 -4.379041e-02
2.603732e+00  1.809705e-09 -2.089838e-02 -1.777688e-01 -4.113346e-02
2.636282e+00  2.871999e-09 -1.941309e-02 -1.768054e-01 -3.889090e-02
2.665208e+00  1.609738e-09 -1.818313e-02 -1.759095e-01 -3.700437e-02
2.690643e+00 -7.481301e-10 -1.716703e-02 -1.750929e-01 -3.542394e-02
2.712755e+00 -2.746026e-09 -1.633051e-02 -1.743621e-01 -3.410678e-02
2.731747e+00 -3.507874e-09 -1.564509e-02 -1.737199e-01 -3.301600e-02
2.747846e+00 -2.967465e-09 -1.508695e-02 -1.731653e-01 -3.211967e-02
2.761300e+00 -1.620214e-09 -1.463602e-02 -1.726950e-01 -3.138994e-02
2.772369e+00 -1.119343e-10 -1.427526e-02 -1.723035e-01 -3.080242e-02
2.781321e+00  1.072363e-09 -1.399011e-02 -1.719840e-01 -3.033559e-02
2.788424e+00  1.723623e-09 -1.376797e-02 -1.717286e-01 -2.997040e-02
2.793940e+00  1.867578e-09 -1.359793e-02 -1.715292e-01 -2.968994e-02
2.798121e+00  1.656925e-09 -1.347047e-02 -1.713774e-01 -2.947918e-02
2.801202e+00  1.270082e-09 -1.337731e-02 -1.712652e-01 -2.932484e-02
2.803400e+00  8.498360e-10 -1.331125e-02 -1.711850e-01 -2.921524e-02
2.804909e+00  4.826575e-10 -1.326609e-02 -1.711299e-01 -2.914026e-02
2.805897e+00  2.043465e-10 -1.323659e-02 -1.710937e-01 -2.909124e-02
2.806509e+00  1.641229e-11 -1.321838e-02 -1.710713e-01 -2.906096e-02
2.806861e+00 -9.728705e-11 -1.320792e-02 -1.710585e-01 -2.904357e-02
2.807044e+00 -1.583213e-10 -1.320246e-02 -1.710517e-01 -2.903449e-02
2.807128e+00 -1.865943e-10 -1.319997e-02 -1.710487e-01 -2.903034e-02
2.807159e+00 -1.972633e-10 -1.319903e-02 -1.710475e-01 -2.902879e-02
2.807168e+00 -2.001715e-10 -1.319878e-02 -1.710472e-01 -2.902836e-02
2.807169e+00 -2.006009e-10 -1.319874e-02 -1.710472e-01 -2.902830e-02
2.807169e+00 -2.006146e-10 -1.319873e-02 -1.710471e-01 -2.902829e-02
2.807174e+00 -2.006070e-10 -1.319860e-02 -1.710470e-01 -2.902807e-02
2.807204e+00 -2.005559e-10 -1.319771e-02 -1.710459e-01 -2.902660e-02
2.807313e+00 -2.003680e-10 -1.319445e-02 -1.710419e-01 -2.902117e-02
2.807606e+00 -1.998679e-10 -1.318576e-02 -1.710311e-01 -2.900672e-02
2.808246e+00 -1.987774e-10 -1.316676e-02 -1.710077e-01 -2.897510e-02
2.809473e+00 -1.967037e-10 -1.313044e-02 -1.709627e-01 -2.891465e-02
2.811606e+00 -1.931434e-10 -1.306752e-02 -1.708843e-01 -2.880982e-02
2.815055e+00 -1.875102e-10 -1.296645e-02 -1.707573e-01 -2.864118e-02
2.820318e+00 -1.791974e-10 -1.281372e-02 -1.705628e-01 -2.838575e-02
2.827987e+00 -1.676807e-10 -1.259445e-02 -1.702781e-01 -2.801783e-02
2.838736e+00 -1.526606e-10 -1.229348e-02 -1.698761e-01 -2.751037e-02
2.853321e+00 -1.342260e-10 -1.189673e-02 -1.693256e-01 -2.683698e-02
2.872564e+00 -1.129945e-10 -1.139302e-02 -1.685905e-01 -2.597445e-02
2.897343e+00 -9.016977e-11 -1.077608e-02 -1.676302e-01 -2.490576e-02
2.928573e+00 -6.744683e-11 -1.004643e-02 -1.663992e-01 -2.362314e-02
2.967189e+00 -4.672809e-11 -9.212965e-03 -1.648476e-01 -2.213082e-02
3.014123e+00 -2.968402e-11 -8.293510e-03 -1.629224e-01 -2.044695e-02
3.070287e+00 -1.728554e-11 -7.314343e-03 -1.605691e-01 -1.860409e-02
3.136542e+00 -9.505264e-12 -6.308284e-03 -1.577348e-01 -1.664795e-02
3.213683e+00 -5.364974e-12 -5.311583e-03 -1.543715e-01 -1.463433e-02
3.302415e+00 -3.367932e-12 -4.360036e-03 -1.504410e-01 -1.262439e-02
3.403327e+00 -2.141514e-12 -3.485011e-03 -1.459193e-01 -1.067901e-02
3.516879e+00 -9.585740e-13 -2.710167e-03 -1.408014e-01 -8.853124e-03
3.643378e+00  1.589787e-13 -2.049482e-03 -1.351047e-01 -7.190849e-03
3.782971e+00  7.982678e-13 -1.506908e-03 -1.288710e-01 -5.722342e-03
3.935625e+00  7.009245e-13 -1.077530e-03 -1.221665e-01 -4.462635e-03
4.101127e+00  8.402609e-14 -7.498054e-04 -1.150794e-01 -3.412479e-03
4.279073e+00 -4.946350e-13 -5.082705e-04 -1.077155e-01 -2.560764e-03
4.468875e+00 -5.815369e-13 -3.361172e-04 -1.001922e-01 -1.887856e-03
4.669759e+00 -1.791833e-13 -2.172316e-04 -9.263138e-02 -1.369182e-03
4.880776e+00  3.040648e-13 -1.375084e-04 -8.515237e-02 -9.784631e-04
5.100813e+00  4.453899e-13 -8.546285e-05 -7.786555e-02 -6.902605e-04
5.328610e+00  1.743732e-13 -5.229372e-05 -7.086707e-02 -4.816663e-04
5.562778e+00 -2.082821e-13 -3.159649e-05 -6.423533e-02 -3.331944e-04
5.801821e+00 -3.445168e-13 -1.891302e-05 -5.802920e-02 -2.290245e-04
6.044160e+00 -1.471407e-13 -1.125508e-05 -5.228786e-02 -1.568047e-04
6.288163e+00  1.575396e-13 -6.683038e-06 -4.703201e-02 -1.072046e-04
6.532165e+00  2.770151e-13 -3.972727e-06 -4.226608e-02 -7.337233e-05
6.774505e+00  1.267114e-13 -2.370923e-06 -3.798099e-02 -5.039506e-05
7.013547e+00 -1.223895e-13 -1.424396e-06 -3.415722e-02 -3.482027e-05
7.247715e+00 -2.332519e-13 -8.646405e-07 -3.076768e-02 -2.426005e-05
7.475513e+00 -1.231934e-13 -5.331862e-07 -2.778048e-02 -1.708251e-05
7.695550e+00  8.571900e-14 -3.358448e-07 -2.516112e-02 -1.218189e-05
7.906566e+00  2.021903e-13 -2.164217e-07 -2.287439e-02 -8.813717e-06
8.107450e+00  1.379306e-13 -1.420398e-07 -2.088571e-02 -6.479273e-06
8.297252e+00 -3.539438e-14 -9.435702e-08 -1.916213e-02 -4.845754e-06
8.475199e+00 -1.690587e-13 -6.355405e-08 -1.767297e-02 -3.691165e-06
8.640700e+00 -1.651742e-13 -4.409900e-08 -1.639013e-02 -2.866713e-06
8.793354e+00 -4.078684e-14 -3.222477e-08 -1.528825e-02 -2.271713e-06
8.932947e+00  1.051912e-13 -2.494478e-08 -1.434470e-02 -1.837335e-06
9.059447e+00  1.748975e-13 -2.000871e-08 -1.353939e-02 -1.516266e-06
9.172998e+00  1.342938e-13 -1.607577e-08 -1.285464e-02 -1.276006e-06
9.273910e+00  1.991640e-14 -1.266027e-08 -1.227493e-02 -1.094275e-06
9.362642e+00 -9.841795e-14 -9.807942e-09 -1.178663e-02 -9.557264e-07
9.439784e+00 -1.631615e-13 -7.702789e-09 -1.137778e-02 -8.495894e-07
9.506039e+00 -1.543424e-13 -6.404573e-09 -1.103788e-02 -7.680829e-07
9.562202e+00 -8.798621e-14 -5.783376e-09 -1.075766e-02 -7.054202e-07
9.609136e+00  1.831395e-15 -5.593215e-09 -1.052891e-02 -6.572243e-07
9.647752e+00  8.247050e-14 -5.584058e-09 -1.034433e-02 -6.201744e-07
9.678982e+00  1.343005e-13 -5.579448e-09 -1.019741e-02 -5.917626e-07
9.703762e+00  1.526819e-13 -5.497887e-09 -1.008232e-02 -5.700990e-07
9.723005e+00  1.436892e-13 -5.332771e-09 -9.993827e-03 -5.537481e-07
9.737589e+00  1.180060e-13 -5.117044e-09 -9.927274e-03 -5.415969e-07
9.748339e+00  8.603891e-14 -4.892404e-09 -9.878505e-03 -5.327584e-07
9.756007e+00  5.533895e-14 -4.691287e-09 -9.843860e-03 -5.265069e-07
9.761270e+00  3.003540e-14 -4.530969e-09 -9.820149e-03 -5.222394e-07
9.764719e+00  1.145149e-14 -4.415265e-09 -9.804645e-03 -5.194528e-07
9.766852e+00 -8.764125e-16 -4.339236e-09 -9.795067e-03 -5.177327e-07
9.768079e+00 -8.260956e-15 -4.293929e-09 -9.789564e-03 -5.167449e-07
9.768719e+00 -1.220405e-14 -4.269802e-09 -9.786692e-03 -5.162295e-07
9.769012e+00 -1.402589e-14 -4.258670e-09 -9.785380e-03 -5.159941e-07
9.769122e+00 -1.471260e-14 -4.254476e-09 -9.784888e-03 -5.159058e-07
9.769151e+00 -1.489972e-14 -4.253333e-09 -9.784754e-03 -5.158817e-07
9.769156e+00 -1.492735e-14 -4.253164e-09 -9.784734e-03 -5.158782e-07
9.769157e+00 -1.492821e-14 -4.253154e-09 -9.784731e-03 -5.158776e-07
9.769176e+00 -1.492722e-14 -4.252992e-09 -9.784645e-03 -5.158628e-07
9.769305e+00 -1.492053e-14 -4.251895e-09 -9.784064e-03 -5.157628e-07
9.769782e+00 -1.489595e-14 -4.247866e-09 -9.781927e-03 -5.153954e-07
9.771053e+00 -1.483057e-14 -4.237143e-09 -9.776234e-03 -5.144171e-07
9.773833e+00 -1.468819e-14 -4.213760e-09 -9.763786e-03 -5.122822e-07
9.779159e+00 -1.441822e-14 -4.169301e-09 -9.739988e-03 -5.082172e-07
9.788423e+00 -1.395706e-14 -4.092982e-09 -9.698736e-03 -5.012211e-07
9.803397e+00 -1.323367e-14 -3.972269e-09 -9.632414e-03 -4.901070e-07
9.826253e+00 -1.218074e-14 -3.794216e-09 -9.532057e-03 -4.736006e-07
9.859551e+00 -1.075252e-14 -3.547712e-09 -9.387710e-03 -4.505100e-07
9.906227e+00 -8.948061e-15 -3.226544e-09 -9.189028e-03 -4.199662e-07
9.969557e+00 -6.835431e-15 -2.832898e-09 -8.926129e-03 -3.817129e-07
1.005312e+01 -4.567620e-15 -2.380340e-09 -8.590692e-03 -3.363857e-07
1.016071e+01 -2.377899e-15 -1.894942e-09 -8.177201e-03 -2.856886e-07
1.029632e+01 -5.433694e-16 -1.413097e-09 -7.684227e-03 -2.323609e-07
1.046400e+01  6.853054e-16 -9.752969e-10 -7.115508e-03 -1.798549e-07
1.066781e+01  1.172636e-15 -6.166609e-10 -6.480615e-03 -1.317303e-07
1.091168e+01  9.705651e-16 -3.570689e-10 -5.794941e-03 -9.090301e-08
1.119938e+01  3.305594e-16 -1.951049e-10 -5.078885e-03 -5.899421e-08
1.153435e+01 -3.722971e-16 -1.094737e-10 -4.356193e-03 -3.605057e-08
1.191965e+01 -7.880580e-16 -6.844261e-11 -3.651656e-03 -2.077919e-08
1.235784e+01 -7.472694e-16 -4.337279e-11 -2.988505e-03 -1.120178e-08
1.285091e+01 -3.336667e-16 -1.932379e-11 -2.385996e-03 -5.409472e-09
1.340020e+01  1.806231e-16  3.213174e-12 -1.857607e-03 -2.048574e-09
1.400635e+01  5.084852e-16  1.595541e-11 -1.410205e-03 -3.526946e-10
1.466922e+01  5.215754e-16  1.392503e-11 -1.044225e-03  1.560036e-10
1.538787e+01  3.069713e-16  1.672761e-12 -7.547374e-04 -2.973847e-11
1.616056e+01  7.059978e-17 -9.681384e-12 -5.330376e-04 -3.571555e-10
1.698474e+01 -3.218586e-17 -1.132549e-11 -3.683918e-04 -4.172535e-10
1.785703e+01 -2.319832e-18 -3.482681e-12 -2.495911e-04 -1.491894e-10
1.877332e+01  4.058185e-17  5.831147e-12 -1.661187e-04  1.935007e-10
1.972878e+01 -6.340643e-18  8.508997e-12 -1.088634e-04  3.132065e-10
2.071794e+01 -1.246008e-16  3.316725e-12 -7.042112e-05  1.399831e-10
2.173476e+01 -1.951280e-16 -3.939968e-12 -4.508660e-05 -1.305755e-10
2.277275e+01 -1.197000e-16 -6.490558e-12 -2.865390e-05 -2.431467e-10
2.382505e+01  7.420157e-17 -2.762299e-12 -1.813355e-05 -1.190698e-10
2.488458e+01  2.436011e-16  2.942393e-12 -1.146407e-05  9.616445e-11
2.594410e+01  2.457278e-16  5.159249e-12 -7.261157e-06  1.948185e-10
2.699641e+01  5.579681e-17  2.356617e-12 -4.618489e-06  1.031430e-10
2.803440e+01 -2.127534e-16 -2.256506e-12 -2.956493e-06 -7.123852e-11
2.905122e+01 -3.958930e-16 -4.294834e-12 -1.910612e-06 -1.616612e-10
3.004038e+01 -3.965332e-16 -2.259424e-12 -1.252073e-06 -9.850382e-11
3.099584e+01 -2.408212e-16  1.579607e-12 -8.357516e-07  4.464695e-11
3.191213e+01 -4.272190e-17  3.707677e-12 -5.689799e-07  1.360648e-10
3.278442e+01  8.124682e-17  2.522360e-12 -3.938073e-07  1.055543e-10
3.360859e+01  7.971828e-17 -6.492603e-13 -2.758258e-07 -8.171094e-12
3.438128e+01 -2.178384e-17 -3.086429e-12 -1.955566e-07 -1.065889e-10
3.509994e+01 -1.560047e-16 -3.010651e-12 -1.415387e-07 -1.174324e-10
3.576280e+01 -2.602744e-16 -7.420913e-13 -1.057753e-07 -4.316162e-11
3.636895e+01 -3.038927e-16  1.914334e-12 -8.180281e-08  5.525874e-11
3.691825e+01 -2.890783e-16  3.180598e-12 -6.457833e-08  1.113861e-10
3.741132e+01 -2.361683e-16  2.442602e-12 -5.087447e-08  9.692215e-11
3.784951e+01 -1.677552e-16  3.674103e-13 -3.925940e-08  2.994866e-11
3.823481e+01 -1.000303e-16 -1.776378e-12 -2.950731e-08 -4.678780e-11
3.856978e+01 -4.156113e-17 -2.944613e-12 -2.180974e-08 -9.510842e-11
3.885747e+01  4.290295e-18 -2.775021e-12 -1.620631e-08 -9.907506e-11
3.910135e+01  3.679620e-17 -1.557670e-12 -1.240209e-08 -6.567924e-11
3.930515e+01  5.652175e-17  9.020706e-14 -9.878757e-09 -1.448851e-11
3.947283e+01  6.495541e-17  1.576767e-12 -8.103083e-09  3.447011e-11
3.960844e+01  6.438829e-17  2.544927e-12 -6.680750e-09  6.834719e-11
3.971604e+01  5.761912e-17  2.908458e-12 -5.403230e-09  8.322729e-11
3.979960e+01  4.748107e-17  2.775025e-12 -4.211975e-09  8.186919e-11
3.986293e+01  3.638520e-17  2.336161e-12 -3.130302e-09  7.012679e-11
3.990960e+01  2.604540e-17  1.779110e-12 -2.202879e-09  5.397547e-11
3.994290e+01  1.742789e-17  1.240188e-12 -1.459964e-09  3.787883e-11
3.996576e+01  1.086957e-17  7.944000e-13 -9.056258e-10  2.436671e-11
3.998073e+01  6.274177e-18  4.663588e-13 -5.211376e-10  1.434263e-11
3.999000e+01  3.309320e-18  2.485103e-13 -2.743996e-10  7.654952e-12
3.999532e+01  1.561435e-18  1.179373e-13 -1.293491e-10  3.636123e-12
3.999810e+01  6.361390e-19  4.819331e-14 -5.267293e-11  1.486535e-12
3.999937e+01  2.104347e-19  1.596421e-14 -1.742053e-11  4.925239e-13
3.999985e+01  5.026297e-20  3.815058e-15 -4.160619e-12  1.177105e-13
3.999998e+01  6.647437e-21  5.046239e-16 -5.502434e-13  1.557009e-14
4.000000e+01  2.082469e-22  1.580888e-17 -1.723764e-14  4.877820e-16
