376 3
 0 0 1
 2 2 6
 -3.023473e+01 -1.266050e+00 -4.430563e-01
0.000000e+00 -6.043619e+01  1.438021e+01  1.969980e-11
3.278564e-09 -6.043619e+01  1.438021e+01 -9.380491e-08
1.046582e-07 -6.043613e+01  1.438020e+01 -2.995046e-06
7.915214e-07 -6.043571e+01  1.438010e+01 -2.265133e-05
3.316517e-06 -6.043419e+01  1.437974e+01 -9.490914e-05
1.004733e-05 -6.043012e+01  1.437877e+01 -2.875160e-04
2.477810e-05 -6.042122e+01  1.437665e+01 -7.090018e-04
5.299135e-05 -6.040417e+01  1.437260e+01 -1.516083e-03
1.020609e-04 -6.037454e+01  1.436554e+01 -2.919247e-03
1.813877e-04 -6.032667e+01  1.435415e+01 -5.186174e-03
3.024627e-04 -6.025367e+01  1.433677e+01 -8.642676e-03
4.788527e-04 -6.014749e+01  1.431149e+01 -1.367085e-02
7.261078e-04 -5.999898e+01  1.427611e+01 -2.070418e-02
1.061591e-03 -5.979806e+01  1.422822e+01 -3.021941e-02
1.504231e-03 -5.953402e+01  1.416524e+01 -4.272512e-02
2.074209e-03 -5.919577e+01  1.408448e+01 -5.874698e-02
2.792580e-03 -5.877225e+01  1.398323e+01 -7.881010e-02
3.680838e-03 -5.825285e+01  1.385887e+01 -1.034188e-01
4.760448e-03 -5.762786e+01  1.370895e+01 -1.330347e-01
6.052333e-03 -5.688899e+01  1.353130e+01 -1.680536e-01
7.576358e-03 -5.602979e+01  1.332417e+01 -2.087833e-01
9.350803e-03 -5.504613e+01  1.308629e+01 -2.554228e-01
1.139185e-02 -5.393653e+01  1.281698e+01 -3.080446e-01
1.371307e-02 -5.270247e+01  1.251621e+01 -3.665815e-01
1.632504e-02 -5.134845e+01  1.218466e+01 -4.308191e-01
1.923484e-02 -4.988208e+01  1.182373e+01 -5.003952e-01
2.244580e-02 -4.831386e+01  1.143552e+01 -5.748054e-01
2.595722e-02 -4.665695e+01  1.102276e+01 -6.534165e-01
2.976415e-02 -4.492666e+01  1.058879e+01 -7.354857e-01
3.385735e-02 -4.313999e+01  1.013740e+01 -8.201849e-01
3.822326e-02 -4.131503e+01  9.672746e+00 -9.066296e-01
4.284407e-02 -3.947025e+01  9.199189e+00 -9.939088e-01
4.769797e-02 -3.762396e+01  8.721175e+00 -1.081116e+00
5.275935e-02 -3.579371e+01  8.243088e+00 -1.167376e+00
5.799924e-02 -3.399578e+01  7.769135e+00 -1.251876e+00
6.338567e-02 -3.224480e+01  7.303235e+00 -1.333879e+00
6.888423e-02 -3.055344e+01  6.848932e+00 -1.412747e+00
7.445863e-02 -2.893230e+01  6.409340e+00 -1.487947e+00
8.007127e-02 -2.738979e+01  5.987095e+00 -1.559061e+00
8.568391e-02 -2.593219e+01  5.584348e+00 -1.625780e+00
9.125831e-02 -2.456378e+01  5.202760e+00 -1.687905e+00
9.675688e-02 -2.328699e+01  4.843528e+00 -1.745337e+00
1.021433e-01 -2.210264e+01  4.507414e+00 -1.798067e+00
1.073832e-01 -2.101011e+01  4.194788e+00 -1.846165e+00
1.124446e-01 -2.000768e+01  3.905675e+00 -1.889763e+00
1.172985e-01 -1.909265e+01  3.639803e+00 -1.929047e+00
1.219193e-01 -1.826162e+01  3.396654e+00 -1.964242e+00
1.262852e-01 -1.751067e+01  3.175511e+00 -1.995599e+00
1.303784e-01 -1.683551e+01  2.975497e+00 -2.023386e+00
1.341853e-01 -1.623163e+01  2.795619e+00 -2.047880e+00
1.376967e-01 -1.569439e+01  2.634797e+00 -2.069356e+00
1.409077e-01 -1.521913e+01  2.491893e+00 -2.088085e+00
1.438175e-01 -1.480125e+01  2.365735e+00 -2.104327e+00
1.464295e-01 -1.443618e+01  2.255134e+00 -2.118331e+00
1.487507e-01 -1.411953e+01  2.158899e+00 -2.130329e+00
1.507917e-01 -1.384700e+01  2.075849e+00 -2.140539e+00
1.525662e-01 -1.361446e+01  2.004820e+00 -2.149160e+00
1.540902e-01 -1.341794e+01  1.944673e+00 -2.156379e+00
1.553821e-01 -1.325364e+01  1.894302e+00 -2.162365e+00
1.564617e-01 -1.311793e+01  1.852635e+00 -2.167275e+00
1.573500e-01 -1.300733e+01  1.818643e+00 -2.171252e+00
1.580683e-01 -1.291860e+01  1.791341e+00 -2.174428e+00
1.586383e-01 -1.284863e+01  1.769800e+00 -2.176922e+00
1.590810e-01 -1.279456e+01  1.753144e+00 -2.178843e+00
1.594164e-01 -1.275374e+01  1.740562e+00 -2.180290e+00
1.596637e-01 -1.272374e+01  1.731312e+00 -2.181351e+00
1.598401e-01 -1.270238e+01  1.724726e+00 -2.182106e+00
1.599612e-01 -1.268774e+01  1.720211e+00 -2.182622e+00
1.600405e-01 -1.267816e+01  1.717255e+00 -2.182960e+00
1.600896e-01 -1.267224e+01  1.715427e+00 -2.183169e+00
1.601178e-01 -1.266883e+01  1.714377e+00 -2.183289e+00
1.601325e-01 -1.266706e+01  1.713829e+00 -2.183352e+00
1.601392e-01 -1.266625e+01  1.713578e+00 -2.183380e+00
1.601418e-01 -1.266594e+01  1.713484e+00 -2.183391e+00
1.601424e-01 -1.266586e+01  1.713459e+00 -2.183394e+00
1.601425e-01 -1.266585e+01  1.713455e+00 -2.183394e+00
1.601426e-01 -1.266584e+01  1.713454e+00 -2.183394e+00
1.601430e-01 -1.266579e+01  1.713439e+00 -2.183396e+00
1.601458e-01 -1.266546e+01  1.713335e+00 -2.183408e+00
1.601560e-01 -1.266422e+01  1.712953e+00 -2.183452e+00
1.601834e-01 -1.266092e+01  1.711934e+00 -2.183568e+00
1.602433e-01 -1.265369e+01  1.709706e+00 -2.183822e+00
1.603581e-01 -1.263987e+01  1.705441e+00 -2.184309e+00
1.605577e-01 -1.261587e+01  1.698033e+00 -2.185153e+00
1.608803e-01 -1.257717e+01  1.686085e+00 -2.186512e+00
1.613728e-01 -1.251834e+01  1.667912e+00 -2.188572e+00
1.620903e-01 -1.243313e+01  1.641576e+00 -2.191543e+00
1.630960e-01 -1.231469e+01  1.604932e+00 -2.195649e+00
1.644606e-01 -1.215583e+01  1.555720e+00 -2.201111e+00
1.662611e-01 -1.194945e+01  1.491672e+00 -2.208128e+00
1.685795e-01 -1.168899e+01  1.410658e+00 -2.216852e+00
1.715015e-01 -1.136899e+01  1.310848e+00 -2.227354e+00
1.751145e-01 -1.098571e+01  1.190893e+00 -2.239603e+00
1.795059e-01 -1.053764e+01  1.050099e+00 -2.253425e+00
1.847607e-01 -1.002601e+01  8.885871e-01 -2.268489e+00
1.909597e-01 -9.455045e+00  7.074095e-01 -2.284285e+00
1.981774e-01 -8.832041e+00  5.086116e-01 -2.300128e+00
2.064794e-01 -8.167164e+00  2.952157e-01 -2.315171e+00
2.159211e-01 -7.472949e+00  7.112398e-02 -2.328441e+00
2.265454e-01 -6.763562e+00 -1.590594e-01 -2.338885e+00
2.383811e-01 -6.053888e+00 -3.902756e-01 -2.345439e+00
2.514418e-01 -5.358542e+00 -6.173045e-01 -2.347094e+00
2.657247e-01 -4.690928e+00 -8.350764e-01 -2.342969e+00
2.812096e-01 -4.062443e+00 -1.038969e+00 -2.332374e+00
2.978589e-01 -3.481921e+00 -1.225059e+00 -2.314859e+00
3.156174e-01 -2.955348e+00 -1.390313e+00 -2.290239e+00
3.344127e-01 -2.485862e+00 -1.532689e+00 -2.258611e+00
3.541562e-01 -2.073984e+00 -1.651163e+00 -2.220333e+00
3.747436e-01 -1.718027e+00 -1.745680e+00 -2.176001e+00
3.960570e-01 -1.414608e+00 -1.817038e+00 -2.126402e+00
4.179666e-01 -1.159176e+00 -1.866740e+00 -2.072461e+00
4.403322e-01 -9.465184e-01 -1.896812e+00 -2.015188e+00
4.630064e-01 -7.711827e-01 -1.909628e+00 -1.955624e+00
4.858360e-01 -6.278134e-01 -1.907741e+00 -1.894790e+00
5.086657e-01 -5.113870e-01 -1.893734e+00 -1.833645e+00
5.313398e-01 -4.173590e-01 -1.870104e+00 -1.773062e+00
5.537055e-01 -3.417358e-01 -1.839174e+00 -1.713801e+00
5.756150e-01 -2.810909e-01 -1.803037e+00 -1.656502e+00
5.969285e-01 -2.325414e-01 -1.763519e+00 -1.601684e+00
6.175159e-01 -1.937005e-01 -1.722175e+00 -1.549744e+00
6.372593e-01 -1.626182e-01 -1.680292e+00 -1.500972e+00
6.560547e-01 -1.377184e-01 -1.638904e+00 -1.455557e+00
6.738132e-01 -1.177378e-01 -1.598820e+00 -1.413604e+00
6.904625e-01 -1.016706e-01 -1.560649e+00 -1.375145e+00
7.059474e-01 -8.871952e-02 -1.524825e+00 -1.340151e+00
7.202302e-01 -7.825474e-02 -1.491642e+00 -1.308547e+00
7.332910e-01 -6.977940e-02 -1.461272e+00 -1.280217e+00
7.451267e-01 -6.290174e-02 -1.433789e+00 -1.255016e+00
7.557510e-01 -5.731262e-02 -1.409192e+00 -1.232778e+00
7.651927e-01 -5.276755e-02 -1.387415e+00 -1.213319e+00
7.734947e-01 -4.907255e-02 -1.368348e+00 -1.196445e+00
7.807123e-01 -4.607300e-02 -1.351843e+00 -1.181954e+00
7.869114e-01 -4.364488e-02 -1.337726e+00 -1.169640e+00
7.921662e-01 -4.168803e-02 -1.325806e+00 -1.159298e+00
7.965576e-01 -4.012081e-02 -1.315879e+00 -1.150722e+00
8.001706e-01 -3.887605e-02 -1.307737e+00 -1.143712e+00
8.030926e-01 -3.789792e-02 -1.301168e+00 -1.138072e+00
8.054110e-01 -3.713955e-02 -1.295967e+00 -1.133617e+00
8.072115e-01 -3.656117e-02 -1.291935e+00 -1.130168e+00
8.085761e-01 -3.612888e-02 -1.288883e+00 -1.127562e+00
8.095818e-01 -3.581358e-02 -1.286636e+00 -1.125644e+00
8.102992e-01 -3.559034e-02 -1.285035e+00 -1.124278e+00
8.107917e-01 -3.543792e-02 -1.283936e+00 -1.123342e+00
8.111144e-01 -3.533841e-02 -1.283216e+00 -1.122728e+00
8.113140e-01 -3.527700e-02 -1.282771e+00 -1.122349e+00
8.114287e-01 -3.524174e-02 -1.282515e+00 -1.122131e+00
8.114887e-01 -3.522334e-02 -1.282381e+00 -1.122017e+00
8.115160e-01 -3.521494e-02 -1.282320e+00 -1.121965e+00
8.115263e-01 -3.521179e-02 -1.282297e+00 -1.121946e+00
8.115291e-01 -3.521093e-02 -1.282291e+00 -1.121940e+00
8.115295e-01 -3.521081e-02 -1.282290e+00 -1.121940e+00
8.115296e-01 -3.521079e-02 -1.282290e+00 -1.121940e+00
8.115308e-01 -3.521040e-02 -1.282287e+00 -1.121937e+00
8.115394e-01 -3.520777e-02 -1.282268e+00 -1.121921e+00
8.115709e-01 -3.519812e-02 -1.282198e+00 -1.121861e+00
8.116547e-01 -3.517241e-02 -1.282011e+00 -1.121702e+00
8.118383e-01 -3.511619e-02 -1.281602e+00 -1.121353e+00
8.121899e-01 -3.500878e-02 -1.280818e+00 -1.120686e+00
8.128014e-01 -3.482274e-02 -1.279456e+00 -1.119527e+00
8.137899e-01 -3.452411e-02 -1.277256e+00 -1.117655e+00
8.152987e-01 -3.407329e-02 -1.273901e+00 -1.114805e+00
8.174968e-01 -3.342711e-02 -1.269021e+00 -1.110664e+00
8.205780e-01 -3.254210e-02 -1.262197e+00 -1.104885e+00
8.247587e-01 -3.137896e-02 -1.252970e+00 -1.097091e+00
8.302747e-01 -2.990824e-02 -1.240852e+00 -1.086891e+00
8.373776e-01 -2.811636e-02 -1.225346e+00 -1.073894e+00
8.463297e-01 -2.601137e-02 -1.205965e+00 -1.057733e+00
8.573988e-01 -2.362696e-02 -1.182260e+00 -1.038086e+00
8.708525e-01 -2.102351e-02 -1.153852e+00 -1.014701e+00
8.869516e-01 -1.828527e-02 -1.120462e+00 -9.874190e-01
9.059434e-01 -1.551320e-02 -1.081952e+00 -9.561987e-01
9.280559e-01 -1.281428e-02 -1.038352e+00 -9.211310e-01
9.534907e-01 -1.028913e-02 -9.898909e-01 -8.824494e-01
9.824170e-01 -8.020186e-03 -9.370061e-01 -8.405304e-01
1.014966e+00 -6.063071e-03 -8.803442e-01 -7.958822e-01
1.051227e+00 -4.442754e-03 -8.207388e-01 -7.491235e-01
1.091241e+00 -3.154952e-03 -7.591703e-01 -7.009523e-01
1.134999e+00 -2.171864e-03 -6.967100e-01 -6.521090e-01
1.182440e+00 -1.450390e-03 -6.344548e-01 -6.033354e-01
1.233448e+00 -9.407159e-04 -5.734601e-01 -5.553368e-01
1.287854e+00 -5.935500e-04 -5.146792e-01 -5.087487e-01
1.345437e+00 -3.650646e-04 -4.589156e-01 -4.641119e-01
1.405925e+00 -2.194076e-04 -4.067926e-01 -4.218570e-01
1.468998e+00 -1.292115e-04 -3.587410e-01 -3.822989e-01
1.534295e+00 -7.478910e-05 -3.150037e-01 -3.456396e-01
1.601419e+00 -4.268829e-05 -2.756533e-01 -3.119779e-01
1.669940e+00 -2.411632e-05 -2.406188e-01 -2.813233e-01
1.739407e+00 -1.353926e-05 -2.097164e-01 -2.536123e-01
1.809349e+00 -7.584677e-06 -1.826815e-01 -2.287252e-01
1.879292e+00 -4.254758e-06 -1.591975e-01 -2.065023e-01
1.948758e+00 -2.396318e-06 -1.389213e-01 -1.867576e-01
2.017280e+00 -1.358517e-06 -1.215036e-01 -1.692912e-01
2.084403e+00 -7.790033e-07 -1.066038e-01 -1.538989e-01
2.149701e+00 -4.556428e-07 -9.390086e-02 -1.403790e-01
2.212774e+00 -2.740851e-07 -8.309958e-02 -1.285383e-01
2.273262e+00 -1.694323e-07 -7.393420e-02 -1.181951e-01
2.330845e+00 -1.061783e-07 -6.616923e-02 -1.091817e-01
2.385251e+00 -6.640145e-08 -5.959875e-02 -1.013448e-01
2.436259e+00 -4.161823e-08 -5.404459e-02 -9.454637e-02
2.483700e+00 -2.724863e-08 -4.935391e-02 -8.866265e-02
2.527458e+00 -1.973459e-08 -4.539640e-02 -8.358368e-02
2.567472e+00 -1.586289e-08 -4.206151e-02 -7.921205e-02
2.603732e+00 -1.319183e-08 -3.925574e-02 -7.546181e-02
2.636282e+00 -1.048149e-08 -3.690011e-02 -7.225715e-02
2.665208e+00 -7.601847e-09 -3.492795e-02 -6.953128e-02
2.690643e+00 -5.014149e-09 -3.328284e-02 -6.722518e-02
2.712755e+00 -3.200862e-09 -3.191696e-02 -6.528667e-02
2.731747e+00 -2.336450e-09 -3.078956e-02 -6.366936e-02
2.747846e+00 -2.258028e-09 -2.986574e-02 -6.233186e-02
2.761300e+00 -2.620260e-09 -2.911544e-02 -6.123713e-02
2.772369e+00 -3.079341e-09 -2.851256e-02 -6.035179e-02
2.781321e+00 -3.407678e-09 -2.803430e-02 -5.964577e-02
2.788424e+00 -3.518947e-09 -2.766067e-02 -5.909185e-02
2.793940e+00 -3.432919e-09 -2.737402e-02 -5.866546e-02
2.798121e+00 -3.220942e-09 -2.715878e-02 -5.834448e-02
2.801202e+00 -2.960752e-09 -2.700125e-02 -5.810911e-02
2.803400e+00 -2.711290e-09 -2.688944e-02 -5.794182e-02
2.804909e+00 -2.505553e-09 -2.681297e-02 -5.782729e-02
2.805897e+00 -2.354316e-09 -2.676299e-02 -5.775238e-02
2.806509e+00 -2.253919e-09 -2.673211e-02 -5.770609e-02
2.806861e+00 -2.193752e-09 -2.671438e-02 -5.767950e-02
2.807044e+00 -2.161616e-09 -2.670513e-02 -5.766562e-02
2.807128e+00 -2.146766e-09 -2.670090e-02 -5.765927e-02
2.807159e+00 -2.141168e-09 -2.669931e-02 -5.765690e-02
2.807168e+00 -2.139642e-09 -2.669888e-02 -5.765625e-02
2.807169e+00 -2.139417e-09 -2.669882e-02 -5.765615e-02
2.807169e+00 -2.139407e-09 -2.669881e-02 -5.765614e-02
2.807174e+00 -2.139334e-09 -2.669859e-02 -5.765581e-02
2.807204e+00 -2.138833e-09 -2.669708e-02 -5.765355e-02
2.807313e+00 -2.136996e-09 -2.669155e-02 -5.764525e-02
2.807606e+00 -2.132105e-09 -2.667682e-02 -5.762314e-02
2.808246e+00 -2.121437e-09 -2.664459e-02 -5.757478e-02
2.809473e+00 -2.101143e-09 -2.658299e-02 -5.748229e-02
2.811606e+00 -2.066271e-09 -2.647618e-02 -5.732179e-02
2.815055e+00 -2.011024e-09 -2.630445e-02 -5.706333e-02
2.820318e+00 -1.929324e-09 -2.604452e-02 -5.667125e-02
2.827987e+00 -1.815774e-09 -2.567052e-02 -5.610515e-02
2.838736e+00 -1.666988e-09 -2.515547e-02 -5.532174e-02
2.853321e+00 -1.483144e-09 -2.447343e-02 -5.427734e-02
2.872564e+00 -1.269380e-09 -2.360228e-02 -5.293132e-02
2.897343e+00 -1.036466e-09 -2.252690e-02 -5.125013e-02
2.928573e+00 -8.001389e-10 -2.124233e-02 -4.921164e-02
2.967189e+00 -5.787109e-10 -1.975659e-02 -4.680938e-02
3.014123e+00 -3.891687e-10 -1.809240e-02 -4.405590e-02
3.070287e+00 -2.428165e-10 -1.628727e-02 -4.098479e-02
3.136542e+00 -1.421709e-10 -1.439164e-02 -3.765051e-02
3.213683e+00 -8.074348e-11 -1.246498e-02 -3.412600e-02
3.302415e+00 -4.624543e-11 -1.057030e-02 -3.049788e-02
3.403327e+00 -2.595024e-11 -8.767907e-03 -2.685989e-02
3.516879e+00 -1.150543e-11 -7.109377e-03 -2.330526e-02
3.643378e+00 -5.765014e-13 -5.632963e-03 -1.991934e-02
3.782971e+00  5.361842e-12 -4.361053e-03 -1.677323e-02
3.935625e+00  5.143840e-12 -3.300015e-03 -1.391949e-02
4.101127e+00  6.741190e-13 -2.442170e-03 -1.139022e-02
4.279073e+00 -3.718008e-12 -1.769213e-03 -9.197497e-03
4.468875e+00 -4.463524e-12 -1.256253e-03 -7.335804e-03
4.669759e+00 -1.446629e-12 -8.756834e-04 -5.785692e-03
4.880776e+00  2.278224e-12 -6.003332e-04 -4.518055e-03
5.100813e+00  3.436413e-12 -4.056227e-04 -3.498291e-03
5.328610e+00  1.402060e-12 -2.707326e-04 -2.689922e-03
5.562778e+00 -1.562274e-12 -1.789505e-04 -2.057380e-03
5.801821e+00 -2.673438e-12 -1.174507e-04 -1.567915e-03
6.044160e+00 -1.191931e-12 -7.675726e-05 -1.192681e-03
6.288163e+00  1.177237e-12 -5.009086e-05 -9.071691e-04
6.532165e+00  2.155534e-12 -3.273341e-05 -6.911601e-04
6.774505e+00  1.033789e-12 -2.147806e-05 -5.283780e-04
7.013547e+00 -9.033504e-13 -1.418797e-05 -4.059851e-04
7.247715e+00 -1.810047e-12 -9.460878e-06 -3.140243e-04
7.475513e+00 -1.000487e-12 -6.385678e-06 -2.448765e-04
7.695550e+00  6.172406e-13 -4.373553e-06 -1.927742e-04
7.906566e+00  1.559797e-12 -3.045387e-06 -1.533885e-04
8.107450e+00  1.108164e-12 -2.158476e-06 -1.234902e-04
8.297252e+00 -2.195937e-13 -1.558619e-06 -1.006808e-04
8.475199e+00 -1.281873e-12 -1.148151e-06 -8.318356e-05
8.640700e+00 -1.299740e-12 -8.645391e-07 -6.968282e-05
8.793354e+00 -3.716832e-13 -6.666628e-07 -5.920380e-05
8.932947e+00  7.587392e-13 -5.267313e-07 -5.102276e-05
9.059447e+00  1.332690e-12 -4.258538e-07 -4.460076e-05
9.172998e+00  1.066369e-12 -3.515017e-07 -3.953506e-05
9.273910e+00  2.174587e-13 -2.956927e-07 -3.552326e-05
9.362642e+00 -6.901035e-13 -2.534465e-07 -3.233700e-05
9.439784e+00 -1.212863e-12 -2.215257e-07 -2.980259e-05
9.506039e+00 -1.186165e-12 -1.975850e-07 -2.778680e-05
9.562202e+00 -7.188834e-13 -1.797405e-07 -2.618646e-05
9.609136e+00 -6.137788e-14 -1.664342e-07 -2.492086e-05
9.647752e+00  5.413525e-13 -1.564284e-07 -2.392612e-05
9.678982e+00  9.386676e-13 -1.488088e-07 -2.315106e-05
9.703762e+00  1.091343e-12 -1.429469e-07 -2.255418e-05
9.723005e+00  1.040960e-12 -1.384301e-07 -2.210136e-05
9.737589e+00  8.647799e-13 -1.349837e-07 -2.176427e-05
9.748339e+00  6.391885e-13 -1.324094e-07 -2.151914e-05
9.756007e+00  4.201350e-13 -1.305458e-07 -2.134596e-05
9.761270e+00  2.385809e-13 -1.292499e-07 -2.122789e-05
9.764719e+00  1.048287e-13 -1.283925e-07 -2.115089e-05
9.766852e+00  1.594614e-14 -1.278584e-07 -2.110340e-05
9.768079e+00 -3.734823e-14 -1.275500e-07 -2.107614e-05
9.768719e+00 -6.582065e-14 -1.273886e-07 -2.106192e-05
9.769012e+00 -7.897926e-14 -1.273147e-07 -2.105543e-05
9.769122e+00 -8.393978e-14 -1.272870e-07 -2.105300e-05
9.769151e+00 -8.529145e-14 -1.272794e-07 -2.105233e-05
9.769156e+00 -8.549104e-14 -1.272783e-07 -2.105224e-05
9.769157e+00 -8.549731e-14 -1.272782e-07 -2.105222e-05
9.769176e+00 -8.549161e-14 -1.272741e-07 -2.105180e-05
9.769305e+00 -8.545298e-14 -1.272468e-07 -2.104893e-05
9.769782e+00 -8.531110e-14 -1.271464e-07 -2.103838e-05
9.771053e+00 -8.493370e-14 -1.268792e-07 -2.101029e-05
9.773833e+00 -8.411182e-14 -1.262963e-07 -2.094895e-05
9.779159e+00 -8.255325e-14 -1.251869e-07 -2.083196e-05
9.788423e+00 -7.989064e-14 -1.232794e-07 -2.063005e-05
9.803397e+00 -7.571307e-14 -1.202536e-07 -2.030777e-05
9.826253e+00 -6.963028e-14 -1.157707e-07 -1.982560e-05
9.859551e+00 -6.137482e-14 -1.095221e-07 -1.914361e-05
9.906227e+00 -5.093589e-14 -1.013001e-07 -1.822706e-05
9.969557e+00 -3.869852e-14 -9.107889e-08 -1.705349e-05
1.005312e+01 -2.553630e-14 -7.909148e-08 -1.562039e-05
1.016071e+01 -1.278690e-14 -6.587078e-08 -1.395187e-05
1.029632e+01 -2.046250e-15 -5.222541e-08 -1.210196e-05
1.046400e+01  5.230753e-15 -3.912828e-08 -1.015247e-05
1.066781e+01  8.236294e-15 -2.752602e-08 -8.204153e-06
1.091168e+01  7.224247e-15 -1.811752e-08 -6.362031e-06
1.119938e+01  3.585203e-15 -1.118241e-08 -4.718038e-06
1.153435e+01 -5.765442e-16 -6.539972e-09 -3.335837e-06
1.191965e+01 -3.279139e-15 -3.670682e-09 -2.242507e-06
1.235784e+01 -3.538391e-15 -1.951303e-09 -1.429474e-06
1.285091e+01 -1.778274e-15 -8.868799e-10 -8.614527e-07
1.340020e+01  5.321504e-16 -2.208483e-10 -4.892234e-07
1.400635e+01  1.851503e-15  1.178650e-10 -2.613967e-07
1.466922e+01  1.537819e-15  1.620455e-10 -1.321203e-07
1.538787e+01  1.573392e-16  1.940445e-11 -6.452057e-08
1.616056e+01 -1.073875e-15 -1.349520e-10 -3.148017e-08
1.698474e+01 -1.265206e-15 -1.628066e-10 -1.526519e-08
1.785703e+01 -4.743991e-16 -5.511909e-11 -6.356205e-09
1.877332e+01  4.817571e-16  7.986206e-11 -1.187678e-09
1.972878e+01  7.995037e-16  1.237890e-10  9.453446e-10
2.071794e+01  3.451898e-16  5.256394e-11  5.977899e-10
2.173476e+01 -3.396963e-16 -5.382287e-11 -7.647025e-10
2.277275e+01 -6.057077e-16 -9.544909e-11 -1.459359e-09
2.382505e+01 -2.669565e-16 -4.441938e-11 -8.179825e-10
2.488458e+01  3.200470e-16  3.982812e-11  4.559449e-10
2.594410e+01  6.606782e-16  7.623869e-11  1.146186e-09
2.699641e+01  5.728271e-16  3.830413e-11  7.100448e-10
2.803440e+01  2.785987e-16 -2.990334e-11 -3.166802e-10
2.905122e+01  1.233265e-16 -6.335767e-11 -9.460047e-10
3.004038e+01  2.427028e-16 -3.670332e-11 -6.740327e-10
3.099584e+01  4.826416e-16  1.955662e-11  1.537609e-10
3.191213e+01  5.915742e-16  5.377807e-11  7.691913e-10
3.278442e+01  4.615113e-16  3.987243e-11  6.905739e-10
3.360859e+01  1.993759e-16 -5.444597e-12  6.625061e-11
3.438128e+01  2.944712e-18 -4.307796e-11 -5.529041e-10
3.509994e+01 -1.461100e-17 -4.547180e-11 -7.073636e-10
3.576280e+01  1.012442e-16 -1.488495e-11 -3.482554e-10
3.636895e+01  2.093977e-16  2.389066e-11  2.121891e-10
3.691825e+01  1.943394e-16  4.478705e-11  5.879803e-10
3.741132e+01  4.410526e-17  3.740605e-11  5.820061e-10
3.784951e+01 -1.582519e-16  9.732873e-12  2.586276e-10
3.823481e+01 -3.016548e-16 -2.086158e-11 -1.607748e-10
3.856978e+01 -3.149165e-16 -3.929122e-11 -4.592232e-10
3.885747e+01 -1.956322e-16 -3.960541e-11 -5.311478e-10
3.910135e+01  3.825398e-18 -2.502786e-11 -3.967872e-10
3.930515e+01  2.120431e-16 -3.669149e-12 -1.516723e-10
3.947283e+01  3.713539e-16  1.635597e-11  9.852483e-11
3.960844e+01  4.540016e-16  2.994520e-11  2.817262e-10
3.971604e+01  4.612760e-16  3.564593e-11  3.719063e-10
3.979960e+01  4.128421e-16  3.469303e-11  3.790786e-10
3.986293e+01  3.343580e-16  2.953997e-11  3.310862e-10
3.990960e+01  2.484478e-16  2.265384e-11  2.578293e-10
3.994290e+01  1.704603e-16  1.586157e-11  1.822673e-10
3.996576e+01  1.080794e-16  1.018865e-11  1.177907e-10
3.998073e+01  6.304369e-17  5.991791e-12  6.953194e-11
3.999000e+01  3.346494e-17  3.196215e-12  3.717412e-11
3.999532e+01  1.584706e-17  1.517748e-12  1.767483e-11
3.999810e+01  6.468348e-18  6.203945e-13  7.229495e-12
3.999937e+01  2.141563e-18  2.055365e-13  2.395842e-12
3.999985e+01  5.116829e-19  4.912079e-14  5.726417e-13
3.999998e+01  6.767758e-20  6.497378e-15  7.574760e-14
4.000000e+01  2.120190e-21  2.035505e-16  2.373039e-15
