376 7
 0 0 0 0 1 1 2
 2 2 2 2 6 6 8
 -2.977875e+02 -3.525246e+01 -3.898944e+00 -1.744593e-01 -3.080646e+01 -2.542705e+00 -2.996027e-01
0.000000e+00  2.906689e+02 -8.853552e+01 -3.392181e+01  8.193335e+00 -4.144701e-06 -1.443965e-06 -3.735679e-08
3.278564e-09  2.906689e+02 -8.853552e+01 -3.392180e+01  8.193334e+00 -2.033759e-06 -6.485276e-07 -3.735667e-08
1.046582e-07  2.906680e+02 -8.853526e+01 -3.392171e+01  8.193311e+00  6.324063e-05  2.394793e-05 -3.735529e-08
7.915214e-07  2.906624e+02 -8.853356e+01 -3.392105e+01  8.193153e+00  5.054799e-04  1.905910e-04 -3.746519e-08
3.316517e-06  2.906419e+02 -8.852730e+01 -3.391866e+01  8.192574e+00  2.131134e-03  8.031642e-04 -3.965470e-08
1.004733e-05  2.905871e+02 -8.851062e+01 -3.391226e+01  8.191030e+00  6.464038e-03  2.435874e-03 -5.920582e-08
2.477810e-05  2.904673e+02 -8.847411e+01 -3.389828e+01  8.187652e+00  1.594399e-02  6.008076e-03 -1.715756e-07
5.299135e-05  2.902379e+02 -8.840423e+01 -3.387150e+01  8.181185e+00  3.408965e-02  1.284566e-02 -6.533306e-07
1.020609e-04  2.898394e+02 -8.828280e+01 -3.382497e+01  8.169946e+00  6.561512e-02  2.472497e-02 -2.324753e-06
1.813877e-04  2.891964e+02 -8.808676e+01 -3.374985e+01  8.151801e+00  1.164882e-01  4.389479e-02 -7.262265e-06
3.024627e-04  2.882177e+02 -8.778820e+01 -3.363544e+01  8.124167e+00  1.939171e-01  7.307125e-02 -2.011127e-05
4.788527e-04  2.867978e+02 -8.735467e+01 -3.346929e+01  8.084033e+00  3.062511e-01  1.154004e-01 -5.027938e-05
7.261078e-04  2.848194e+02 -8.674979e+01 -3.323743e+01  8.028028e+00  4.627817e-01  1.743834e-01 -1.153073e-04
1.061591e-03  2.821570e+02 -8.593432e+01 -3.292478e+01  7.952506e+00  6.734345e-01  2.537597e-01 -2.456789e-04
1.504231e-03  2.786827e+02 -8.486757e+01 -3.251568e+01  7.853681e+00  9.483435e-01  3.573470e-01 -4.912236e-04
2.074209e-03  2.742723e+02 -8.350920e+01 -3.199454e+01  7.727788e+00  1.297314e+00  4.888376e-01 -9.290726e-04
2.792580e-03  2.688141e+02 -8.182136e+01 -3.134670e+01  7.571278e+00  1.729187e+00  6.515576e-01 -1.672852e-03
3.680838e-03  2.622165e+02 -7.977113e+01 -3.055930e+01  7.381041e+00  2.251136e+00  8.481997e-01 -2.882455e-03
4.760448e-03  2.544175e+02 -7.733296e+01 -2.962227e+01  7.154631e+00  2.867935e+00  1.080545e+00 -4.773369e-03
6.052333e-03  2.453928e+02 -7.449120e+01 -2.852923e+01  6.890500e+00  3.581271e+00  1.349197e+00 -7.624190e-03
7.576358e-03  2.351620e+02 -7.124222e+01 -2.727834e+01  6.588194e+00  4.389148e+00  1.653354e+00 -1.178077e-02
9.350803e-03  2.237927e+02 -6.759606e+01 -2.587300e+01  6.248513e+00  5.285482e+00  1.990644e+00 -1.765538e-02
1.139185e-02  2.114019e+02 -6.357738e+01 -2.432216e+01  5.873611e+00  6.259929e+00  2.357052e+00 -2.571952e-02
1.371307e-02  1.981526e+02 -5.922547e+01 -2.264043e+01  5.467004e+00  7.298006e+00  2.746959e+00 -3.648953e-02
1.632504e-02  1.842471e+02 -5.459325e+01 -2.084776e+01  5.033497e+00  8.381541e+00  3.153298e+00 -5.050492e-02
1.923484e-02  1.699173e+02 -4.974533e+01 -1.896871e+01  4.579020e+00  9.489411e+00  3.567828e+00 -6.830024e-02
2.244580e-02  1.554116e+02 -4.475516e+01 -1.703143e+01  4.110373e+00  1.059855e+01  3.981514e+00 -9.037234e-02
2.595722e-02  1.409812e+02 -3.970147e+01 -1.506637e+01  3.634922e+00  1.168514e+01  4.384974e+00 -1.171456e-01
2.976415e-02  1.268657e+02 -3.466448e+01 -1.310484e+01  3.160241e+00  1.272586e+01  4.768972e+00 -1.489383e-01
3.385735e-02  1.132816e+02 -2.972200e+01 -1.117748e+01  2.693757e+00  1.369913e+01  5.124895e+00 -1.859336e-01
3.822326e-02  1.004114e+02 -2.494582e+01 -9.312879e+00  2.242410e+00  1.458618e+01  5.445192e+00 -2.281582e-01
4.284407e-02  8.839791e+01 -2.039878e+01 -7.536398e+00  1.812363e+00  1.537193e+01  5.723731e+00 -2.754704e-01
4.769797e-02  7.734087e+01 -1.613252e+01 -5.869212e+00  1.408770e+00  1.604555e+01  5.956045e+00 -3.275596e-01
5.275935e-02  6.729769e+01 -1.218616e+01 -4.327728e+00  1.035636e+00  1.660073e+01  6.139463e+00 -3.839569e-01
5.799924e-02  5.828668e+01 -8.585899e+00 -2.923314e+00  6.957471e-01  1.703557e+01  6.273111e+00 -4.440557e-01
6.338567e-02  5.029251e+01 -5.345366e+00 -1.662364e+00  3.906806e-01  1.735234e+01  6.357816e+00 -5.071398e-01
6.888423e-02  4.327282e+01 -2.466701e+00 -5.466200e-01  1.208843e-01  1.755684e+01  6.395901e+00 -5.724178e-01
7.445863e-02  3.716529e+01  5.790817e-02  4.262819e-01 -1.141953e-01  1.765778e+01  6.390931e+00 -6.390580e-01
8.007127e-02  3.189448e+01  2.244374e+00  1.262134e+00 -3.159494e-01  1.766599e+01  6.347417e+00 -7.062243e-01
8.568391e-02  2.737782e+01  4.114752e+00  1.969405e+00 -4.864259e-01  1.759369e+01  6.270505e+00 -7.731080e-01
9.125831e-02  2.353069e+01  5.695325e+00  2.558488e+00 -6.281459e-01  1.745373e+01  6.165690e+00 -8.389551e-01
9.675688e-02  2.027029e+01  7.014851e+00  3.040984e+00 -7.439308e-01  1.725905e+01  6.038547e+00 -9.030876e-01
1.021433e-01  1.751840e+01  8.103050e+00  3.429074e+00 -8.367476e-01  1.702212e+01  5.894518e+00 -9.649186e-01
1.073832e-01  1.520316e+01  8.989369e+00  3.734983e+00 -9.095786e-01  1.675460e+01  5.738728e+00 -1.023960e+00
1.124446e-01  1.326001e+01  9.702047e+00  3.970562e+00 -9.653177e-01  1.646704e+01  5.575868e+00 -1.079827e+00
1.172985e-01  1.163200e+01  1.026743e+01  4.146969e+00 -1.006693e+00  1.616876e+01  5.410102e+00 -1.132234e+00
1.219193e-01  1.026963e+01  1.070957e+01  4.274461e+00 -1.036212e+00  1.586776e+01  5.245029e+00 -1.180988e+00
1.262852e-01  9.130420e+00  1.104993e+01  4.362259e+00 -1.056133e+00  1.557069e+01  5.083670e+00 -1.225984e+00
1.303784e-01  8.178243e+00  1.130742e+01  4.418495e+00 -1.068445e+00  1.528297e+01  4.928478e+00 -1.267190e+00
1.341853e-01  7.382640e+00  1.149835e+01  4.450210e+00 -1.074872e+00  1.500881e+01  4.781372e+00 -1.304639e+00
1.376967e-01  6.718077e+00  1.163662e+01  4.463392e+00 -1.076879e+00  1.475139e+01  4.643780e+00 -1.338418e+00
1.409077e-01  6.163242e+00  1.173389e+01  4.463046e+00 -1.075688e+00  1.451292e+01  4.516688e+00 -1.368653e+00
1.438175e-01  5.700405e+00  1.179981e+01  4.453278e+00 -1.072304e+00  1.429479e+01  4.400698e+00 -1.395508e+00
1.464295e-01  5.314827e+00  1.184226e+01  4.437394e+00 -1.067530e+00  1.409770e+01  4.296073e+00 -1.419169e+00
1.487507e-01  4.994262e+00  1.186756e+01  4.417990e+00 -1.061999e+00  1.392175e+01  4.202797e+00 -1.439841e+00
1.507917e-01  4.728515e+00  1.188071e+01  4.397057e+00 -1.056193e+00  1.376659e+01  4.120618e+00 -1.457739e+00
1.525662e-01  4.509077e+00  1.188558e+01  4.376069e+00 -1.050465e+00  1.363144e+01  4.049095e+00 -1.473087e+00
1.540902e-01  4.328810e+00  1.188511e+01  4.356067e+00 -1.045065e+00  1.351523e+01  3.987633e+00 -1.486112e+00
1.553821e-01  4.181695e+00  1.188149e+01  4.337739e+00 -1.040153e+00  1.341666e+01  3.935526e+00 -1.497038e+00
1.564617e-01  4.062621e+00  1.187626e+01  4.321491e+00 -1.035822e+00  1.333427e+01  3.891986e+00 -1.506088e+00
1.573500e-01  3.967217e+00  1.187051e+01  4.307505e+00 -1.032108e+00  1.326647e+01  3.856171e+00 -1.513479e+00
1.580683e-01  3.891711e+00  1.186492e+01  4.295797e+00 -1.029007e+00  1.321165e+01  3.827215e+00 -1.519420e+00
1.586383e-01  3.832834e+00  1.185989e+01  4.286258e+00 -1.026487e+00  1.316816e+01  3.804246e+00 -1.524110e+00
1.590810e-01  3.787730e+00  1.185564e+01  4.278702e+00 -1.024493e+00  1.313439e+01  3.786414e+00 -1.527739e+00
1.594164e-01  3.753901e+00  1.185222e+01  4.272889e+00 -1.022962e+00  1.310880e+01  3.772901e+00 -1.530480e+00
1.596637e-01  3.729164e+00  1.184958e+01  4.268559e+00 -1.021821e+00  1.308994e+01  3.762944e+00 -1.532497e+00
1.598401e-01  3.711617e+00  1.184765e+01  4.265445e+00 -1.021002e+00  1.307648e+01  3.755842e+00 -1.533933e+00
1.599612e-01  3.699621e+00  1.184629e+01  4.263296e+00 -1.020437e+00  1.306725e+01  3.750967e+00 -1.534917e+00
1.600405e-01  3.691782e+00  1.184539e+01  4.261883e+00 -1.020065e+00  1.306120e+01  3.747774e+00 -1.535562e+00
1.600896e-01  3.686942e+00  1.184483e+01  4.261007e+00 -1.019835e+00  1.305746e+01  3.745798e+00 -1.535960e+00
1.601178e-01  3.684162e+00  1.184450e+01  4.260502e+00 -1.019702e+00  1.305531e+01  3.744663e+00 -1.536189e+00
1.601325e-01  3.682711e+00  1.184433e+01  4.260239e+00 -1.019633e+00  1.305418e+01  3.744070e+00 -1.536309e+00
1.601392e-01  3.682048e+00  1.184425e+01  4.260118e+00 -1.019601e+00  1.305367e+01  3.743799e+00 -1.536364e+00
1.601418e-01  3.681800e+00  1.184422e+01  4.260073e+00 -1.019590e+00  1.305348e+01  3.743697e+00 -1.536384e+00
1.601424e-01  3.681732e+00  1.184422e+01  4.260061e+00 -1.019586e+00  1.305342e+01  3.743670e+00 -1.536390e+00
1.601425e-01  3.681722e+00  1.184422e+01  4.260059e+00 -1.019586e+00  1.305342e+01  3.743665e+00 -1.536390e+00
1.601426e-01  3.681720e+00  1.184422e+01  4.260059e+00 -1.019586e+00  1.305342e+01  3.743665e+00 -1.536391e+00
1.601430e-01  3.681680e+00  1.184421e+01  4.260051e+00 -1.019584e+00  1.305338e+01  3.743648e+00 -1.536394e+00
1.601458e-01  3.681405e+00  1.184418e+01  4.260001e+00 -1.019571e+00  1.305317e+01  3.743536e+00 -1.536417e+00
1.601560e-01  3.680394e+00  1.184406e+01  4.259817e+00 -1.019522e+00  1.305239e+01  3.743122e+00 -1.536500e+00
1.601834e-01  3.677701e+00  1.184374e+01  4.259327e+00 -1.019393e+00  1.305030e+01  3.742020e+00 -1.536722e+00
1.602433e-01  3.671813e+00  1.184304e+01  4.258252e+00 -1.019111e+00  1.304573e+01  3.739608e+00 -1.537208e+00
1.603581e-01  3.660564e+00  1.184169e+01  4.256186e+00 -1.018568e+00  1.303698e+01  3.734990e+00 -1.538138e+00
1.605577e-01  3.641082e+00  1.183928e+01  4.252573e+00 -1.017619e+00  1.302176e+01  3.726957e+00 -1.539754e+00
1.608803e-01  3.609807e+00  1.183527e+01  4.246679e+00 -1.016072e+00  1.299717e+01  3.713974e+00 -1.542361e+00
1.613728e-01  3.562593e+00  1.182886e+01  4.237558e+00 -1.013681e+00  1.295963e+01  3.694165e+00 -1.546328e+00
1.620903e-01  3.494921e+00  1.181888e+01  4.224005e+00 -1.010132e+00  1.290497e+01  3.665322e+00 -1.552079e+00
1.630960e-01  3.402234e+00  1.180366e+01  4.204486e+00 -1.005032e+00  1.282841e+01  3.624923e+00 -1.560086e+00
1.644606e-01  3.280420e+00  1.178078e+01  4.177060e+00 -9.978828e-01  1.272463e+01  3.570180e+00 -1.570849e+00
1.662611e-01  3.126391e+00  1.174681e+01  4.139280e+00 -9.880636e-01  1.258793e+01  3.498091e+00 -1.584869e+00
1.685795e-01  2.938724e+00  1.169705e+01  4.088103e+00 -9.748065e-01  1.241238e+01  3.405538e+00 -1.602622e+00
1.715015e-01  2.718262e+00  1.162533e+01  4.019828e+00 -9.571843e-01  1.219203e+01  3.289401e+00 -1.624515e+00
1.751145e-01  2.468531e+00  1.152392e+01  3.930103e+00 -9.341123e-01  1.192124e+01  3.146720e+00 -1.650844e+00
1.795059e-01  2.195861e+00  1.138371e+01  3.814039e+00 -9.043796e-01  1.159505e+01  2.974900e+00 -1.681749e+00
1.847607e-01  1.909085e+00  1.119467e+01  3.666475e+00 -8.667158e-01  1.120968e+01  2.771947e+00 -1.717161e+00
1.909597e-01  1.618792e+00  1.094668e+01  3.482403e+00 -8.198987e-01  1.076301e+01  2.536753e+00 -1.756761e+00
1.981774e-01  1.336214e+00  1.063069e+01  3.257557e+00 -7.629010e-01  1.025515e+01  2.269373e+00 -1.799950e+00
2.064794e-01  1.071916e+00  1.024001e+01  2.989084e+00 -6.950606e-01  9.688837e+00  1.971291e+00 -1.845828e+00
2.159211e-01  8.345563e-01  9.771652e+00  2.676230e+00 -6.162525e-01  9.069806e+00  1.645605e+00 -1.893203e+00
2.265454e-01  6.299711e-01  9.227347e+00  2.320905e+00 -5.270300e-01  8.406782e+00  1.297102e+00 -1.940627e+00
2.383811e-01  4.607658e-01  8.614091e+00  1.927991e+00 -4.287051e-01  7.711232e+00  9.321704e-01 -1.986451e+00
2.514418e-01  3.264633e-01  7.943982e+00  1.505323e+00 -3.233428e-01  6.996772e+00  5.585372e-01 -2.028924e+00
2.657247e-01  2.241124e-01  7.233378e+00  1.063279e+00 -2.136591e-01  6.278292e+00  1.848352e-01 -2.066295e+00
2.812096e-01  1.491592e-01  6.501452e+00  6.140344e-01 -1.028300e-01  5.570902e+00 -1.799570e-01 -2.096937e+00
2.978589e-01  9.635364e-02  5.768411e+00  1.705595e-01  5.763285e-03  4.888844e+00 -5.271394e-01 -2.119465e+00
3.156174e-01  6.050941e-02  5.053661e+00 -2.544678e-01  1.088161e-01  4.244520e+00 -8.488977e-01 -2.132828e+00
3.344127e-01  3.702000e-02  4.374207e+00 -6.496927e-01  2.033690e-01  3.647752e+00 -1.138816e+00 -2.136383e+00
3.541562e-01  2.212079e-02  3.743504e+00 -1.005907e+00  2.870251e-01  3.105364e+00 -1.392238e+00 -2.129924e+00
3.747436e-01  1.294412e-02  3.170864e+00 -1.316575e+00  3.580933e-01  2.621099e+00 -1.606436e+00 -2.113675e+00
3.960570e-01  7.436739e-03  2.661407e+00 -1.578032e+00  4.156464e-01  2.195831e+00 -1.780598e+00 -2.088245e+00
4.179666e-01  4.206645e-03  2.216452e+00 -1.789377e+00  4.594976e-01  1.828004e+00 -1.915646e+00 -2.054568e+00
4.403322e-01  2.352014e-03  1.834210e+00 -1.952122e+00  4.901143e-01  1.514198e+00 -2.013945e+00 -2.013813e+00
4.630064e-01  1.307911e-03  1.510607e+00 -2.069693e+00  5.084873e-01  1.249727e+00 -2.078940e+00 -1.967303e+00
4.858360e-01  7.286969e-04  1.240104e+00 -2.146864e+00  5.159811e-01  1.029194e+00 -2.114779e+00 -1.916422e+00
5.086657e-01  4.080947e-04  1.016419e+00 -2.189202e+00  5.141842e-01  8.469611e-01 -2.125958e+00 -1.862549e+00
5.313398e-01  2.281628e-04  8.331007e-01 -2.202578e+00  5.047733e-01  6.975060e-01 -2.117017e+00 -1.806984e+00
5.537055e-01  1.257027e-04  6.839411e-01 -2.192768e+00  4.894029e-01  5.756685e-01 -2.092303e+00 -1.750907e+00
5.756150e-01  6.846413e-05  5.632432e-01 -2.165164e+00  4.696223e-01  4.767988e-01 -2.055798e+00 -1.695348e+00
5.969285e-01  3.880507e-05  4.659620e-01 -2.124589e+00  4.468207e-01  3.968260e-01 -2.011019e+00 -1.641167e+00
6.175159e-01  2.480256e-05  3.877549e-01 -2.075199e+00  4.221980e-01  3.322684e-01 -1.960965e+00 -1.589056e+00
6.372593e-01  1.762769e-05  3.249648e-01 -2.020463e+00  3.967547e-01  2.802034e-01 -1.908123e+00 -1.539546e+00
6.560547e-01  1.200908e-05  2.745654e-01 -1.963183e+00  3.712979e-01  2.382143e-01 -1.854486e+00 -1.493021e+00
6.738132e-01  6.480375e-06  2.340861e-01 -1.905556e+00  3.464559e-01  2.043260e-01 -1.801608e+00 -1.449736e+00
6.904625e-01  2.027681e-06  2.015316e-01 -1.849246e+00  3.226987e-01  1.769399e-01 -1.750656e+00 -1.409839e+00
7.059474e-01 -8.576536e-08  1.753038e-01 -1.795466e+00  3.003606e-01  1.547712e-01 -1.702469e+00 -1.373384e+00
7.202302e-01  1.987035e-07  1.541306e-01 -1.745054e+00  2.796628e-01  1.367929e-01 -1.657614e+00 -1.340353e+00
7.332910e-01  1.684748e-06  1.370036e-01 -1.698547e+00  2.607344e-01  1.221872e-01 -1.616440e+00 -1.310672e+00
7.451267e-01  2.858802e-06  1.231252e-01 -1.656246e+00  2.436317e-01  1.103036e-01 -1.579122e+00 -1.284222e+00
7.557510e-01  2.845086e-06  1.118644e-01 -1.618264e+00  2.283541e-01  1.006251e-01 -1.545700e+00 -1.260848e+00
7.651927e-01  1.721893e-06  1.027217e-01 -1.584576e+00  2.148578e-01  9.273998e-02 -1.516110e+00 -1.240375e+00
7.734947e-01  1.910142e-07  9.530019e-02 -1.555052e+00  2.030670e-01  8.631966e-02 -1.490210e+00 -1.222608e+00
7.807123e-01 -9.921020e-07  8.928398e-02 -1.529489e+00  1.928828e-01  8.110086e-02 -1.467804e+00 -1.207341e+00
7.869114e-01 -1.421997e-06  8.441999e-02 -1.507627e+00  1.841901e-01  7.687156e-02 -1.448653e+00 -1.194364e+00
7.921662e-01 -1.125198e-06  8.050429e-02 -1.489173e+00  1.768637e-01  7.345990e-02 -1.432494e+00 -1.183461e+00
7.965576e-01 -4.038400e-07  7.737121e-02 -1.473811e+00  1.707724e-01  7.072542e-02 -1.419047e+00 -1.174418e+00
8.001706e-01  3.856973e-07  7.488481e-02 -1.461217e+00  1.657830e-01  6.855223e-02 -1.408023e+00 -1.167025e+00
8.030926e-01  9.887893e-07  7.293239e-02 -1.451061e+00  1.617630e-01  6.684373e-02 -1.399136e+00 -1.161077e+00
8.054110e-01  1.302928e-06  7.141954e-02 -1.443024e+00  1.585832e-01  6.551859e-02 -1.392102e+00 -1.156378e+00
8.072115e-01  1.349111e-06  7.026636e-02 -1.436795e+00  1.561200e-01  6.450772e-02 -1.386651e+00 -1.152741e+00
8.085761e-01  1.212350e-06  6.940480e-02 -1.432082e+00  1.542567e-01  6.375202e-02 -1.382527e+00 -1.149991e+00
8.095818e-01  9.883699e-07  6.877661e-02 -1.428612e+00  1.528854e-01  6.320077e-02 -1.379491e+00 -1.147968e+00
8.102992e-01  7.523099e-07  6.833196e-02 -1.426139e+00  1.519081e-01  6.281045e-02 -1.377327e+00 -1.146527e+00
8.107917e-01  5.488252e-07  6.802843e-02 -1.424443e+00  1.512379e-01  6.254393e-02 -1.375842e+00 -1.145539e+00
8.111144e-01  3.956824e-07  6.783029e-02 -1.423332e+00  1.507990e-01  6.236994e-02 -1.374870e+00 -1.144892e+00
8.113140e-01  2.926787e-07  6.770802e-02 -1.422645e+00  1.505275e-01  6.226255e-02 -1.374269e+00 -1.144492e+00
8.114287e-01  2.304987e-07  6.763782e-02 -1.422250e+00  1.503715e-01  6.220089e-02 -1.373923e+00 -1.144262e+00
8.114887e-01  1.971593e-07  6.760120e-02 -1.422043e+00  1.502901e-01  6.216872e-02 -1.373743e+00 -1.144142e+00
8.115160e-01  1.817241e-07  6.758447e-02 -1.421949e+00  1.502529e-01  6.215403e-02 -1.373660e+00 -1.144087e+00
8.115263e-01  1.759010e-07  6.757819e-02 -1.421914e+00  1.502389e-01  6.214852e-02 -1.373630e+00 -1.144066e+00
8.115291e-01  1.743139e-07  6.757649e-02 -1.421904e+00  1.502351e-01  6.214702e-02 -1.373621e+00 -1.144061e+00
8.115295e-01  1.740795e-07  6.757624e-02 -1.421903e+00  1.502345e-01  6.214680e-02 -1.373620e+00 -1.144060e+00
8.115296e-01  1.740718e-07  6.757620e-02 -1.421903e+00  1.502345e-01  6.214677e-02 -1.373620e+00 -1.144060e+00
8.115308e-01  1.740663e-07  6.757543e-02 -1.421898e+00  1.502327e-01  6.214609e-02 -1.373616e+00 -1.144057e+00
8.115394e-01  1.740293e-07  6.757020e-02 -1.421869e+00  1.502211e-01  6.214150e-02 -1.373590e+00 -1.144040e+00
8.115709e-01  1.738933e-07  6.755098e-02 -1.421761e+00  1.501783e-01  6.212461e-02 -1.373495e+00 -1.143977e+00
8.116547e-01  1.735314e-07  6.749977e-02 -1.421472e+00  1.500643e-01  6.207963e-02 -1.373243e+00 -1.143809e+00
8.118383e-01  1.727417e-07  6.738782e-02 -1.420841e+00  1.498149e-01  6.198131e-02 -1.372690e+00 -1.143442e+00
8.121899e-01  1.712387e-07  6.717393e-02 -1.419631e+00  1.493373e-01  6.179342e-02 -1.371632e+00 -1.142738e+00
8.128014e-01  1.686539e-07  6.680354e-02 -1.417529e+00  1.485071e-01  6.146800e-02 -1.369793e+00 -1.141515e+00
8.137899e-01  1.645528e-07  6.620907e-02 -1.414134e+00  1.471664e-01  6.094554e-02 -1.366822e+00 -1.139540e+00
8.152987e-01  1.584743e-07  6.531192e-02 -1.408960e+00  1.451235e-01  6.015671e-02 -1.362294e+00 -1.136533e+00
8.174968e-01  1.499969e-07  6.402656e-02 -1.401437e+00  1.421544e-01  5.902577e-02 -1.355711e+00 -1.132164e+00
8.205780e-01  1.388329e-07  6.226723e-02 -1.390923e+00  1.380069e-01  5.747628e-02 -1.346510e+00 -1.126067e+00
8.247587e-01  1.249393e-07  5.995708e-02 -1.376718e+00  1.324073e-01  5.543890e-02 -1.334080e+00 -1.117844e+00
8.302747e-01  1.086217e-07  5.703953e-02 -1.358088e+00  1.250689e-01  5.286116e-02 -1.317773e+00 -1.107082e+00
8.373776e-01  9.059329e-08  5.349060e-02 -1.334292e+00  1.157053e-01  4.971810e-02 -1.296941e+00 -1.093370e+00
8.463297e-01  7.194610e-08  4.933029e-02 -1.304627e+00  1.040459e-01  4.602234e-02 -1.270959e+00 -1.076321e+00
8.573988e-01  5.400415e-08  4.463047e-02 -1.268474e+00  8.985555e-02  4.183129e-02 -1.239274e+00 -1.055597e+00
8.708525e-01  3.806738e-08  3.951663e-02 -1.225359e+00  7.295749e-02  3.724934e-02 -1.201446e+00 -1.030940e+00
8.869516e-01  2.510865e-08  3.416139e-02 -1.175017e+00  5.325769e-02  3.242325e-02 -1.157205e+00 -1.002190e+00
9.059434e-01  1.553271e-08  2.876932e-02 -1.117455e+00  3.076996e-02  2.752997e-02 -1.106504e+00 -9.693185e-01
9.280559e-01  9.109693e-09  2.355453e-02 -1.053009e+00  5.637868e-03  2.275817e-02 -1.049559e+00 -9.324415e-01
9.534907e-01  5.133415e-09  1.871508e-02 -9.823816e-01 -2.185005e-02  1.828642e-02 -9.868870e-01 -8.918325e-01
9.824170e-01  2.743471e-09  1.440911e-02 -9.066469e-01 -5.125574e-02  1.426222e-02 -9.193123e-01 -8.479207e-01
1.014966e+00  1.252268e-09  1.073802e-02 -8.272158e-01 -8.200117e-02  1.078625e-02 -8.479452e-01 -8.012774e-01
1.051227e+00  3.069603e-10  7.740011e-03 -7.457608e-01 -1.133935e-01  7.905050e-03 -7.741295e-01 -7.525898e-01
1.091241e+00 -1.803599e-10  5.394717e-03 -6.641025e-01 -1.446648e-01  5.613026e-03 -6.993607e-01 -7.026238e-01
1.134999e+00 -2.436654e-10  3.636510e-03 -5.840742e-01 -1.750226e-01  3.862293e-03 -6.251832e-01 -6.521804e-01
1.182440e+00 -3.122081e-11  2.372348e-03 -5.073819e-01 -2.037050e-01  2.577177e-03 -5.530815e-01 -6.020498e-01
1.233448e+00  2.013982e-10  1.499538e-03 -4.354810e-01 -2.300336e-01  1.669522e-03 -4.843797e-01 -5.529693e-01
1.287854e+00  2.458898e-10  9.199416e-04 -3.694876e-01 -2.534566e-01  1.051706e-03 -4.201622e-01 -5.055883e-01
1.345437e+00  8.441594e-11  5.489721e-04 -3.101328e-01 -2.735788e-01  6.455871e-04 -3.612242e-01 -4.604437e-01
1.405925e+00 -1.214691e-10  3.195026e-04 -2.577612e-01 -2.901741e-01  3.871224e-04 -3.080554e-01 -4.179472e-01
1.468998e+00 -1.901610e-10  1.818739e-04 -2.123682e-01 -3.031824e-01  2.273874e-04 -2.608530e-01 -3.783827e-01
1.534295e+00 -8.153239e-11  1.015510e-04 -1.736631e-01 -3.126933e-01  1.312120e-04 -2.195591e-01 -3.419139e-01
1.601419e+00  8.320528e-11  5.578952e-05 -1.411457e-01 -3.189198e-01  7.461816e-05 -1.839113e-01 -3.085974e-01
1.669940e+00  1.487521e-10  3.028213e-05 -1.141839e-01 -3.221675e-01  4.197905e-05 -1.535003e-01 -2.784003e-01
1.739407e+00  6.968483e-11  1.634226e-05 -9.208358e-02 -3.228027e-01  2.347600e-05 -1.278247e-01 -2.512197e-01
1.809349e+00 -6.247068e-11  8.833442e-06 -7.414413e-02 -3.212226e-01  1.311847e-05 -1.063395e-01 -2.269012e-01
1.879292e+00 -1.202406e-10  4.797782e-06 -5.969932e-02 -3.178306e-01  7.349869e-06 -8.849477e-02 -2.052562e-01
1.948758e+00 -6.065173e-11  2.599873e-06 -4.814289e-02 -3.130163e-01  4.125642e-06 -7.376352e-02 -1.860763e-01
2.017280e+00  4.747033e-11  1.386726e-06 -3.894189e-02 -3.071411e-01  2.313867e-06 -6.166035e-02 -1.691450e-01
2.084403e+00  1.008698e-10  7.312427e-07 -3.164068e-02 -3.005298e-01  1.303106e-06 -5.175144e-02 -1.542472e-01
2.149701e+00  5.852747e-11  4.043089e-07 -2.585835e-02 -2.934651e-01  7.543540e-07 -4.365849e-02 -1.411750e-01
2.212774e+00 -3.139769e-11  2.564629e-07 -2.128228e-02 -2.861866e-01  4.633510e-07 -3.705801e-02 -1.297325e-01
2.273262e+00 -8.628828e-11  1.820357e-07 -1.765955e-02 -2.788917e-01  3.011140e-07 -3.167772e-02 -1.197382e-01
2.330845e+00 -6.398216e-11  1.213353e-07 -1.478792e-02 -2.717389e-01  1.945191e-07 -2.729133e-02 -1.110266e-01
2.385251e+00  8.943271e-12  6.027256e-08 -1.250710e-02 -2.648511e-01  1.145666e-07 -2.371264e-02 -1.034478e-01
2.436259e+00  6.958813e-11  1.215474e-08 -1.069087e-02 -2.583200e-01  5.842102e-08 -2.078964e-02 -9.686804e-02
2.483700e+00  7.338340e-11 -8.324601e-09 -9.240370e-03 -2.522109e-01  2.915776e-08 -1.839901e-02 -9.116794e-02
2.527458e+00  2.385227e-11 -1.515085e-09 -8.078427e-03 -2.465663e-01  2.305624e-08 -1.644111e-02 -8.624203e-02
2.567472e+00 -3.893031e-11  1.779892e-08 -7.144904e-03 -2.414102e-01  2.864628e-08 -1.483569e-02 -8.199715e-02
2.603732e+00 -7.269769e-11  3.194062e-08 -6.392942e-03 -2.367515e-01  3.334409e-08 -1.351818e-02 -7.835126e-02
2.636282e+00 -6.054078e-11  3.132486e-08 -5.785974e-03 -2.325867e-01  3.013458e-08 -1.243660e-02 -7.523209e-02
2.665208e+00 -1.541052e-11  1.763365e-08 -5.295385e-03 -2.289031e-01  1.947855e-08 -1.154908e-02 -7.257588e-02
2.690643e+00  3.445342e-11 -4.515631e-10 -4.898701e-03 -2.256800e-01  6.535685e-09 -1.082176e-02 -7.032633e-02
2.712755e+00  6.450630e-11 -1.400883e-08 -4.578193e-03 -2.228917e-01 -3.204007e-09 -1.022719e-02 -6.843347e-02
2.731747e+00  6.507202e-11 -1.846423e-08 -4.319793e-03 -2.205079e-01 -6.912942e-09 -9.742952e-03 -6.685284e-02
2.747846e+00  4.142268e-11 -1.436191e-08 -4.112259e-03 -2.184958e-01 -4.975408e-09 -9.350669e-03 -6.554466e-02
2.761300e+00  6.793257e-12 -5.407872e-09 -3.946528e-03 -2.168206e-01  2.225269e-10 -9.035116e-03 -6.447319e-02
2.772369e+00 -2.558449e-11  4.157593e-09 -3.815215e-03 -2.154468e-01  5.952499e-09 -8.783580e-03 -6.360618e-02
2.781321e+00 -4.740566e-11  1.136366e-08 -3.712237e-03 -2.143387e-01  1.029190e-08 -8.585341e-03 -6.291443e-02
2.788424e+00 -5.632972e-11  1.505853e-08 -3.632526e-03 -2.134615e-01  1.247780e-08 -8.431278e-03 -6.237150e-02
2.793940e+00 -5.440392e-11  1.554239e-08 -3.571816e-03 -2.127815e-01  1.267650e-08 -8.313567e-03 -6.195345e-02
2.798121e+00 -4.565945e-11  1.385406e-08 -3.526487e-03 -2.122669e-01  1.153067e-08 -8.225462e-03 -6.163866e-02
2.801202e+00 -3.414018e-11  1.114237e-08 -3.493452e-03 -2.118880e-01  9.758591e-09 -8.161135e-03 -6.140780e-02
2.803400e+00 -2.283475e-11  8.301763e-09 -3.470077e-03 -2.116179e-01  7.920915e-09 -8.115556e-03 -6.124369e-02
2.804909e+00 -1.341483e-11  5.860354e-09 -3.454124e-03 -2.114326e-01  6.348163e-09 -8.084420e-03 -6.113132e-02
2.805897e+00 -6.454773e-12  4.025950e-09 -3.443712e-03 -2.113112e-01  5.168918e-09 -8.064086e-03 -6.105782e-02
2.806509e+00 -1.821874e-12  2.793291e-09 -3.437288e-03 -2.112362e-01  4.377386e-09 -8.051534e-03 -6.101241e-02
2.806861e+00  9.586316e-13  2.049570e-09 -3.433600e-03 -2.111930e-01  3.900105e-09 -8.044326e-03 -6.098631e-02
2.807044e+00  2.444856e-12  1.650918e-09 -3.431675e-03 -2.111705e-01  3.644351e-09 -8.040565e-03 -6.097269e-02
2.807128e+00  3.131887e-12  1.466381e-09 -3.430797e-03 -2.111602e-01  3.525979e-09 -8.038847e-03 -6.096647e-02
2.807159e+00  3.390910e-12  1.396766e-09 -3.430467e-03 -2.111563e-01  3.481327e-09 -8.038203e-03 -6.096414e-02
2.807168e+00  3.461493e-12  1.377792e-09 -3.430377e-03 -2.111553e-01  3.469158e-09 -8.038027e-03 -6.096350e-02
2.807169e+00  3.471915e-12  1.374990e-09 -3.430364e-03 -2.111551e-01  3.467361e-09 -8.038002e-03 -6.096341e-02
2.807169e+00  3.472245e-12  1.374898e-09 -3.430362e-03 -2.111551e-01  3.467299e-09 -8.037998e-03 -6.096339e-02
2.807174e+00  3.472025e-12  1.374848e-09 -3.430316e-03 -2.111546e-01  3.467178e-09 -8.037907e-03 -6.096307e-02
2.807204e+00  3.470538e-12  1.374506e-09 -3.430003e-03 -2.111509e-01  3.466362e-09 -8.037296e-03 -6.096085e-02
2.807313e+00  3.465072e-12  1.373252e-09 -3.428853e-03 -2.111374e-01  3.463363e-09 -8.035049e-03 -6.095271e-02
2.807606e+00  3.450532e-12  1.369914e-09 -3.425790e-03 -2.111015e-01  3.455380e-09 -8.029061e-03 -6.093101e-02
2.808246e+00  3.418866e-12  1.362635e-09 -3.419096e-03 -2.110230e-01  3.437968e-09 -8.015972e-03 -6.088356e-02
2.809473e+00  3.358804e-12  1.348791e-09 -3.406311e-03 -2.108725e-01  3.404844e-09 -7.990964e-03 -6.079279e-02
2.811606e+00  3.256160e-12  1.325016e-09 -3.384189e-03 -2.106111e-01  3.347933e-09 -7.947657e-03 -6.063528e-02
2.815055e+00  3.095019e-12  1.287384e-09 -3.348732e-03 -2.101887e-01  3.257778e-09 -7.878147e-03 -6.038159e-02
2.820318e+00  2.860168e-12  1.231816e-09 -3.295334e-03 -2.095449e-01  3.124479e-09 -7.773240e-03 -5.999666e-02
2.827987e+00  2.540968e-12  1.154753e-09 -3.219068e-03 -2.086088e-01  2.939261e-09 -7.622926e-03 -5.944071e-02
2.838736e+00  2.136449e-12  1.054105e-09 -3.115140e-03 -2.073004e-01  2.696660e-09 -7.417158e-03 -5.867096e-02
2.853321e+00  1.660646e-12  9.303177e-10 -2.979500e-03 -2.055323e-01  2.397060e-09 -7.146914e-03 -5.764410e-02
2.872564e+00  1.146228e-12  7.873273e-10 -2.809578e-03 -2.032124e-01  2.048966e-09 -6.805521e-03 -5.631949e-02
2.897343e+00  6.437354e-13  6.329611e-10 -2.605041e-03 -2.002474e-01  1.670094e-09 -6.390075e-03 -5.466303e-02
2.928573e+00  2.139746e-13  4.783614e-10 -2.368437e-03 -1.965474e-01  1.286245e-09 -5.902768e-03 -5.265134e-02
2.967189e+00 -8.700027e-14  3.361724e-10 -2.105525e-03 -1.920315e-01  9.273549e-10 -5.351796e-03 -5.027580e-02
3.014123e+00 -2.271271e-13  2.176887e-10 -1.825140e-03 -1.866338e-01  6.210714e-10 -4.751559e-03 -4.754582e-02
3.070287e+00 -2.143424e-13  1.297789e-10 -1.538489e-03 -1.803109e-01  3.856130e-10 -4.121922e-03 -4.449082e-02
3.136542e+00 -9.983694e-14  7.284782e-11 -1.257912e-03 -1.730486e-01  2.247214e-10 -3.486476e-03 -4.116029e-02
3.213683e+00  3.771493e-14  4.100732e-11 -9.953140e-04 -1.648684e-01  1.273942e-10 -2.869991e-03 -3.762167e-02
3.302415e+00  1.239704e-13  2.474387e-11 -7.605886e-04 -1.558318e-01  7.324830e-11 -2.295501e-03 -3.395609e-02
3.403327e+00  1.224938e-13  1.501624e-11 -5.604052e-04 -1.460422e-01  4.139656e-11 -1.781593e-03 -3.025244e-02
3.516879e+00  5.045707e-14  6.682149e-12 -3.976313e-04 -1.356430e-01  1.834572e-11 -1.340473e-03 -2.660047e-02
3.643378e+00 -3.580265e-14 -6.675177e-13 -2.714882e-04 -1.248118e-01  6.050115e-13 -9.771950e-04 -2.308393e-02
3.782971e+00 -7.897871e-14 -4.818400e-12 -1.783213e-04 -1.137506e-01 -9.082611e-12 -6.901050e-04 -1.977471e-02
3.935625e+00 -5.838983e-14 -4.316550e-12 -1.127123e-04 -1.026731e-01 -8.621732e-12 -4.722668e-04 -1.672859e-02
4.101127e+00 -5.112803e-16 -5.392817e-13 -6.861896e-05 -9.179079e-02 -1.128274e-12 -3.134157e-04 -1.398310e-02
4.279073e+00  4.523969e-14  3.049503e-12 -4.029530e-05 -8.129947e-02  6.201957e-12 -2.019458e-04 -1.155740e-02
4.468875e+00  4.621920e-14  3.613622e-12 -2.286766e-05 -7.136747e-02  7.437065e-12 -1.265442e-04 -9.453978e-03
4.669759e+00  9.846727e-15  1.134487e-12 -1.256805e-05 -6.212750e-02  2.402271e-12 -7.727488e-05 -7.661449e-03
4.880776e+00 -2.750235e-14 -1.871411e-12 -6.705232e-06 -5.367227e-02 -3.802289e-12 -4.609836e-05 -6.158109e-03
5.100813e+00 -3.435145e-14 -2.769355e-12 -3.483931e-06 -4.605414e-02 -5.723478e-12 -2.693976e-05 -4.915511e-03
5.328610e+00 -1.006061e-14 -1.099086e-12 -1.772908e-06 -3.928813e-02 -2.328705e-12 -1.547072e-05 -3.901742e-03
5.562778e+00  1.889007e-14  1.283972e-12 -8.912857e-07 -3.335737e-02  2.606817e-12 -8.760364e-06 -3.084127e-03
5.801821e+00  2.594680e-14  2.147053e-12 -4.456819e-07 -2.822000e-02  4.450381e-12 -4.909683e-06 -2.431241e-03
6.044160e+00  8.135494e-15  9.302270e-13 -2.200433e-07 -2.381649e-02  1.978480e-12 -2.734101e-06 -1.914249e-03
6.288163e+00 -1.458725e-14 -9.697166e-13 -1.041836e-07 -2.007650e-02 -1.964548e-12 -1.518706e-06 -1.507651e-03
6.532165e+00 -2.065011e-14 -1.727853e-12 -4.618705e-08 -1.692486e-02 -3.586971e-12 -8.443780e-07 -1.189565e-03
6.774505e+00 -6.715999e-15 -8.033763e-13 -2.097466e-08 -1.428633e-02 -1.714749e-12 -4.714615e-07 -9.416721e-04
7.013547e+00  1.183083e-14  7.494480e-13 -1.296898e-08 -1.208900e-02  1.508744e-12 -2.654471e-07 -7.489470e-04
7.247715e+00  1.744000e-14  1.452203e-12 -1.059756e-08 -1.026658e-02  3.012063e-12 -1.515430e-07 -5.992756e-04
7.475513e+00  6.494837e-15  7.783487e-13 -7.185072e-09 -8.759651e-03  1.659254e-12 -8.821568e-08 -4.830253e-04
7.695550e+00 -9.401872e-15 -5.217906e-13 -1.888197e-09 -7.516132e-03 -1.033357e-12 -5.246867e-08 -3.926236e-04
7.906566e+00 -1.572460e-14 -1.256862e-12  2.460037e-09 -6.491209e-03 -2.596833e-12 -3.178231e-08 -3.221710e-04
8.107450e+00 -7.934465e-15 -8.682744e-13  3.285554e-09 -5.646874e-03 -1.838849e-12 -1.953251e-08 -2.671036e-04
8.297252e+00  6.126285e-15  2.071350e-13  8.153579e-10 -4.951274e-03  3.733707e-13 -1.224054e-08 -2.239089e-04
8.475199e+00  1.444035e-14  1.045970e-12 -2.370452e-09 -4.377957e-03  2.138091e-12 -7.959260e-09 -1.898929e-04
8.640700e+00  1.094440e-14  1.033501e-12 -3.663254e-09 -3.905123e-03  2.161351e-12 -5.462542e-09 -1.629933e-04
8.793354e+00 -7.672161e-16  2.674249e-13 -2.325516e-09 -3.514897e-03  6.114971e-13 -3.940288e-09 -1.416320e-04
8.932947e+00 -1.161362e-14 -6.419714e-13  3.918262e-10 -3.192676e-03 -1.270673e-12 -2.908163e-09 -1.246008e-04
9.059447e+00 -1.426642e-14 -1.084955e-12  2.548422e-09 -2.926558e-03 -2.221948e-12 -2.139213e-09 -1.109729e-04
9.172998e+00 -7.669562e-15 -8.443050e-13  2.936649e-09 -2.706848e-03 -1.772422e-12 -1.562603e-09 -1.000356e-04
9.273910e+00  3.486924e-15 -1.410143e-13  1.641989e-09 -2.525641e-03 -3.542994e-13 -1.161824e-09 -9.123888e-05
9.362642e+00  1.265132e-14  5.944267e-13 -3.474155e-10 -2.376478e-03  1.158023e-12 -9.134616e-10 -8.415604e-05
9.439784e+00  1.535825e-14  1.004115e-12 -1.931204e-09 -2.254062e-03  2.025963e-12 -7.742621e-10 -7.845416e-05
9.506039e+00  1.097513e-14  9.609512e-13 -2.490219e-09 -2.154031e-03  1.976618e-12 -6.956801e-10 -7.387153e-05
9.562202e+00  2.016888e-15  5.606471e-13 -2.027928e-09 -2.072763e-03  1.193113e-12 -6.408401e-10 -7.020076e-05
9.609136e+00 -7.796667e-15  1.180076e-14 -9.589246e-10 -2.007235e-03  9.392353e-14 -5.910355e-10 -6.727582e-05
9.647752e+00 -1.536324e-14 -4.843795e-13  2.094028e-10 -1.954897e-03 -9.121115e-13 -5.421135e-10 -6.496247e-05
9.678982e+00 -1.912766e-14 -8.059855e-13  1.108023e-09 -1.913581e-03 -1.574026e-12 -4.969499e-10 -6.315085e-05
9.703762e+00 -1.907892e-14 -9.232122e-13  1.585368e-09 -1.881430e-03 -1.826915e-12 -4.592994e-10 -6.175005e-05
9.723005e+00 -1.620069e-14 -8.723992e-13  1.669587e-09 -1.856840e-03 -1.740668e-12 -4.309240e-10 -6.068401e-05
9.737589e+00 -1.181495e-14 -7.185903e-13  1.483377e-09 -1.838420e-03 -1.444576e-12 -4.113501e-10 -5.988851e-05
9.748339e+00 -7.097460e-15 -5.254516e-13  1.166268e-09 -1.824963e-03 -1.066319e-12 -3.988035e-10 -5.930900e-05
9.756007e+00 -2.846765e-15 -3.393208e-13  8.284522e-10 -1.815424e-03 -6.993487e-13 -3.912114e-10 -5.889906e-05
9.761270e+00  5.406269e-16 -1.856369e-13  5.358469e-10 -1.808905e-03 -3.953336e-13 -3.868077e-10 -5.861933e-05
9.764719e+00  2.981199e-15 -7.265444e-14  3.150705e-10 -1.804647e-03 -1.714184e-13 -3.843303e-10 -5.843679e-05
9.766852e+00  4.582315e-15  2.336193e-15  1.663657e-10 -1.802018e-03 -2.264017e-14 -3.829739e-10 -5.832417e-05
9.768079e+00  5.535387e-15  4.727061e-14  7.652666e-11 -1.800509e-03  6.656087e-14 -3.822582e-10 -5.825951e-05
9.768719e+00  6.042577e-15  7.126811e-14  2.833681e-11 -1.799721e-03  1.142144e-13 -3.819036e-10 -5.822578e-05
9.769012e+00  6.276527e-15  8.235666e-14  6.021860e-12 -1.799361e-03  1.362372e-13 -3.817461e-10 -5.821038e-05
9.769122e+00  6.364649e-15  8.653649e-14 -2.397472e-12 -1.799226e-03  1.445392e-13 -3.816877e-10 -5.820460e-05
9.769151e+00  6.388654e-15  8.767541e-14 -4.692296e-12 -1.799189e-03  1.468014e-13 -3.816719e-10 -5.820303e-05
9.769156e+00  6.392198e-15  8.784358e-14 -5.031173e-12 -1.799184e-03  1.471354e-13 -3.816696e-10 -5.820279e-05
9.769157e+00  6.392298e-15  8.784883e-14 -5.042124e-12 -1.799183e-03  1.471459e-13 -3.816690e-10 -5.820275e-05
9.769176e+00  6.391839e-15  8.784288e-14 -5.041883e-12 -1.799159e-03  1.471359e-13 -3.816531e-10 -5.820175e-05
9.769305e+00  6.388730e-15  8.780256e-14 -5.040246e-12 -1.799000e-03  1.470680e-13 -3.815453e-10 -5.819493e-05
9.769782e+00  6.377309e-15  8.765447e-14 -5.034232e-12 -1.798414e-03  1.468186e-13 -3.811492e-10 -5.816987e-05
9.771053e+00  6.346933e-15  8.726055e-14 -5.018229e-12 -1.796853e-03  1.461552e-13 -3.800952e-10 -5.810312e-05
9.773833e+00  6.280802e-15  8.640280e-14 -4.983354e-12 -1.793442e-03  1.447109e-13 -3.777973e-10 -5.795730e-05
9.779159e+00  6.155464e-15  8.477654e-14 -4.917122e-12 -1.786927e-03  1.419727e-13 -3.734302e-10 -5.767906e-05
9.788423e+00  5.941563e-15  8.199938e-14 -4.803673e-12 -1.775653e-03  1.372973e-13 -3.659401e-10 -5.719835e-05
9.803397e+00  5.606543e-15  7.764494e-14 -4.624872e-12 -1.757579e-03  1.299685e-13 -3.541099e-10 -5.642980e-05
9.826253e+00  5.120092e-15  7.131120e-14 -4.362643e-12 -1.730353e-03  1.193128e-13 -3.366999e-10 -5.527689e-05
9.859551e+00  4.462732e-15  6.272887e-14 -4.002749e-12 -1.691450e-03  1.048831e-13 -3.126796e-10 -5.363983e-05
9.906227e+00  3.636916e-15  5.190249e-14 -3.539873e-12 -1.638404e-03  8.669735e-14 -2.815428e-10 -5.142741e-05
9.969557e+00  2.678305e-15  3.925567e-14 -2.983150e-12 -1.569113e-03  6.548276e-14 -2.436598e-10 -4.857260e-05
1.005312e+01  1.662646e-15  2.572445e-14 -2.360406e-12 -1.482210e-03  4.283045e-14 -2.005660e-10 -4.505011e-05
1.016071e+01  7.022321e-16  1.272306e-14 -1.718658e-12 -1.377442e-03  2.113194e-14 -1.550421e-10 -4.089275e-05
1.029632e+01 -7.327956e-17  1.915367e-15 -1.118448e-12 -1.256007e-03  3.185184e-15 -1.108378e-10 -3.620214e-05
1.046400e+01 -5.519903e-16 -5.216944e-15 -6.211749e-13 -1.120720e-03 -8.541794e-15 -7.197078e-11 -3.114893e-05
1.066781e+01 -6.822824e-16 -7.910328e-15 -2.716941e-13 -9.759721e-04 -1.281642e-14 -4.170991e-11 -2.595915e-05
1.091168e+01 -5.047305e-16 -6.541465e-15 -8.224717e-14 -8.273832e-04 -1.034221e-14 -2.156562e-11 -2.088672e-05
1.119938e+01 -1.521517e-16 -2.669988e-15 -2.587372e-14 -6.812048e-04 -3.804520e-15 -1.075286e-11 -1.617682e-05
1.153435e+01  1.937809e-16  1.456384e-15 -4.532733e-14 -5.435411e-04  2.997567e-15 -6.501771e-12 -1.202863e-05
1.191965e+01  3.780884e-16  3.820527e-15 -7.641447e-14 -4.195570e-04  6.721885e-15 -5.224149e-12 -8.567566e-06
1.235784e+01  3.440039e-16  3.553665e-15 -7.556290e-14 -3.128513e-04  6.018408e-15 -4.039977e-12 -5.834411e-06
1.285091e+01  1.563498e-16  1.305900e-15 -3.645540e-14 -2.251348e-04  2.101153e-15 -1.852967e-12 -3.792970e-06
1.340020e+01 -4.478989e-17 -1.235237e-15  1.492703e-14 -1.562694e-04 -2.134181e-15  6.591553e-13 -2.351627e-06
1.400635e+01 -1.364846e-16 -2.449176e-15  4.424783e-14 -1.046188e-04 -4.013484e-15  2.109647e-12 -1.390373e-06
1.466922e+01 -9.093154e-17 -1.806701e-15  3.560446e-14 -6.758377e-05 -2.783080e-15  1.759388e-12 -7.852252e-07
1.538787e+01  1.703224e-17 -1.030393e-16  2.190186e-15 -4.216840e-05  8.981343e-17  1.787006e-13 -4.253557e-07
1.616056e+01  7.845466e-17  1.259647e-15 -2.629121e-14 -2.545003e-05  2.222621e-15 -1.233921e-12 -2.221883e-07
1.698474e+01  4.022075e-17  1.371924e-15 -2.831761e-14 -1.488757e-05  2.193238e-15 -1.405283e-12 -1.119461e-07
1.785703e+01 -5.667021e-17  4.302487e-16 -6.655715e-15 -8.462169e-06  4.939463e-16 -4.058890e-13 -5.354171e-08
1.877332e+01 -1.202271e-16 -5.874252e-16  1.690174e-14 -4.686958e-06 -1.140428e-15  7.451118e-13 -2.343219e-08
1.972878e+01 -9.148230e-17 -8.360525e-16  2.213270e-14 -2.537061e-06 -1.341972e-15  1.053136e-12 -9.193536e-09
2.071794e+01  5.595841e-18 -2.838148e-16  7.365491e-15 -1.346244e-06 -2.079203e-16  3.934924e-13 -3.868715e-09
2.173476e+01  9.007731e-17  3.971541e-16 -1.154751e-14 -7.028757e-07  1.007004e-15 -4.988220e-13 -2.688008e-09
2.277275e+01  9.789262e-17  5.400886e-16 -1.744837e-14 -3.630272e-07  1.174722e-15 -7.948859e-13 -2.306290e-09
2.382505e+01  3.456554e-17  8.838634e-17 -7.158536e-15 -1.868211e-07  2.899802e-16 -3.217290e-13 -1.218785e-09
2.488458e+01 -3.757291e-17 -4.357639e-16  7.696414e-15 -9.634298e-08 -6.874747e-16  3.766226e-13  2.711243e-10
2.594410e+01 -5.925044e-17 -4.892051e-16  1.316417e-14 -4.968980e-08 -8.517792e-16  6.321919e-13  1.095412e-09
2.699641e+01 -2.293572e-17 -1.529552e-17  5.704024e-15 -2.535229e-08 -1.790806e-16  2.732560e-13  7.319345e-10
2.803440e+01  3.036964e-17  5.545700e-16 -6.260655e-15 -1.273319e-08  5.751528e-16 -2.933150e-13 -2.893225e-10
2.905122e+01  5.506315e-17  7.387343e-16 -1.162898e-14 -6.511669e-09  6.887000e-16 -5.310013e-13 -9.574509e-10
3.004038e+01  4.035098e-17  4.298563e-16 -6.755553e-15 -3.683869e-09  1.490497e-16 -2.689472e-13 -7.213024e-10
3.099584e+01  1.176929e-17 -6.398708e-17  2.612841e-15 -2.380065e-09 -4.075876e-16  2.026139e-13  1.084970e-10
3.191213e+01  7.903654e-19 -3.344713e-16  7.817479e-15 -1.553504e-09 -3.403812e-16  4.521314e-13  7.611765e-10
3.278442e+01  1.513312e-17 -2.162105e-16  5.078291e-15 -8.350782e-10  4.188170e-16  2.932063e-13  7.236022e-10
3.360859e+01  3.534181e-17  1.299218e-16 -2.205079e-15 -2.646248e-10  1.343296e-15 -9.989056e-14  1.133400e-10
3.438128e+01  3.563977e-17  4.068670e-16 -7.428773e-15  3.191160e-11  1.780382e-15 -3.897196e-13 -5.258164e-10
3.509994e+01  7.137846e-18  4.351786e-16 -6.530288e-15  4.629692e-11  1.456532e-15 -3.642433e-13 -7.170244e-10
3.576280e+01 -3.587849e-17  2.606176e-16 -6.389268e-16 -9.482360e-11  6.244942e-16 -7.339620e-14 -3.861880e-10
3.636895e+01 -6.835015e-17  7.036998e-17  5.658815e-15 -2.289906e-10 -1.853918e-16  2.537648e-13  1.699493e-10
3.691825e+01 -7.271808e-17  2.722868e-17  8.127855e-15 -2.572363e-10 -5.500676e-16  3.988421e-13  5.642687e-10
3.741132e+01 -4.904906e-17  1.601778e-16  5.592912e-15 -1.756886e-10 -3.855162e-16  2.926908e-13  5.867606e-10
3.784951e+01 -1.219504e-17  3.706076e-16  4.004662e-17 -4.347525e-11  8.248760e-17  2.543296e-14  2.869957e-10
3.823481e+01  1.900758e-17  5.179961e-16 -5.217177e-15  7.078086e-11  5.177681e-16 -2.414296e-13 -1.226621e-10
3.856978e+01  3.201381e-17  5.091284e-16 -7.627373e-15  1.263775e-10  6.768524e-16 -3.785650e-13 -4.262302e-10
3.885747e+01  2.482400e-17  3.375925e-16 -6.477862e-15  1.193231e-10  5.028053e-16 -3.444133e-13 -5.133095e-10
3.910135e+01  3.937841e-18  6.750099e-17 -2.718671e-15  7.057003e-11  9.775087e-17 -1.794069e-13 -3.973236e-10
3.930515e+01 -2.083130e-17 -2.116177e-16  1.934204e-15  8.306919e-12 -3.689099e-16  3.621901e-14 -1.681247e-10
3.947283e+01 -4.114261e-17 -4.268332e-16  5.919081e-15 -4.516425e-11 -7.492388e-16  2.271018e-13  7.171935e-11
3.960844e+01 -5.257904e-17 -5.428384e-16  8.347791e-15 -7.860019e-11 -9.640709e-16  3.487456e-13  2.507097e-10
3.971604e+01 -5.469491e-17 -5.611943e-16  9.066300e-15 -9.074131e-11 -1.005846e-15  3.914565e-13  3.417145e-10
3.979960e+01 -4.965505e-17 -5.069197e-16  8.427144e-15 -8.638264e-11 -9.146772e-16  3.701058e-13  3.529345e-10
3.986293e+01 -4.058490e-17 -4.127733e-16  6.986837e-15 -7.236170e-11 -7.483801e-16  3.099226e-13  3.104337e-10
3.990960e+01 -3.033888e-17 -3.077388e-16  5.270562e-15 -5.483820e-11 -5.598315e-16  2.352440e-13  2.427624e-10
3.994290e+01 -2.089823e-17 -2.115849e-16  3.651872e-15 -3.807423e-11 -3.858054e-16  1.636399e-13  1.720643e-10
3.996576e+01 -1.328465e-17 -1.343329e-16  2.330211e-15 -2.431643e-11 -2.453247e-16  1.046787e-13  1.113794e-10
3.998073e+01 -7.761710e-18 -7.842234e-17  1.364685e-15 -1.424635e-11 -1.433618e-16  6.140100e-14  6.581412e-11
3.999000e+01 -4.124153e-18 -4.164883e-17  7.261568e-16 -7.581787e-12 -7.618382e-17  3.270252e-14  3.520779e-11
3.999532e+01 -1.954055e-18 -1.972797e-17  3.443370e-16 -3.595458e-12 -3.609892e-17  1.551546e-14  1.674564e-11
3.999810e+01 -7.978250e-19 -8.053590e-18  1.406489e-16 -1.468653e-12 -1.473942e-17  6.339229e-15  6.850638e-12
3.999937e+01 -2.641815e-19 -2.666584e-18  4.658156e-17 -4.864091e-13 -4.880701e-18  2.099752e-15  2.270472e-12
3.999985e+01 -6.312393e-20 -6.371416e-19  1.113106e-17 -1.162321e-13 -1.166209e-18  5.017772e-16  5.426925e-13
3.999998e+01 -8.349181e-21 -8.427190e-20  1.472295e-18 -1.537392e-14 -1.542506e-19  6.637044e-17  7.178659e-14
4.000000e+01 -2.615620e-22 -2.640056e-21  4.612398e-20 -4.816335e-16 -4.832343e-21  2.079254e-18  2.248951e-15
