376 3
 0 0 1
 2 2 4
 -1.869082e+01 -8.205996e-01 -2.895125e-01
0.000000e+00 -4.285298e+01  1.005558e+01 -1.357137e-12
3.278564e-09 -4.285297e+01  1.005558e+01 -4.941092e-08
1.046582e-07 -4.285294e+01  1.005557e+01 -1.577251e-06
7.915214e-07 -4.285270e+01  1.005552e+01 -1.192858e-05
3.316517e-06 -4.285184e+01  1.005531e+01 -4.998087e-05
1.004733e-05 -4.284953e+01  1.005477e+01 -1.514121e-04
2.477810e-05 -4.284448e+01  1.005359e+01 -3.733811e-04
5.299135e-05 -4.283481e+01  1.005132e+01 -7.984363e-04
1.020609e-04 -4.281800e+01  1.004737e+01 -1.537480e-03
1.813877e-04 -4.279084e+01  1.004100e+01 -2.731619e-03
3.024627e-04 -4.274941e+01  1.003127e+01 -4.552750e-03
4.788527e-04 -4.268914e+01  1.001712e+01 -7.202738e-03
7.261078e-04 -4.260479e+01  9.997312e+00 -1.091107e-02
1.061591e-03 -4.249061e+01  9.970485e+00 -1.593093e-02
1.504231e-03 -4.234045e+01  9.935181e+00 -2.253358e-02
2.074209e-03 -4.214789e+01  9.889875e+00 -3.100127e-02
2.792580e-03 -4.190647e+01  9.833020e+00 -4.161855e-02
3.680838e-03 -4.160991e+01  9.763097e+00 -5.466244e-02
4.760448e-03 -4.125237e+01  9.678670e+00 -7.039160e-02
6.052333e-03 -4.082866e+01  9.578444e+00 -8.903510e-02
7.576358e-03 -4.033455e+01  9.461322e+00 -1.107812e-01
9.350803e-03 -3.976698e+01  9.326460e+00 -1.357665e-01
1.139185e-02 -3.912429e+01  9.173317e+00 -1.640673e-01
1.371307e-02 -3.840635e+01  9.001695e+00 -1.956914e-01
1.632504e-02 -3.761470e+01  8.811767e+00 -2.305737e-01
1.923484e-02 -3.675259e+01  8.604095e+00 -2.685739e-01
2.244580e-02 -3.582490e+01  8.379628e+00 -3.094781e-01
2.595722e-02 -3.483809e+01  8.139687e+00 -3.530025e-01
2.976415e-02 -3.379999e+01  7.885932e+00 -3.988016e-01
3.385735e-02 -3.271955e+01  7.620317e+00 -4.464780e-01
3.822326e-02 -3.160656e+01  7.345034e+00 -4.955950e-01
4.284407e-02 -3.047136e+01  7.062446e+00 -5.456903e-01
4.769797e-02 -2.932448e+01  6.775018e+00 -5.962902e-01
5.275935e-02 -2.817632e+01  6.485243e+00 -6.469243e-01
5.799924e-02 -2.703689e+01  6.195580e+00 -6.971384e-01
6.338567e-02 -2.591554e+01  5.908385e+00 -7.465067e-01
6.888423e-02 -2.482074e+01  5.625863e+00 -7.946411e-01
7.445863e-02 -2.375996e+01  5.350022e+00 -8.411991e-01
8.007127e-02 -2.273957e+01  5.082643e+00 -8.858887e-01
8.568391e-02 -2.176478e+01  4.825260e+00 -9.284709e-01
9.125831e-02 -2.083968e+01  4.579151e+00 -9.687602e-01
9.675688e-02 -1.996724e+01  4.345334e+00 -1.006623e+00
1.021433e-01 -1.914944e+01  4.124579e+00 -1.041975e+00
1.073832e-01 -1.838732e+01  3.917420e+00 -1.074777e+00
1.124446e-01 -1.768111e+01  3.724176e+00 -1.105029e+00
1.172985e-01 -1.703034e+01  3.544969e+00 -1.132765e+00
1.219193e-01 -1.643395e+01  3.379748e+00 -1.158047e+00
1.262852e-01 -1.589040e+01  3.228316e+00 -1.180962e+00
1.303784e-01 -1.539776e+01  3.090347e+00 -1.201613e+00
1.341853e-01 -1.495381e+01  2.965409e+00 -1.220118e+00
1.376967e-01 -1.455611e+01  2.852988e+00 -1.236602e+00
1.409077e-01 -1.420204e+01  2.752496e+00 -1.251196e+00
1.438175e-01 -1.388891e+01  2.663297e+00 -1.264035e+00
1.464295e-01 -1.361392e+01  2.584709e+00 -1.275253e+00
1.487507e-01 -1.337429e+01  2.516025e+00 -1.284984e+00
1.507917e-01 -1.316719e+01  2.456517e+00 -1.293357e+00
1.525662e-01 -1.298985e+01  2.405445e+00 -1.300500e+00
1.540902e-01 -1.283951e+01  2.362068e+00 -1.306534e+00
1.553821e-01 -1.271348e+01  2.325648e+00 -1.311576e+00
1.564617e-01 -1.260915e+01  2.295455e+00 -1.315740e+00
1.573500e-01 -1.252397e+01  2.270779e+00 -1.319132e+00
1.580683e-01 -1.245552e+01  2.250930e+00 -1.321853e+00
1.586383e-01 -1.240149e+01  2.235250e+00 -1.323998e+00
1.590810e-01 -1.235969e+01  2.223115e+00 -1.325655e+00
1.594164e-01 -1.232811e+01  2.213942e+00 -1.326906e+00
1.596637e-01 -1.230489e+01  2.207195e+00 -1.327825e+00
1.598401e-01 -1.228835e+01  2.202388e+00 -1.328479e+00
1.599612e-01 -1.227701e+01  2.199092e+00 -1.328927e+00
1.600405e-01 -1.226959e+01  2.196934e+00 -1.329221e+00
1.600896e-01 -1.226500e+01  2.195600e+00 -1.329402e+00
1.601178e-01 -1.226236e+01  2.194833e+00 -1.329507e+00
1.601325e-01 -1.226099e+01  2.194432e+00 -1.329561e+00
1.601392e-01 -1.226036e+01  2.194250e+00 -1.329586e+00
1.601418e-01 -1.226012e+01  2.194181e+00 -1.329595e+00
1.601424e-01 -1.226006e+01  2.194162e+00 -1.329598e+00
1.601425e-01 -1.226005e+01  2.194159e+00 -1.329598e+00
1.601426e-01 -1.226005e+01  2.194159e+00 -1.329598e+00
1.601430e-01 -1.226001e+01  2.194148e+00 -1.329600e+00
1.601458e-01 -1.225975e+01  2.194072e+00 -1.329610e+00
1.601560e-01 -1.225879e+01  2.193793e+00 -1.329648e+00
1.601834e-01 -1.225623e+01  2.193049e+00 -1.329749e+00
1.602433e-01 -1.225063e+01  2.191421e+00 -1.329970e+00
1.603581e-01 -1.223992e+01  2.188306e+00 -1.330394e+00
1.605577e-01 -1.222131e+01  2.182893e+00 -1.331129e+00
1.608803e-01 -1.219128e+01  2.174157e+00 -1.332314e+00
1.613728e-01 -1.214561e+01  2.160862e+00 -1.334115e+00
1.620903e-01 -1.207938e+01  2.141571e+00 -1.336723e+00
1.630960e-01 -1.198718e+01  2.114688e+00 -1.340345e+00
1.644606e-01 -1.186324e+01  2.078504e+00 -1.345201e+00
1.662611e-01 -1.170173e+01  2.031272e+00 -1.351503e+00
1.685795e-01 -1.149711e+01  1.971296e+00 -1.359444e+00
1.715015e-01 -1.124449e+01  1.897037e+00 -1.369180e+00
1.751145e-01 -1.094003e+01  1.807231e+00 -1.380804e+00
1.795059e-01 -1.058144e+01  1.701007e+00 -1.394332e+00
1.847607e-01 -1.016825e+01  1.577998e+00 -1.409681e+00
1.909597e-01 -9.702173e+00  1.438436e+00 -1.426655e+00
1.981774e-01 -9.187188e+00  1.283213e+00 -1.444936e+00
2.064794e-01 -8.629558e+00  1.113899e+00 -1.464089e+00
2.159211e-01 -8.037590e+00  9.327163e-01 -1.483568e+00
2.265454e-01 -7.421253e+00  7.424628e-01 -1.502743e+00
2.383811e-01 -6.791627e+00  5.463856e-01 -1.520922e+00
2.514418e-01 -6.160255e+00  3.480205e-01 -1.537399e+00
2.657247e-01 -5.538470e+00  1.510069e-01 -1.551485e+00
2.812096e-01 -4.936752e+00 -4.110406e-02 -1.562556e+00
2.978589e-01 -4.364190e+00 -2.250298e-01 -1.570088e+00
3.156174e-01 -3.828092e+00 -3.979106e-01 -1.573685e+00
3.344127e-01 -3.333772e+00 -5.574253e-01 -1.573102e+00
3.541562e-01 -2.884505e+00 -7.018609e-01 -1.568248e+00
3.747436e-01 -2.481650e+00 -8.301365e-01 -1.559186e+00
3.960570e-01 -2.124876e+00 -9.417835e-01 -1.546120e+00
4.179666e-01 -1.812477e+00 -1.036891e+00 -1.529374e+00
4.403322e-01 -1.541717e+00 -1.116024e+00 -1.509366e+00
4.630064e-01 -1.309165e+00 -1.180134e+00 -1.486584e+00
4.858360e-01 -1.111007e+00 -1.230453e+00 -1.461558e+00
5.086657e-01 -9.432990e-01 -1.268401e+00 -1.434833e+00
5.313398e-01 -8.021662e-01 -1.295496e+00 -1.406949e+00
5.537055e-01 -6.839456e-01 -1.313281e+00 -1.378424e+00
5.756150e-01 -5.852766e-01 -1.323261e+00 -1.349735e+00
5.969285e-01 -5.031490e-01 -1.326858e+00 -1.321312e+00
6.175159e-01 -4.349193e-01 -1.325380e+00 -1.293529e+00
6.372593e-01 -3.783028e-01 -1.319998e+00 -1.266703e+00
6.560547e-01 -3.313512e-01 -1.311741e+00 -1.241092e+00
6.738132e-01 -2.924205e-01 -1.301492e+00 -1.216897e+00
6.904625e-01 -2.601352e-01 -1.289993e+00 -1.194266e+00
7.059474e-01 -2.333530e-01 -1.277857e+00 -1.173303e+00
7.202302e-01 -2.111293e-01 -1.265576e+00 -1.154065e+00
7.332910e-01 -1.926860e-01 -1.253535e+00 -1.136574e+00
7.451267e-01 -1.773839e-01 -1.242026e+00 -1.120820e+00
7.557510e-01 -1.646976e-01 -1.231260e+00 -1.106763e+00
7.651927e-01 -1.541955e-01 -1.221379e+00 -1.094345e+00
7.734947e-01 -1.455221e-01 -1.212468e+00 -1.083487e+00
7.807123e-01 -1.383834e-01 -1.204566e+00 -1.074095e+00
7.869114e-01 -1.325355e-01 -1.197672e+00 -1.066066e+00
7.921662e-01 -1.277745e-01 -1.191755e+00 -1.059287e+00
7.965576e-01 -1.239287e-01 -1.186763e+00 -1.053642e+00
8.001706e-01 -1.208525e-01 -1.182623e+00 -1.049012e+00
8.030926e-01 -1.184212e-01 -1.179256e+00 -1.045276e+00
8.054110e-01 -1.165274e-01 -1.176572e+00 -1.042319e+00
8.072115e-01 -1.150778e-01 -1.174480e+00 -1.040025e+00
8.085761e-01 -1.139913e-01 -1.172891e+00 -1.038289e+00
8.095818e-01 -1.131972e-01 -1.171717e+00 -1.037011e+00
8.102992e-01 -1.126341e-01 -1.170879e+00 -1.036099e+00
8.107917e-01 -1.122492e-01 -1.170303e+00 -1.035474e+00
8.111144e-01 -1.119978e-01 -1.169925e+00 -1.035065e+00
8.113140e-01 -1.118425e-01 -1.169691e+00 -1.034811e+00
8.114287e-01 -1.117534e-01 -1.169557e+00 -1.034666e+00
8.114887e-01 -1.117069e-01 -1.169487e+00 -1.034590e+00
8.115160e-01 -1.116856e-01 -1.169455e+00 -1.034555e+00
8.115263e-01 -1.116776e-01 -1.169443e+00 -1.034542e+00
8.115291e-01 -1.116755e-01 -1.169439e+00 -1.034538e+00
8.115295e-01 -1.116751e-01 -1.169439e+00 -1.034538e+00
8.115296e-01 -1.116751e-01 -1.169439e+00 -1.034538e+00
8.115308e-01 -1.116741e-01 -1.169437e+00 -1.034536e+00
8.115394e-01 -1.116675e-01 -1.169427e+00 -1.034525e+00
8.115709e-01 -1.116431e-01 -1.169391e+00 -1.034485e+00
8.116547e-01 -1.115780e-01 -1.169292e+00 -1.034379e+00
8.118383e-01 -1.114357e-01 -1.169077e+00 -1.034146e+00
8.121899e-01 -1.111638e-01 -1.168665e+00 -1.033700e+00
8.128014e-01 -1.106924e-01 -1.167947e+00 -1.032925e+00
8.137899e-01 -1.099347e-01 -1.166786e+00 -1.031673e+00
8.152987e-01 -1.087882e-01 -1.165011e+00 -1.029764e+00
8.174968e-01 -1.071396e-01 -1.162417e+00 -1.026986e+00
8.205780e-01 -1.048711e-01 -1.158767e+00 -1.023101e+00
8.247587e-01 -1.018705e-01 -1.153790e+00 -1.017845e+00
8.302747e-01 -9.804397e-02 -1.147184e+00 -1.010939e+00
8.373776e-01 -9.332977e-02 -1.138613e+00 -1.002093e+00
8.463297e-01 -8.771311e-02 -1.127719e+00 -9.910229e-01
8.573988e-01 -8.123804e-02 -1.114127e+00 -9.774570e-01
8.708525e-01 -7.401453e-02 -1.097455e+00 -9.611548e-01
8.869516e-01 -6.621793e-02 -1.077339e+00 -9.419214e-01
9.059434e-01 -5.807919e-02 -1.053452e+00 -9.196243e-01
9.280559e-01 -4.986599e-02 -1.025539e+00 -8.942085e-01
9.534907e-01 -4.185686e-02 -9.934482e-01 -8.657102e-01
9.824170e-01 -3.431244e-02 -9.571639e-01 -8.342662e-01
1.014966e+00 -2.744888e-02 -9.168325e-01 -8.001174e-01
1.051227e+00 -2.141833e-02 -8.727772e-01 -7.636055e-01
1.091241e+00 -1.629968e-02 -8.254972e-01 -7.251614e-01
1.134999e+00 -1.210047e-02 -7.756499e-01 -6.852871e-01
1.182440e+00 -8.768138e-03 -7.240154e-01 -6.445309e-01
1.233448e+00 -6.207330e-03 -6.714499e-01 -6.034600e-01
1.287854e+00 -4.298913e-03 -6.188318e-01 -5.626312e-01
1.345437e+00 -2.917298e-03 -5.670077e-01 -5.225654e-01
1.405925e+00 -1.943655e-03 -5.167458e-01 -4.837255e-01
1.468998e+00 -1.274214e-03 -4.686999e-01 -4.465014e-01
1.534295e+00 -8.239950e-04 -4.233867e-01 -4.112010e-01
1.601419e+00 -5.270276e-04 -3.811777e-01 -3.780486e-01
1.669940e+00 -3.343661e-04 -3.423025e-01 -3.471881e-01
1.739407e+00 -2.110646e-04 -3.068614e-01 -3.186905e-01
1.809349e+00 -1.329749e-04 -2.748447e-01 -2.925644e-01
1.879292e+00 -8.387130e-05 -2.461548e-01 -2.687669e-01
1.948758e+00 -5.311322e-05 -2.206277e-01 -2.472153e-01
2.017280e+00 -3.386545e-05 -1.980548e-01 -2.277982e-01
2.084403e+00 -2.180556e-05 -1.782004e-01 -2.103847e-01
2.149701e+00 -1.422483e-05 -1.608171e-01 -1.948328e-01
2.212774e+00 -9.430658e-06 -1.456572e-01 -1.809959e-01
2.273262e+00 -6.367171e-06 -1.324810e-01 -1.687277e-01
2.330845e+00 -4.380399e-06 -1.210627e-01 -1.578861e-01
2.385251e+00 -3.070904e-06 -1.111939e-01 -1.483358e-01
2.436259e+00 -2.196964e-06 -1.026854e-01 -1.399498e-01
2.483700e+00 -1.609889e-06 -9.536716e-02 -1.326105e-01
2.527458e+00 -1.213490e-06 -8.908825e-02 -1.262095e-01
2.567472e+00 -9.421495e-07 -8.371552e-02 -1.206483e-01
2.603732e+00 -7.508629e-07 -7.913212e-02 -1.158371e-01
2.636282e+00 -6.105917e-07 -7.523588e-02 -1.116946e-01
2.665208e+00 -5.044906e-07 -7.193758e-02 -1.081472e-01
2.690643e+00 -4.236682e-07 -6.915931e-02 -1.051282e-01
2.712755e+00 -3.631776e-07 -6.683290e-02 -1.025774e-01
2.731747e+00 -3.192704e-07 -6.489855e-02 -1.004398e-01
2.747846e+00 -2.882479e-07 -6.330359e-02 -9.866526e-02
2.761300e+00 -2.664715e-07 -6.200138e-02 -9.720821e-02
2.772369e+00 -2.508099e-07 -6.095047e-02 -9.602677e-02
2.781321e+00 -2.389800e-07 -6.011385e-02 -9.508259e-02
2.788424e+00 -2.295859e-07 -5.945838e-02 -9.434055e-02
2.793940e+00 -2.219206e-07 -5.895438e-02 -9.376859e-02
2.798121e+00 -2.156853e-07 -5.857530e-02 -9.333757e-02
2.801202e+00 -2.107496e-07 -5.829750e-02 -9.302127e-02
2.803400e+00 -2.070065e-07 -5.810014e-02 -9.279632e-02
2.804909e+00 -2.043127e-07 -5.796507e-02 -9.264226e-02
2.805897e+00 -2.024873e-07 -5.787674e-02 -9.254147e-02
2.806509e+00 -2.013327e-07 -5.782218e-02 -9.247918e-02
2.806861e+00 -2.006596e-07 -5.779083e-02 -9.244339e-02
2.807044e+00 -2.003054e-07 -5.777447e-02 -9.242471e-02
2.807128e+00 -2.001430e-07 -5.776699e-02 -9.241617e-02
2.807159e+00 -2.000819e-07 -5.776419e-02 -9.241297e-02
2.807168e+00 -2.000653e-07 -5.776343e-02 -9.241210e-02
2.807169e+00 -2.000629e-07 -5.776331e-02 -9.241197e-02
2.807169e+00 -2.000626e-07 -5.776330e-02 -9.241195e-02
2.807174e+00 -2.000570e-07 -5.776290e-02 -9.241150e-02
2.807204e+00 -2.000190e-07 -5.776024e-02 -9.240847e-02
2.807313e+00 -1.998794e-07 -5.775046e-02 -9.239730e-02
2.807606e+00 -1.995076e-07 -5.772440e-02 -9.236754e-02
2.808246e+00 -1.986963e-07 -5.766741e-02 -9.230243e-02
2.809473e+00 -1.971512e-07 -5.755842e-02 -9.217789e-02
2.811606e+00 -1.944915e-07 -5.736935e-02 -9.196170e-02
2.815055e+00 -1.902646e-07 -5.706503e-02 -9.161336e-02
2.820318e+00 -1.839833e-07 -5.660373e-02 -9.108443e-02
2.827987e+00 -1.751887e-07 -5.593848e-02 -9.031971e-02
2.838736e+00 -1.635411e-07 -5.501935e-02 -8.925934e-02
2.853321e+00 -1.489288e-07 -5.379681e-02 -8.784194e-02
2.872564e+00 -1.315752e-07 -5.222602e-02 -8.600865e-02
2.897343e+00 -1.121088e-07 -5.027199e-02 -8.370819e-02
2.928573e+00 -9.155591e-08 -4.791496e-02 -8.090238e-02
2.967189e+00 -7.122573e-08 -4.515553e-02 -7.757160e-02
3.014123e+00 -5.248602e-08 -4.201857e-02 -7.371971e-02
3.070287e+00 -3.647872e-08 -3.855494e-02 -6.937736e-02
3.136542e+00 -2.386619e-08 -3.484049e-02 -6.460315e-02
3.213683e+00 -1.471183e-08 -3.097174e-02 -5.948204e-02
3.302415e+00 -8.555376e-09 -2.705864e-02 -5.412092e-02
3.403327e+00 -4.654203e-09 -2.321513e-02 -4.864158e-02
3.516879e+00 -2.273435e-09 -1.954894e-02 -4.317192e-02
3.643378e+00 -8.813318e-10 -1.615215e-02 -3.783652e-02
3.782971e+00 -1.711338e-10 -1.309406e-02 -3.274777e-02
3.935625e+00  5.048879e-11 -1.041727e-02 -2.799868e-02
4.101127e+00 -1.697079e-11 -8.137459e-03 -2.365824e-02
4.279073e+00 -1.479443e-10 -6.246220e-03 -1.976953e-02
4.468875e+00 -1.725068e-10 -4.716209e-03 -1.635046e-02
4.669759e+00 -6.207778e-11 -3.507353e-03 -1.339679e-02
4.880776e+00  8.062460e-11 -2.573003e-03 -1.088638e-02
5.100813e+00  1.314106e-10 -1.865219e-03 -8.784251e-03
5.328610e+00  5.914653e-11 -1.338691e-03 -7.047474e-03
5.562778e+00 -5.524499e-11 -9.532155e-04 -5.629528e-03
5.801821e+00 -1.035512e-10 -6.748605e-04 -4.483805e-03
6.044160e+00 -5.104760e-11 -4.761444e-04 -3.566143e-03
6.288163e+00  4.116423e-11 -3.355627e-04 -2.836440e-03
6.532165e+00  8.394867e-11 -2.367703e-04 -2.259498e-03
6.774505e+00  4.471924e-11 -1.676453e-04 -1.805262e-03
7.013547e+00 -3.075885e-11 -1.193804e-04 -1.448645e-03
7.247715e+00 -7.028280e-11 -8.568149e-05 -1.169092e-03
7.475513e+00 -4.306050e-11 -6.210702e-05 -9.500193e-04
7.695550e+00  1.935826e-11 -4.555200e-05 -7.782130e-04
7.906566e+00  5.951972e-11 -3.386084e-05 -6.432474e-04
8.107450e+00  4.638595e-11 -2.554527e-05 -5.369618e-04
8.297252e+00 -3.434411e-12 -1.958173e-05 -4.530063e-04
8.475199e+00 -4.679566e-11 -1.526704e-05 -3.864605e-04
8.640700e+00 -5.176564e-11 -1.211673e-05 -3.335205e-04
8.793354e+00 -1.918401e-11 -9.794784e-06 -2.912494e-04
8.932947e+00  2.421980e-11 -8.066419e-06 -2.573787e-04
9.059447e+00  4.910778e-11 -6.766745e-06 -2.301542e-04
9.172998e+00  4.285592e-11 -5.779760e-06 -2.082168e-04
9.273910e+00  1.332456e-11 -5.023754e-06 -1.905096e-04
9.362642e+00 -2.064932e-11 -4.440838e-06 -1.762076e-04
9.439784e+00 -4.216603e-11 -3.989427e-06 -1.646626e-04
9.506039e+00 -4.411953e-11 -3.639044e-06 -1.553622e-04
9.562202e+00 -2.954786e-11 -3.366895e-06 -1.478975e-04
9.609136e+00 -7.076635e-12 -3.155679e-06 -1.419397e-04
9.647752e+00  1.444106e-11 -2.992170e-06 -1.372210e-04
9.678982e+00  2.931451e-11 -2.866214e-06 -1.335217e-04
9.703762e+00  3.580304e-11 -2.769969e-06 -1.306586e-04
9.723005e+00  3.512174e-11 -2.697309e-06 -1.284782e-04
9.737589e+00  2.985849e-11 -2.643366e-06 -1.268502e-04
9.748339e+00  2.265682e-11 -2.604190e-06 -1.256638e-04
9.756007e+00  1.549156e-11 -2.576526e-06 -1.248243e-04
9.761270e+00  9.481300e-12 -2.557668e-06 -1.242513e-04
9.764719e+00  5.024252e-12 -2.545368e-06 -1.238773e-04
9.766852e+00  2.051307e-12 -2.537781e-06 -1.236466e-04
9.768079e+00  2.649745e-13 -2.533427e-06 -1.235141e-04
9.768719e+00 -6.904400e-13 -2.531155e-06 -1.234450e-04
9.769012e+00 -1.132230e-12 -2.530117e-06 -1.234134e-04
9.769122e+00 -1.298814e-12 -2.529728e-06 -1.234016e-04
9.769151e+00 -1.344210e-12 -2.529623e-06 -1.233984e-04
9.769156e+00 -1.350913e-12 -2.529607e-06 -1.233979e-04
9.769157e+00 -1.351127e-12 -2.529604e-06 -1.233978e-04
9.769176e+00 -1.351039e-12 -2.529538e-06 -1.233957e-04
9.769305e+00 -1.350446e-12 -2.529088e-06 -1.233818e-04
9.769782e+00 -1.348268e-12 -2.527436e-06 -1.233304e-04
9.771053e+00 -1.342474e-12 -2.523038e-06 -1.231936e-04
9.773833e+00 -1.329857e-12 -2.513437e-06 -1.228947e-04
9.779159e+00 -1.305930e-12 -2.495149e-06 -1.223244e-04
9.788423e+00 -1.265053e-12 -2.463651e-06 -1.213388e-04
9.803397e+00 -1.200915e-12 -2.413550e-06 -1.197625e-04
9.826253e+00 -1.107521e-12 -2.338996e-06 -1.173964e-04
9.859551e+00 -9.807512e-13 -2.234396e-06 -1.140339e-04
9.906227e+00 -8.204099e-13 -2.095444e-06 -1.094839e-04
9.969557e+00 -6.323442e-13 -1.920380e-06 -1.036029e-04
1.005312e+01 -4.298422e-13 -1.711238e-06 -9.632999e-05
1.016071e+01 -2.332255e-13 -1.474721e-06 -8.772090e-05
1.029632e+01 -6.667013e-14 -1.222250e-06 -7.797110e-05
1.046400e+01  4.790324e-14 -9.688153e-07 -6.741851e-05
1.066781e+01  9.849692e-14 -7.306054e-07 -5.651890e-05
1.091168e+01  8.919998e-14 -5.218758e-07 -4.579308e-05
1.119938e+01  4.107750e-14 -3.519984e-07 -3.575417e-05
1.153435e+01 -1.451751e-14 -2.238024e-07 -2.683123e-05
1.191965e+01 -4.871387e-14 -1.339148e-07 -1.930927e-05
1.235784e+01 -4.809291e-14 -7.494139e-08 -1.330135e-05
1.285091e+01 -2.020613e-14 -3.842519e-08 -8.757946e-06
1.340020e+01  1.271977e-14 -1.717856e-08 -5.506604e-06
1.400635e+01  2.883957e-14 -6.099798e-09 -3.305886e-06
1.466922e+01  2.082434e-14 -1.641927e-09 -1.897294e-06
1.538787e+01 -7.996232e-16 -9.222386e-10 -1.043994e-06
1.616056e+01 -1.737349e-14 -1.423675e-09 -5.529047e-07
1.698474e+01 -1.707887e-14 -1.430387e-09 -2.821119e-07
1.785703e+01 -3.187116e-15 -5.252624e-10 -1.375211e-07
1.877332e+01  1.059893e-14  5.913076e-10 -6.281087e-08
1.972878e+01  1.283793e-14  9.993078e-10 -2.671839e-08
2.071794e+01  3.647023e-15  4.635747e-10 -1.167870e-08
2.173476e+01 -7.035163e-15 -4.046060e-10 -6.683915e-09
2.277275e+01 -9.489647e-15 -7.825126e-10 -4.686888e-09
2.382505e+01 -2.720442e-15 -3.982681e-10 -2.403730e-09
2.488458e+01  5.954703e-15  2.956919e-10  1.703081e-10
2.594410e+01  8.665602e-15  6.284732e-10  1.588957e-09
2.699641e+01  4.086689e-15  3.467629e-10  1.108203e-09
2.803440e+01 -2.421584e-15 -2.157719e-10 -4.404215e-10
2.905122e+01 -4.680974e-15 -5.206728e-10 -1.480014e-09
3.004038e+01 -1.351865e-15 -3.305968e-10 -1.132206e-09
3.099584e+01  3.626694e-15  1.291060e-10  1.456030e-10
3.191213e+01  5.319177e-15  4.346276e-10  1.166530e-09
3.278442e+01  2.250329e-15  3.501766e-10  1.125760e-09
3.360859e+01 -2.806771e-15 -1.044137e-11  1.910820e-10
3.438128e+01 -5.697451e-15 -3.336064e-10 -8.014847e-10
3.509994e+01 -4.380177e-15 -3.814946e-10 -1.108898e-09
3.576280e+01 -1.737732e-16 -1.530253e-10 -6.071547e-10
3.636895e+01  3.717237e-15  1.619358e-10  2.506548e-10
3.691825e+01  4.721169e-15  3.498991e-10  8.654528e-10
3.741132e+01  2.462773e-15  3.151239e-10  9.080497e-10
3.784951e+01 -1.423860e-15  1.096395e-10  4.505228e-10
3.823481e+01 -4.644414e-15 -1.332874e-10 -1.809755e-10
3.856978e+01 -5.616843e-15 -2.917371e-10 -6.521229e-10
3.885747e+01 -4.085048e-15 -3.125004e-10 -7.904612e-10
3.910135e+01 -8.923618e-16 -2.148516e-10 -6.149272e-10
3.930515e+01  2.682990e-15 -5.878446e-11 -2.633214e-10
3.947283e+01  5.556951e-15  9.306652e-11  1.061028e-10
3.960844e+01  7.165977e-15  1.998342e-10  3.825973e-10
3.971604e+01  7.474255e-15  2.484054e-10  5.238029e-10
3.979960e+01  6.791786e-15  2.466581e-10  5.420036e-10
3.986293e+01  5.553040e-15  2.123840e-10  4.772134e-10
3.990960e+01  4.151626e-15  1.639847e-10  3.734115e-10
3.994290e+01  2.859865e-15  1.153089e-10  2.647659e-10
3.996576e+01  1.817985e-15  7.426866e-11  1.714275e-10
3.998073e+01  1.062179e-15  4.374961e-11  1.013118e-10
3.999000e+01  5.643832e-16  2.336090e-11  5.420242e-11
3.999532e+01  2.674085e-16  1.109939e-11  2.578122e-11
3.999810e+01  1.091806e-16  4.538315e-12  1.054737e-11
3.999937e+01  3.615264e-17  1.503742e-12  3.495703e-12
3.999985e+01  8.638365e-18  3.593944e-13  8.355534e-13
3.999998e+01  1.142566e-18  4.753900e-14  1.105259e-13
4.000000e+01  3.579415e-20  1.489310e-15  3.462589e-15
