376 5
 0 0 0 1 1
 2 2 2 6 3
 -7.598288e+01 -6.269749e+00 -4.700705e-01 -4.516571e+00 -1.666750e-01
0.000000e+00 -1.124409e+02  3.035671e+01 -9.214212e+00  8.222024e-09 -2.016934e-09
3.278564e-09 -1.124409e+02  3.035671e+01 -9.214211e+00 -3.409401e-07  8.591943e-08
1.046582e-07 -1.124408e+02  3.035666e+01 -9.214197e+00 -1.113772e-05  2.805083e-06
7.915214e-07 -1.124396e+02  3.035635e+01 -9.214102e+00 -8.428712e-05  2.122774e-05
3.316517e-06 -1.124353e+02  3.035520e+01 -9.213753e+00 -3.531871e-04  8.895009e-05
1.004733e-05 -1.124240e+02  3.035213e+01 -9.212823e+00 -1.069937e-03  2.694633e-04
2.477810e-05 -1.123991e+02  3.034543e+01 -9.210787e+00 -2.638332e-03  6.644631e-04
5.299135e-05 -1.123516e+02  3.033258e+01 -9.206890e+00 -5.641249e-03  1.420747e-03
1.020609e-04 -1.122689e+02  3.031026e+01 -9.200114e+00 -1.086101e-02  2.735341e-03
1.813877e-04 -1.121354e+02  3.027420e+01 -9.189168e+00 -1.929125e-02  4.858495e-03
3.024627e-04 -1.119320e+02  3.021923e+01 -9.172482e+00 -3.213884e-02  8.094155e-03
4.788527e-04 -1.116362e+02  3.013929e+01 -9.148215e+00 -5.081431e-02  1.279756e-02
7.261078e-04 -1.112230e+02  3.002752e+01 -9.114285e+00 -7.690956e-02  1.936964e-02
1.061591e-03 -1.106648e+02  2.987641e+01 -9.068406e+00 -1.121617e-01  2.824785e-02
1.504231e-03 -1.099327e+02  2.967796e+01 -9.008151e+00 -1.584024e-01  3.989352e-02
2.074209e-03 -1.089972e+02  2.942399e+01 -8.931028e+00 -2.174936e-01  5.477549e-02
2.792580e-03 -1.078296e+02  2.910639e+01 -8.834567e+00 -2.912495e-01  7.335058e-02
3.680838e-03 -1.064035e+02  2.871750e+01 -8.716429e+00 -3.813486e-01  9.604136e-02
4.760448e-03 -1.046959e+02  2.825046e+01 -8.574515e+00 -4.892390e-01  1.232122e-01
6.052333e-03 -1.026891e+02  2.769960e+01 -8.407083e+00 -6.160421e-01  1.551450e-01
7.576358e-03 -1.003721e+02  2.706082e+01 -8.212860e+00 -7.624605e-01  1.920157e-01
9.350803e-03 -9.774129e+01  2.633192e+01 -7.991144e+00 -9.286985e-01  2.338743e-01
1.139185e-02 -9.480203e+01  2.551284e+01 -7.741884e+00 -1.114400e+00  2.806290e-01
1.371307e-02 -9.156869e+01  2.460589e+01 -7.465741e+00 -1.318613e+00  3.320367e-01
1.632504e-02 -8.806477e+01  2.361579e+01 -7.164104e+00 -1.539785e+00  3.877019e-01
1.923484e-02 -8.432233e+01  2.254961e+01 -6.839084e+00 -1.775787e+00  4.470826e-01
2.244580e-02 -8.038092e+01  2.141662e+01 -6.493458e+00 -2.023979e+00  5.095065e-01
2.595722e-02 -7.628605e+01  2.022795e+01 -6.130582e+00 -2.281300e+00  5.741930e-01
2.976415e-02 -7.208731e+01  1.899624e+01 -5.754276e+00 -2.544386e+00  6.402837e-01
3.385735e-02 -6.783630e+01  1.773514e+01 -5.368679e+00 -2.809702e+00  7.068759e-01
3.822326e-02 -6.358447e+01  1.645877e+01 -4.978096e+00 -3.073688e+00  7.730589e-01
4.284407e-02 -5.938112e+01  1.518124e+01 -4.586837e+00 -3.332897e+00  8.379499e-01
4.769797e-02 -5.527165e+01  1.391615e+01 -4.199069e+00 -3.584125e+00  9.007269e-01
5.275935e-02 -5.129609e+01  1.267611e+01 -3.818684e+00 -3.824516e+00  9.606575e-01
5.799924e-02 -4.748820e+01  1.147243e+01 -3.449183e+00 -4.051653e+00  1.017120e+00
6.338567e-02 -4.387483e+01  1.031487e+01 -3.093597e+00 -4.263611e+00  1.069621e+00
6.888423e-02 -4.047590e+01  9.211421e+00 -2.754437e+00 -4.458983e+00  1.117799e+00
7.445863e-02 -3.730455e+01  8.168299e+00 -2.433665e+00 -4.636881e+00  1.161428e+00
8.007127e-02 -3.436770e+01  7.189940e+00 -2.132701e+00 -4.796914e+00  1.200412e+00
8.568391e-02 -3.166679e+01  6.279100e+00 -1.852445e+00 -4.939141e+00  1.234772e+00
9.125831e-02 -2.919861e+01  5.437006e+00 -1.593325e+00 -5.064015e+00  1.264633e+00
9.675688e-02 -2.695624e+01  4.663545e+00 -1.355348e+00 -5.172315e+00  1.290207e+00
1.021433e-01 -2.492985e+01  3.957469e+00 -1.138162e+00 -5.265076e+00  1.311773e+00
1.073832e-01 -2.310760e+01  3.316614e+00 -9.411260e-01 -5.343520e+00  1.329661e+00
1.124446e-01 -2.147634e+01  2.738108e+00 -7.633699e-01 -5.408987e+00  1.344232e+00
1.172985e-01 -2.002219e+01  2.218569e+00 -6.038575e-01 -5.462876e+00  1.355864e+00
1.219193e-01 -1.873108e+01  1.754275e+00 -4.614411e-01 -5.506594e+00  1.364935e+00
1.262852e-01 -1.758913e+01  1.341319e+00 -3.349085e-01 -5.541514e+00  1.371817e+00
1.303784e-01 -1.658292e+01  9.757305e-01 -2.230237e-01 -5.568940e+00  1.376862e+00
1.341853e-01 -1.569971e+01  6.535755e-01 -1.245580e-01 -5.590083e+00  1.380394e+00
1.376967e-01 -1.492754e+01  3.710292e-01 -3.831522e-02 -5.606043e+00  1.382711e+00
1.409077e-01 -1.425529e+01  1.244306e-01  3.685086e-02 -5.617805e+00  1.384074e+00
1.438175e-01 -1.367272e+01 -8.968347e-02  1.020246e-01 -5.626228e+00  1.384713e+00
1.464295e-01 -1.317043e+01 -2.745589e-01  1.582215e-01 -5.632049e+00  1.384821e+00
1.487507e-01 -1.273981e+01 -4.332171e-01  2.063858e-01 -5.635892e+00  1.384562e+00
1.507917e-01 -1.237302e+01 -5.684574e-01  2.473899e-01 -5.638269e+00  1.384065e+00
1.525662e-01 -1.206287e+01 -6.828648e-01  2.820378e-01 -5.639595e+00  1.383435e+00
1.540902e-01 -1.180280e+01 -7.788226e-01  3.110679e-01 -5.640199e+00  1.382750e+00
1.553821e-01 -1.158682e+01 -8.585264e-01  3.351583e-01 -5.640332e+00  1.382067e+00
1.564617e-01 -1.140941e+01 -9.239985e-01  3.549311e-01 -5.640180e+00  1.381427e+00
1.573500e-01 -1.126552e+01 -9.771011e-01  3.709571e-01 -5.639879e+00  1.380852e+00
1.580683e-01 -1.115050e+01 -1.019547e+00  3.837597e-01 -5.639521e+00  1.380356e+00
1.586383e-01 -1.106009e+01 -1.052910e+00  3.938178e-01 -5.639165e+00  1.379944e+00
1.590810e-01 -1.099039e+01 -1.078628e+00  4.015682e-01 -5.638844e+00  1.379611e+00
1.594164e-01 -1.093786e+01 -1.098009e+00  4.074073e-01 -5.638576e+00  1.379353e+00
1.596637e-01 -1.089931e+01 -1.112232e+00  4.116914e-01 -5.638364e+00  1.379158e+00
1.598401e-01 -1.087189e+01 -1.122348e+00  4.147377e-01 -5.638206e+00  1.379018e+00
1.599612e-01 -1.085311e+01 -1.129276e+00  4.168239e-01 -5.638094e+00  1.378920e+00
1.600405e-01 -1.084083e+01 -1.133808e+00  4.181887e-01 -5.638019e+00  1.378856e+00
1.600896e-01 -1.083324e+01 -1.136609e+00  4.190320e-01 -5.637972e+00  1.378816e+00
1.601178e-01 -1.082887e+01 -1.138219e+00  4.195166e-01 -5.637945e+00  1.378793e+00
1.601325e-01 -1.082660e+01 -1.139059e+00  4.197695e-01 -5.637931e+00  1.378781e+00
1.601392e-01 -1.082556e+01 -1.139443e+00  4.198851e-01 -5.637924e+00  1.378776e+00
1.601418e-01 -1.082516e+01 -1.139587e+00  4.199284e-01 -5.637922e+00  1.378773e+00
1.601424e-01 -1.082506e+01 -1.139626e+00  4.199402e-01 -5.637921e+00  1.378773e+00
1.601425e-01 -1.082504e+01 -1.139632e+00  4.199420e-01 -5.637921e+00  1.378773e+00
1.601426e-01 -1.082504e+01 -1.139633e+00  4.199423e-01 -5.637921e+00  1.378773e+00
1.601430e-01 -1.082498e+01 -1.139656e+00  4.199493e-01 -5.637921e+00  1.378772e+00
1.601458e-01 -1.082454e+01 -1.139816e+00  4.199973e-01 -5.637918e+00  1.378770e+00
1.601560e-01 -1.082296e+01 -1.140401e+00  4.201736e-01 -5.637908e+00  1.378762e+00
1.601834e-01 -1.081873e+01 -1.141961e+00  4.206434e-01 -5.637881e+00  1.378739e+00
1.602433e-01 -1.080948e+01 -1.145374e+00  4.216708e-01 -5.637822e+00  1.378690e+00
1.603581e-01 -1.079178e+01 -1.151902e+00  4.236360e-01 -5.637707e+00  1.378595e+00
1.605577e-01 -1.076107e+01 -1.163230e+00  4.270455e-01 -5.637501e+00  1.378429e+00
1.608803e-01 -1.071162e+01 -1.181473e+00  4.325352e-01 -5.637153e+00  1.378156e+00
1.613728e-01 -1.063658e+01 -1.209149e+00  4.408612e-01 -5.636582e+00  1.377729e+00
1.620903e-01 -1.052822e+01 -1.249111e+00  4.528774e-01 -5.635670e+00  1.377084e+00
1.630960e-01 -1.037821e+01 -1.304420e+00  4.694961e-01 -5.634230e+00  1.376137e+00
1.644606e-01 -1.017814e+01 -1.378157e+00  4.916300e-01 -5.631982e+00  1.374773e+00
1.662611e-01 -9.920144e+00 -1.473179e+00  5.201138e-01 -5.628505e+00  1.372836e+00
1.685795e-01 -9.597690e+00 -1.591821e+00  5.556105e-01 -5.623195e+00  1.370115e+00
1.715015e-01 -9.206404e+00 -1.735551e+00  5.985036e-01 -5.615214e+00  1.366338e+00
1.751145e-01 -8.744904e+00 -1.904634e+00  6.487893e-01 -5.603441e+00  1.361151e+00
1.795059e-01 -8.215480e+00 -2.097818e+00  7.059772e-01 -5.586449e+00  1.354118e+00
1.847607e-01 -7.624523e+00 -2.312114e+00  7.690186e-01 -5.562494e+00  1.344716e+00
1.909597e-01 -6.982555e+00 -2.542708e+00  8.362766e-01 -5.529557e+00  1.332348e+00
1.981774e-01 -6.303809e+00 -2.783043e+00  9.055511e-01 -5.485417e+00  1.316360e+00
2.064794e-01 -5.605334e+00 -3.025105e+00  9.741676e-01 -5.427783e+00  1.296081e+00
2.159211e-01 -4.905720e+00 -3.259899e+00  1.039128e+00 -5.354459e+00  1.270867e+00
2.265454e-01 -4.223575e+00 -3.478072e+00  1.097311e+00 -5.263542e+00  1.240155e+00
2.383811e-01 -3.575998e+00 -3.670628e+00  1.145706e+00 -5.153618e+00  1.203519e+00
2.514418e-01 -2.977244e+00 -3.829641e+00  1.181650e+00 -5.023945e+00  1.160720e+00
2.657247e-01 -2.437777e+00 -3.948878e+00  1.203037e+00 -4.874578e+00  1.111751e+00
2.812096e-01 -1.963827e+00 -4.024249e+00  1.208480e+00 -4.706439e+00  1.056853e+00
2.978589e-01 -1.557454e+00 -4.054044e+00  1.197402e+00 -4.521294e+00  9.965168e-01
3.156174e-01 -1.217046e+00 -4.038926e+00  1.170046e+00 -4.321663e+00  9.314612e-01
3.344127e-01 -9.381133e-01 -3.981699e+00  1.127415e+00 -4.110656e+00  8.625925e-01
3.541562e-01 -7.142167e-01 -3.886918e+00  1.071147e+00 -3.891769e+00  7.909485e-01
3.747436e-01 -5.378807e-01 -3.760378e+00  1.003355e+00 -3.668658e+00  7.176363e-01
3.960570e-01 -4.013771e-01 -3.608581e+00  9.264393e-01 -3.444923e+00  6.437701e-01
4.179666e-01 -2.973188e-01 -3.438226e+00  8.429161e-01 -3.223920e+00  5.704148e-01
4.403322e-01 -2.190472e-01 -3.255781e+00  7.552541e-01 -3.008624e+00  4.985403e-01
4.630064e-01 -1.608338e-01 -3.067154e+00  6.657513e-01 -2.801525e+00  4.289888e-01
4.858360e-01 -1.179345e-01 -2.877480e+00  5.764439e-01 -2.604597e+00  3.624547e-01
5.086657e-01 -8.654344e-02 -2.691011e+00  4.890525e-01 -2.419284e+00  2.994778e-01
5.313398e-01 -6.368735e-02 -2.511090e+00  4.049601e-01 -2.246539e+00  2.404456e-01
5.537055e-01 -4.709470e-02 -2.340198e+00  3.252158e-01 -2.086873e+00  1.856037e-01
5.756150e-01 -3.506144e-02 -2.180039e+00  2.505573e-01 -1.940423e+00  1.350717e-01
5.969285e-01 -2.632796e-02 -2.031653e+00  1.814464e-01 -1.807022e+00  8.886155e-02
6.175159e-01 -1.997389e-02 -1.895533e+00  1.181104e-01 -1.686267e+00  4.689719e-02
6.372593e-01 -1.533274e-02 -1.771745e+00  6.058558e-02 -1.577587e+00  9.034012e-03
6.560547e-01 -1.192497e-02 -1.660032e+00  8.759738e-03 -1.480291e+00 -2.492340e-02
6.738132e-01 -9.407107e-03 -1.559910e+00 -3.758956e-02 -1.393621e+00 -5.520533e-02
6.904625e-01 -7.533686e-03 -1.470739e+00 -7.876132e-02 -1.316785e+00 -8.206339e-02
7.059474e-01 -6.129274e-03 -1.391789e+00 -1.151030e-01 -1.248986e+00 -1.057594e-01
7.202302e-01 -5.068256e-03 -1.322283e+00 -1.469882e-01 -1.189444e+00 -1.265568e-01
7.332910e-01 -4.260390e-03 -1.261436e+00 -1.747990e-01 -1.137407e+00 -1.447139e-01
7.451267e-01 -3.640594e-03 -1.208472e+00 -1.989131e-01 -1.092164e+00 -1.604793e-01
7.557510e-01 -3.161723e-03 -1.162647e+00 -2.196955e-01 -1.053046e+00 -1.740890e-01
7.651927e-01 -2.789450e-03 -1.123252e+00 -2.374923e-01 -1.019432e+00 -1.857645e-01
7.734947e-01 -2.498615e-03 -1.089623e+00 -2.526273e-01 -9.907424e-01 -1.957122e-01
7.807123e-01 -2.270619e-03 -1.061139e+00 -2.654014e-01 -9.664431e-01 -2.041234e-01
7.869114e-01 -2.091569e-03 -1.037223e+00 -2.760918e-01 -9.460396e-01 -2.111746e-01
7.921662e-01 -1.950974e-03 -1.017341e+00 -2.849531e-01 -9.290752e-01 -2.170286e-01
7.965576e-01 -1.840815e-03 -1.000997e+00 -2.922188e-01 -9.151275e-01 -2.218352e-01
8.001706e-01 -1.754896e-03 -9.877319e-01 -2.981022e-01 -9.038062e-01 -2.257321e-01
8.030926e-01 -1.688366e-03 -9.771238e-01 -3.027986e-01 -8.947509e-01 -2.288459e-01
8.054110e-01 -1.637380e-03 -9.687824e-01 -3.064857e-01 -8.876296e-01 -2.312927e-01
8.072115e-01 -1.598844e-03 -9.623503e-01 -3.093253e-01 -8.821378e-01 -2.331784e-01
8.085761e-01 -1.570236e-03 -9.575019e-01 -3.114638e-01 -8.779977e-01 -2.345992e-01
8.095818e-01 -1.549474e-03 -9.539431e-01 -3.130322e-01 -8.749587e-01 -2.356417e-01
8.102992e-01 -1.534827e-03 -9.514118e-01 -3.141473e-01 -8.727970e-01 -2.363830e-01
8.107917e-01 -1.524852e-03 -9.496779e-01 -3.149107e-01 -8.713162e-01 -2.368907e-01
8.111144e-01 -1.518350e-03 -9.485435e-01 -3.154101e-01 -8.703474e-01 -2.372229e-01
8.113140e-01 -1.514342e-03 -9.478425e-01 -3.157187e-01 -8.697486e-01 -2.374281e-01
8.114287e-01 -1.512042e-03 -9.474396e-01 -3.158960e-01 -8.694045e-01 -2.375461e-01
8.114887e-01 -1.510842e-03 -9.472293e-01 -3.159885e-01 -8.692249e-01 -2.376076e-01
8.115160e-01 -1.510294e-03 -9.471332e-01 -3.160308e-01 -8.691429e-01 -2.376358e-01
8.115263e-01 -1.510089e-03 -9.470972e-01 -3.160467e-01 -8.691121e-01 -2.376463e-01
8.115291e-01 -1.510033e-03 -9.470874e-01 -3.160510e-01 -8.691037e-01 -2.376492e-01
8.115295e-01 -1.510025e-03 -9.470859e-01 -3.160516e-01 -8.691025e-01 -2.376496e-01
8.115296e-01 -1.510024e-03 -9.470857e-01 -3.160517e-01 -8.691023e-01 -2.376497e-01
8.115308e-01 -1.509998e-03 -9.470813e-01 -3.160537e-01 -8.690985e-01 -2.376510e-01
8.115394e-01 -1.509828e-03 -9.470513e-01 -3.160669e-01 -8.690729e-01 -2.376598e-01
8.115709e-01 -1.509200e-03 -9.469409e-01 -3.161154e-01 -8.689786e-01 -2.376921e-01
8.116547e-01 -1.507527e-03 -9.466467e-01 -3.162449e-01 -8.687273e-01 -2.377782e-01
8.118383e-01 -1.503873e-03 -9.460031e-01 -3.165281e-01 -8.681776e-01 -2.379666e-01
8.121899e-01 -1.496899e-03 -9.447715e-01 -3.170699e-01 -8.671257e-01 -2.383271e-01
8.128014e-01 -1.484847e-03 -9.426331e-01 -3.180103e-01 -8.652993e-01 -2.389529e-01
8.137899e-01 -1.465569e-03 -9.391857e-01 -3.195257e-01 -8.623546e-01 -2.399616e-01
8.152987e-01 -1.436628e-03 -9.339466e-01 -3.218267e-01 -8.578791e-01 -2.414940e-01
8.174968e-01 -1.395486e-03 -9.263628e-01 -3.251535e-01 -8.513999e-01 -2.437110e-01
8.205780e-01 -1.339795e-03 -9.158291e-01 -3.297663e-01 -8.423987e-01 -2.467879e-01
8.247587e-01 -1.267775e-03 -9.017159e-01 -3.359313e-01 -8.303353e-01 -2.509060e-01
8.302747e-01 -1.178656e-03 -8.834065e-01 -3.439021e-01 -8.146790e-01 -2.562405e-01
8.373776e-01 -1.073088e-03 -8.603441e-01 -3.538955e-01 -7.949471e-01 -2.629460e-01
8.463297e-01 -9.534374e-04 -8.320846e-01 -3.660648e-01 -7.707490e-01 -2.711400e-01
8.573988e-01 -8.238318e-04 -7.983535e-01 -3.804697e-01 -7.418330e-01 -2.808847e-01
8.708525e-01 -6.898718e-04 -7.590998e-01 -3.970479e-01 -7.081302e-01 -2.921692e-01
8.869516e-01 -5.579913e-04 -7.145397e-01 -4.155912e-01 -6.697903e-01 -3.048950e-01
9.059434e-01 -4.345613e-04 -6.651835e-01 -4.357290e-01 -6.272033e-01 -3.188656e-01
9.280559e-01 -3.249354e-04 -6.118364e-01 -4.569259e-01 -5.810014e-01 -3.337837e-01
9.534907e-01 -2.326855e-04 -5.555707e-01 -4.784944e-01 -5.320373e-01 -3.492574e-01
9.824170e-01 -1.592321e-04 -4.976653e-01 -4.996256e-01 -4.813394e-01 -3.648159e-01
1.014966e+00 -1.039478e-04 -4.395194e-01 -5.194361e-01 -4.300452e-01 -3.799344e-01
1.051227e+00 -6.465093e-05 -3.825481e-01 -5.370290e-01 -3.793224e-01 -3.940659e-01
1.091241e+00 -3.829241e-05 -3.280732e-01 -5.515603e-01 -3.302842e-01 -4.066781e-01
1.134999e+00 -2.161975e-05 -2.772257e-01 -5.623052e-01 -2.839132e-01 -4.172892e-01
1.182440e+00 -1.167086e-05 -2.308725e-01 -5.687146e-01 -2.410000e-01 -4.255012e-01
1.233448e+00 -6.050444e-06 -1.895758e-01 -5.704554e-01 -2.021065e-01 -4.310246e-01
1.287854e+00 -3.016366e-06 -1.535885e-01 -5.674303e-01 -1.675538e-01 -4.336950e-01
1.345437e+00 -1.430536e-06 -1.228819e-01 -5.597747e-01 -1.374345e-01 -4.334776e-01
1.405925e+00 -6.272353e-07 -9.719572e-02 -5.478340e-01 -1.116441e-01 -4.304619e-01
1.468998e+00 -2.493221e-07 -7.610217e-02 -5.321242e-01 -8.992321e-02 -4.248474e-01
1.534295e+00 -1.022824e-07 -5.907055e-02 -5.132821e-01 -7.190560e-02 -4.169213e-01
1.601419e+00 -6.335479e-08 -4.552665e-02 -4.920118e-01 -5.716341e-02 -4.070331e-01
1.669940e+00 -5.110660e-08 -3.490023e-02 -4.690332e-01 -4.524689e-02 -3.955676e-01
1.739407e+00 -2.748797e-08 -2.665897e-02 -4.450382e-01 -3.571539e-02 -3.829198e-01
1.809349e+00  4.474143e-09 -2.032915e-02 -4.206568e-01 -2.815899e-02 -3.694728e-01
1.879292e+00  2.295345e-08 -1.550510e-02 -3.964349e-01 -2.221158e-02 -3.555816e-01
1.948758e+00  1.610114e-08 -1.185012e-02 -3.728225e-01 -1.755666e-02 -3.415616e-01
2.017280e+00 -5.574461e-09 -9.091982e-03 -3.501719e-01 -1.392795e-02 -3.276823e-01
2.084403e+00 -2.039408e-08 -7.015264e-03 -3.287421e-01 -1.110625e-02 -3.141647e-01
2.149701e+00 -1.584300e-08 -5.452496e-03 -3.087083e-01 -8.914478e-03 -3.011829e-01
2.212774e+00  1.958953e-09 -4.275370e-03 -2.901736e-01 -7.211687e-03 -2.888673e-01
2.273262e+00  1.637081e-08 -3.386695e-03 -2.731825e-01 -5.887053e-03 -2.773094e-01
2.330845e+00  1.588229e-08 -2.713483e-03 -2.577331e-01 -4.854262e-03 -2.665676e-01
2.385251e+00  2.695115e-09 -2.201255e-03 -2.437888e-01 -4.046571e-03 -2.566723e-01
2.436259e+00 -1.138956e-08 -1.809514e-03 -2.312881e-01 -3.412635e-03 -2.476317e-01
2.483700e+00 -1.576104e-08 -1.508229e-03 -2.201529e-01 -2.913093e-03 -2.394364e-01
2.527458e+00 -8.588443e-09 -1.275156e-03 -2.102949e-01 -2.517833e-03 -2.320635e-01
2.567472e+00  3.681612e-09 -1.093802e-03 -2.016207e-01 -2.203828e-03 -2.254799e-01
2.603732e+00  1.246333e-08 -9.519166e-04 -1.940352e-01 -1.953455e-03 -2.196456e-01
2.636282e+00  1.301913e-08 -8.403632e-04 -1.874445e-01 -1.753195e-03 -2.145155e-01
2.665208e+00  6.382370e-09 -7.522940e-04 -1.817575e-01 -1.592639e-03 -2.100414e-01
2.690643e+00 -2.742963e-09 -6.825473e-04 -1.768867e-01 -1.463741e-03 -2.061733e-01
2.712755e+00 -9.528223e-09 -6.272082e-04 -1.727492e-01 -1.360245e-03 -2.028605e-01
2.731747e+00 -1.148333e-08 -5.832862e-04 -1.692666e-01 -1.277254e-03 -2.000523e-01
2.747846e+00 -8.889743e-09 -5.484779e-04 -1.663652e-01 -1.210907e-03 -1.976985e-01
2.761300e+00 -3.751866e-09 -5.209912e-04 -1.639757e-01 -1.158128e-03 -1.957502e-01
2.772369e+00  1.630481e-09 -4.994148e-04 -1.620336e-01 -1.116445e-03 -1.941600e-01
2.781321e+00  5.649231e-09 -4.826227e-04 -1.604786e-01 -1.083841e-03 -1.928823e-01
2.788424e+00  7.691612e-09 -4.697043e-04 -1.592546e-01 -1.058656e-03 -1.918739e-01
2.793940e+00  7.939938e-09 -4.599130e-04 -1.583100e-01 -1.039505e-03 -1.910940e-01
2.798121e+00  6.979604e-09 -4.526296e-04 -1.575976e-01 -1.025224e-03 -1.905048e-01
2.801202e+00  5.452918e-09 -4.473367e-04 -1.570745e-01 -1.014825e-03 -1.900716e-01
2.803400e+00  3.858455e-09 -4.435991e-04 -1.567022e-01 -1.007472e-03 -1.897631e-01
2.804909e+00  2.489944e-09 -4.410521e-04 -1.564472e-01 -1.002456e-03 -1.895516e-01
2.805897e+00  1.462424e-09 -4.393914e-04 -1.562804e-01 -9.991834e-04 -1.894132e-01
2.806509e+00  7.722401e-10 -4.383673e-04 -1.561772e-01 -9.971644e-04 -1.893276e-01
2.806861e+00  3.559115e-10 -4.377796e-04 -1.561179e-01 -9.960054e-04 -1.892783e-01
2.807044e+00  1.327753e-10 -4.374731e-04 -1.560870e-01 -9.954008e-04 -1.892527e-01
2.807128e+00  2.949062e-11 -4.373331e-04 -1.560729e-01 -9.951247e-04 -1.892409e-01
2.807159e+00 -9.471536e-12 -4.372806e-04 -1.560676e-01 -9.950211e-04 -1.892365e-01
2.807168e+00 -2.009067e-11 -4.372663e-04 -1.560661e-01 -9.949930e-04 -1.892353e-01
2.807169e+00 -2.165877e-11 -4.372642e-04 -1.560659e-01 -9.949888e-04 -1.892352e-01
2.807169e+00 -2.170945e-11 -4.372639e-04 -1.560659e-01 -9.949882e-04 -1.892351e-01
2.807174e+00 -2.170841e-11 -4.372565e-04 -1.560651e-01 -9.949737e-04 -1.892345e-01
2.807204e+00 -2.170136e-11 -4.372067e-04 -1.560601e-01 -9.948754e-04 -1.892303e-01
2.807313e+00 -2.167546e-11 -4.370236e-04 -1.560416e-01 -9.945143e-04 -1.892150e-01
2.807606e+00 -2.160656e-11 -4.365359e-04 -1.559923e-01 -9.935521e-04 -1.891740e-01
2.808246e+00 -2.145638e-11 -4.354703e-04 -1.558845e-01 -9.914497e-04 -1.890845e-01
2.809473e+00 -2.117115e-11 -4.334368e-04 -1.556781e-01 -9.874355e-04 -1.889131e-01
2.811606e+00 -2.068254e-11 -4.299226e-04 -1.553199e-01 -9.804927e-04 -1.886153e-01
2.815055e+00 -1.991235e-11 -4.243017e-04 -1.547423e-01 -9.693726e-04 -1.881348e-01
2.820318e+00 -1.878254e-11 -4.158642e-04 -1.538647e-01 -9.526444e-04 -1.874036e-01
2.827987e+00 -1.723144e-11 -4.038718e-04 -1.525944e-01 -9.287919e-04 -1.863429e-01
2.838736e+00 -1.523564e-11 -3.876423e-04 -1.508303e-01 -8.963645e-04 -1.848651e-01
2.853321e+00 -1.283396e-11 -3.666615e-04 -1.484672e-01 -8.541795e-04 -1.828770e-01
2.872564e+00 -1.014600e-11 -3.407103e-04 -1.454024e-01 -8.015605e-04 -1.802835e-01
2.897343e+00 -7.374775e-12 -3.099870e-04 -1.415435e-01 -7.385779e-04 -1.769935e-01
2.928573e+00 -4.782918e-12 -2.751907e-04 -1.368175e-01 -6.662394e-04 -1.729255e-01
2.967189e+00 -2.638165e-12 -2.375341e-04 -1.311803e-01 -5.865694e-04 -1.680151e-01
3.014123e+00 -1.137563e-12 -1.986566e-04 -1.246260e-01 -5.025232e-04 -1.622219e-01
3.070287e+00 -3.361875e-13 -1.604354e-04 -1.171939e-01 -4.177127e-04 -1.555366e-01
3.136542e+00 -1.161784e-13 -1.247223e-04 -1.089731e-01 -3.359697e-04 -1.479862e-01
3.213683e+00 -2.238146e-13 -9.306492e-05 -1.001024e-01 -2.608252e-04 -1.396376e-01
3.302415e+00 -3.719237e-13 -6.648509e-05 -9.076475e-02 -1.950259e-04 -1.305976e-01
3.403327e+00 -3.640836e-13 -4.537514e-05 -8.117659e-02 -1.402038e-04 -1.210101e-01
3.516879e+00 -1.726058e-13 -2.953232e-05 -7.157295e-02 -9.677739e-05 -1.110489e-01
3.643378e+00  8.042250e-14 -1.830671e-05 -6.218927e-02 -6.408744e-05 -1.009076e-01
3.782971e+00  2.310884e-13 -1.080336e-05 -5.324316e-02 -4.070526e-05 -9.078721e-02
3.935625e+00  1.990103e-13 -6.075529e-06 -4.491825e-02 -2.480867e-05 -8.088335e-02
4.101127e+00  4.119172e-14 -3.266384e-06 -3.735257e-02 -1.452647e-05 -7.137363e-02
4.279073e+00 -1.030251e-13 -1.686701e-06 -3.063262e-02 -8.186831e-06 -6.240784e-02
4.468875e+00 -1.276793e-13 -8.377382e-07 -2.479355e-02 -4.449160e-06 -5.410122e-02
4.669759e+00 -3.949167e-14 -3.955404e-07 -1.982447e-02 -2.333884e-06 -4.653139e-02
4.880776e+00  6.301140e-14 -1.720537e-07 -1.567747e-02 -1.181952e-06 -3.973891e-02
5.100813e+00  8.548822e-14 -6.735228e-08 -1.227843e-02 -5.796514e-07 -3.373068e-02
5.328610e+00  1.935112e-14 -2.730160e-08 -9.537837e-03 -2.793842e-07 -2.848542e-02
5.562778e+00 -6.177588e-14 -1.743831e-08 -7.360383e-03 -1.364701e-07 -2.396019e-02
5.801821e+00 -7.906585e-14 -1.458823e-08 -5.652514e-03 -6.859692e-08 -2.009713e-02
6.044160e+00 -2.137500e-14 -7.927771e-09 -4.327643e-03 -3.303590e-08 -1.682967e-02
6.288163e+00  5.219544e-14  1.420827e-09 -3.309215e-03 -1.223124e-08 -1.408778e-02
6.532165e+00  7.434020e-14  6.860603e-09 -2.531988e-03 -1.597860e-09 -1.180214e-02
6.774505e+00  3.151415e-14  4.809672e-09 -1.942007e-03  5.189998e-10 -9.907075e-03
7.013547e+00 -3.072299e-14 -1.639289e-09 -1.495754e-03 -2.144943e-09 -8.342429e-03
7.247715e+00 -5.610816e-14 -6.052273e-09 -1.158840e-03 -4.512440e-09 -7.054595e-03
7.475513e+00 -2.859513e-14 -4.707788e-09 -9.045436e-04 -3.542223e-09 -5.996823e-03
7.695550e+00  1.973248e-14  5.789024e-10 -7.123779e-04 -1.174842e-11 -5.129063e-03
7.906566e+00  4.362278e-14  4.862332e-09 -5.668053e-04  2.987498e-09 -4.417498e-03
8.107450e+00  2.501587e-14  4.719241e-09 -4.561362e-04  3.133714e-09 -3.833910e-03
8.297252e+00 -1.621235e-14  8.016828e-10 -3.716280e-04  7.050500e-10 -3.354969e-03
8.475199e+00 -4.431431e-14 -3.383725e-09 -3.067678e-04 -2.068338e-09 -2.961530e-03
8.640700e+00 -3.824204e-14 -4.682981e-09 -2.567129e-04 -3.063552e-09 -2.637968e-03
8.793354e+00 -5.124264e-15 -2.551382e-09 -2.178639e-04 -1.806765e-09 -2.371584e-03
8.932947e+00  2.968612e-14  1.095162e-09 -1.875420e-04  5.343843e-10 -2.152079e-03
9.059447e+00  4.328766e-14  3.704671e-09 -1.637493e-04  2.300557e-09 -1.971111e-03
9.172998e+00  2.962470e-14  3.869016e-09 -1.449910e-04  2.520918e-09 -1.821924e-03
9.273910e+00 -2.710234e-16  1.895577e-09 -1.301434e-04  1.332120e-09 -1.699035e-03
9.362642e+00 -2.837418e-14 -8.171644e-10 -1.183575e-04 -3.928874e-10 -1.597983e-03
9.439784e+00 -4.097564e-14 -2.833787e-09 -1.089875e-04 -1.722375e-09 -1.515124e-03
9.506039e+00 -3.440941e-14 -3.414201e-09 -1.015383e-04 -2.153925e-09 -1.447465e-03
9.562202e+00 -1.398858e-14 -2.642308e-09 -9.562670e-05 -1.715368e-09 -1.392530e-03
9.609136e+00  1.091633e-14 -1.114183e-09 -9.095327e-05 -7.741686e-10 -1.348256e-03
9.647752e+00  3.187094e-14  4.863516e-10 -8.728117e-05  2.344110e-10 -1.312908e-03
9.678982e+00  4.416020e-14  1.681218e-09 -8.442086e-05  9.998104e-10 -1.285014e-03
9.703762e+00  4.707460e-14  2.288295e-09 -8.221866e-05  1.398753e-09 -1.263312e-03
9.723005e+00  4.264107e-14  2.361868e-09 -8.054836e-05  1.460137e-09 -1.246717e-03
9.737589e+00  3.396186e-14  2.076054e-09 -7.930517e-05  1.291522e-09 -1.234287e-03
9.748339e+00  2.393265e-14  1.621871e-09 -7.840126e-05  1.013146e-09 -1.225208e-03
9.756007e+00  1.459420e-14  1.147582e-09 -7.776273e-05  7.191923e-10 -1.218772e-03
9.761270e+00  7.019381e-15  7.405260e-10 -7.732747e-05  4.656121e-10 -1.214374e-03
9.764719e+00  1.505959e-15  4.349051e-10 -7.704361e-05  2.746988e-10 -1.211502e-03
9.766852e+00 -2.132575e-15  2.296229e-10 -7.686855e-05  1.462668e-10 -1.209729e-03
9.768079e+00 -4.305737e-15  1.057949e-10 -7.676807e-05  6.872892e-11 -1.208710e-03
9.768719e+00 -5.464315e-15  3.942818e-11 -7.671566e-05  2.715275e-11 -1.208179e-03
9.769012e+00 -5.999205e-15  8.708604e-12 -7.669173e-05  7.903824e-12 -1.207936e-03
9.769122e+00 -6.200758e-15 -2.879758e-12 -7.668275e-05  6.418473e-13 -1.207845e-03
9.769151e+00 -6.255670e-15 -6.038163e-12 -7.668031e-05 -1.337468e-12 -1.207820e-03
9.769156e+00 -6.263778e-15 -6.504558e-12 -7.667995e-05 -1.629752e-12 -1.207817e-03
9.769157e+00 -6.264024e-15 -6.519631e-12 -7.667989e-05 -1.639202e-12 -1.207816e-03
9.769176e+00 -6.263496e-15 -6.519276e-12 -7.667832e-05 -1.639120e-12 -1.207800e-03
9.769305e+00 -6.259919e-15 -6.516876e-12 -7.666774e-05 -1.638565e-12 -1.207693e-03
9.769782e+00 -6.246781e-15 -6.508059e-12 -7.662885e-05 -1.636527e-12 -1.207298e-03
9.771053e+00 -6.211835e-15 -6.484600e-12 -7.652529e-05 -1.631103e-12 -1.206245e-03
9.773833e+00 -6.135740e-15 -6.433491e-12 -7.629912e-05 -1.619284e-12 -1.203944e-03
9.779159e+00 -5.991469e-15 -6.336489e-12 -7.586780e-05 -1.596843e-12 -1.199550e-03
9.788423e+00 -5.745111e-15 -6.170523e-12 -7.512343e-05 -1.558419e-12 -1.191946e-03
9.803397e+00 -5.358887e-15 -5.909452e-12 -7.393547e-05 -1.497900e-12 -1.179758e-03
9.826253e+00 -4.797322e-15 -5.527732e-12 -7.215840e-05 -1.409236e-12 -1.161399e-03
9.859551e+00 -4.037122e-15 -5.006302e-12 -6.964556e-05 -1.287743e-12 -1.135173e-03
9.906227e+00 -3.080338e-15 -4.340390e-12 -6.626978e-05 -1.131859e-12 -1.099425e-03
9.969557e+00 -1.968500e-15 -3.547840e-12 -6.194965e-05 -9.450324e-13 -1.052747e-03
1.005312e+01 -7.928963e-16 -2.675109e-12 -5.667802e-05 -7.371470e-13 -9.942353e-04
1.016071e+01  3.060485e-16 -1.796998e-12 -5.054646e-05 -5.246091e-13 -9.237422e-04
1.029632e+01  1.157599e-15 -1.006411e-12 -4.375723e-05 -3.282792e-13 -8.420970e-04
1.046400e+01  1.601191e-15 -3.931348e-13 -3.661486e-05 -1.689672e-13 -7.512209e-04
1.066781e+01  1.542998e-15 -1.591678e-14 -2.949281e-05 -6.133969e-14 -6.540832e-04
1.091168e+01  1.010608e-15  1.218129e-13 -2.277843e-05 -8.408117e-15 -5.544682e-04
1.119938e+01  1.779865e-16  7.917388e-14 -1.680840e-05  5.245666e-16 -4.565633e-04
1.153435e+01 -6.655627e-16 -4.106763e-14 -1.181251e-05 -1.361193e-14 -3.644371e-04
1.191965e+01 -1.209242e-15 -1.341467e-13 -7.883686e-06 -2.815893e-14 -2.815134e-04
1.235784e+01 -1.249838e-15 -1.390622e-13 -4.982715e-06 -2.851942e-14 -2.101611e-04
1.285091e+01 -7.958956e-16 -6.249416e-14 -2.972886e-06 -1.379355e-14 -1.514915e-04
1.340020e+01 -8.108999e-17  3.575228e-14 -1.668541e-06  5.454297e-15 -1.053928e-04
1.400635e+01  5.416312e-16  8.858530e-14 -8.790841e-07  1.617245e-14 -7.076760e-05
1.466922e+01  7.835986e-16  6.870020e-14 -4.370897e-07  1.257345e-14 -4.588732e-05
1.538787e+01  5.793046e-16  3.912969e-15 -2.099149e-07 -2.089545e-16 -2.876345e-05
1.616056e+01  1.162977e-16 -4.943428e-14 -1.012903e-07 -1.100414e-14 -1.745601e-05
1.698474e+01 -2.938342e-16 -5.261906e-14 -4.899146e-08 -1.181227e-14 -1.027657e-05
1.785703e+01 -4.234778e-16 -1.250903e-14 -2.015554e-08 -3.713623e-15 -5.882025e-06
1.877332e+01 -2.715933e-16  3.014193e-14 -3.054782e-09  5.153269e-15 -3.281624e-06
1.972878e+01 -3.691887e-17  3.907864e-14  4.012740e-09  7.249634e-15 -1.790152e-06
2.071794e+01  5.602846e-17  1.252516e-14  2.490630e-09  1.928261e-15 -9.588891e-07
2.173476e+01 -6.033280e-17 -2.028408e-14 -2.604921e-09 -4.932695e-15 -5.070831e-07
2.277275e+01 -2.518472e-16 -2.923358e-14 -5.251414e-09 -6.918936e-15 -2.660103e-07
2.382505e+01 -3.091783e-16 -1.016466e-14 -2.999432e-09 -2.767222e-15 -1.384508e-07
2.488458e+01 -1.365125e-16  1.522828e-14  1.618569e-09  3.241618e-15 -7.107037e-08
2.594410e+01  1.574953e-16  2.277811e-14  4.159564e-09  5.816141e-15 -3.591984e-08
2.699641e+01  3.417419e-16  8.101039e-15  2.603673e-09  3.383087e-15 -1.838812e-08
2.803440e+01  2.472464e-16 -1.229242e-14 -1.128397e-09 -1.191401e-15 -1.020348e-08
2.905122e+01 -9.746729e-17 -1.890311e-14 -3.435514e-09 -3.842842e-15 -6.281255e-09
3.004038e+01 -4.845537e-16 -7.153072e-15 -2.460878e-09 -2.961391e-15 -3.784925e-09
3.099584e+01 -6.756012e-16  1.065186e-14  5.512217e-10 -2.031878e-16 -1.738515e-09
3.191213e+01 -5.611220e-16  1.841140e-14  2.799124e-09  1.664527e-15 -2.973132e-10
3.278442e+01 -2.173154e-16  1.048978e-14  2.516930e-09  1.405564e-15  2.133436e-10
3.360859e+01  1.637605e-16 -5.131312e-15  2.400293e-10  7.636029e-17 -7.942084e-11
3.438128e+01  4.032371e-16 -1.533183e-14 -2.019949e-09 -3.394977e-16 -6.154803e-10
3.509994e+01  4.304864e-16 -1.287021e-14 -2.581628e-09  1.167106e-15 -8.353676e-10
3.576280e+01  2.942686e-16 -8.467139e-16 -1.265531e-09  3.860316e-15 -5.564000e-10
3.636895e+01  1.052701e-16  1.129651e-14  7.851158e-10  5.996313e-15 -3.301823e-12
3.691825e+01 -3.749428e-17  1.538456e-14  2.156681e-09  6.193165e-15  4.466648e-10
3.741132e+01 -9.069340e-17  9.578131e-15  2.128144e-09  4.310495e-15  5.501353e-10
3.784951e+01 -6.749580e-17 -1.778722e-15  9.374141e-10  1.357379e-15  3.163744e-10
3.823481e+01 -1.034394e-17 -1.198286e-14 -6.021327e-10 -1.267782e-15 -6.414038e-11
3.856978e+01  3.981182e-17 -1.610161e-14 -1.694265e-09 -2.568315e-15 -3.742172e-10
3.885747e+01  6.123066e-17 -1.297805e-14 -1.952594e-09 -2.318292e-15 -4.885105e-10
3.910135e+01  5.300714e-17 -4.744588e-15 -1.453029e-09 -9.500046e-16 -4.037328e-10
3.930515e+01  2.681534e-17  5.037042e-15 -5.477853e-10  8.191957e-16 -1.985990e-10
3.947283e+01 -3.092761e-18  1.321792e-14  3.742285e-10  2.351219e-15  2.837105e-11
3.960844e+01 -2.647520e-17  1.806630e-14  1.048122e-09  3.285607e-15  2.046448e-10
3.971604e+01 -3.911339e-17  1.934853e-14  1.378645e-09  3.556858e-15  2.998043e-10
3.979960e+01 -4.163783e-17  1.784359e-14  1.403173e-09  3.300832e-15  3.186046e-10
3.986293e+01 -3.718406e-17  1.472200e-14  1.224590e-09  2.734124e-15  2.845064e-10
3.990960e+01 -2.932951e-17  1.107074e-14  9.532096e-10  2.061280e-15  2.244990e-10
3.994290e+01 -2.089541e-17  7.654937e-15  6.736689e-10  1.427668e-15  1.600163e-10
3.996576e+01 -1.356848e-17  4.878006e-15  4.352864e-10  9.107460e-16  1.039482e-10
3.998073e+01 -8.032945e-18  2.854396e-15  2.569233e-10  5.332917e-16  6.155831e-11
3.999000e+01 -4.302129e-18  1.518068e-15  1.373514e-10  2.837399e-16  3.297450e-11
3.999532e+01 -2.047479e-18  7.196465e-16  6.530289e-11  1.345394e-16  1.569508e-11
3.999810e+01 -8.378943e-19  2.939051e-16  2.671022e-11  5.495280e-17  6.423321e-12
3.999937e+01 -2.777397e-19  9.733187e-17  8.851649e-12  1.819959e-17  2.129220e-12
3.999985e+01 -6.638951e-20  2.325769e-17  2.115668e-12  4.348928e-18  5.089633e-13
3.999998e+01 -8.782041e-21  3.076251e-18  2.798551e-13  5.752277e-19  6.732614e-14
4.000000e+01 -2.751269e-22  9.637255e-20  8.767367e-15  1.802070e-20  2.109218e-15
