376 5
 0 0 0 1 1
 2 2 2 6 4
 -8.770908e+01 -7.638741e+00 -5.856274e-01 -5.689399e+00 -2.188755e-01
0.000000e+00 -1.240791e+02  3.404999e+01 -1.077350e+01  1.742265e-08 -4.564619e-09
3.278564e-09 -1.240791e+02  3.404999e+01 -1.077350e+01 -4.066830e-07  1.098654e-07
1.046582e-07 -1.240789e+02  3.404993e+01 -1.077348e+01 -1.352086e-05  3.648266e-06
7.915214e-07 -1.240775e+02  3.404956e+01 -1.077336e+01 -1.023709e-04  2.762133e-05
3.316517e-06 -1.240725e+02  3.404818e+01 -1.077292e+01 -4.289863e-04  1.157471e-04
1.004733e-05 -1.240591e+02  3.404452e+01 -1.077176e+01 -1.299572e-03  3.506443e-04
2.477810e-05 -1.240299e+02  3.403649e+01 -1.076923e+01 -3.204571e-03  8.646416e-04
5.299135e-05 -1.239739e+02  3.402113e+01 -1.076437e+01 -6.851886e-03  1.848742e-03
1.020609e-04 -1.238766e+02  3.399442e+01 -1.075592e+01 -1.319151e-02  3.559268e-03
1.813877e-04 -1.237195e+02  3.395129e+01 -1.074227e+01 -2.342975e-02  6.321699e-03
3.024627e-04 -1.234801e+02  3.388553e+01 -1.072146e+01 -3.903115e-02  1.053119e-02
4.788527e-04 -1.231321e+02  3.378991e+01 -1.069120e+01 -6.170621e-02  1.664926e-02
7.261078e-04 -1.226460e+02  3.365625e+01 -1.064890e+01 -9.338337e-02  2.519622e-02
1.061591e-03 -1.219896e+02  3.347557e+01 -1.059172e+01 -1.361636e-01  3.673893e-02
1.504231e-03 -1.211289e+02  3.323838e+01 -1.051664e+01 -1.922571e-01  5.187371e-02
2.074209e-03 -1.200297e+02  3.293493e+01 -1.042058e+01 -2.639025e-01  7.120452e-02
2.792580e-03 -1.186587e+02  3.255566e+01 -1.030049e+01 -3.532699e-01  9.531670e-02
3.680838e-03 -1.169855e+02  3.209153e+01 -1.015350e+01 -4.623506e-01  1.247473e-01
4.760448e-03 -1.149841e+02  3.153455e+01 -9.977060e+00 -5.928396e-01  1.599530e-01
6.052333e-03 -1.126348e+02  3.087822e+01 -9.769071e+00 -7.460155e-01  2.012780e-01
7.576358e-03 -1.099260e+02  3.011796e+01 -9.528054e+00 -9.226283e-01  2.489231e-01
9.350803e-03 -1.068556e+02  2.925155e+01 -9.253256e+00 -1.122802e+00  3.029192e-01
1.139185e-02 -1.034317e+02  2.827941e+01 -8.944762e+00 -1.345960e+00  3.631076e-01
1.371307e-02 -9.967352e+01  2.720481e+01 -8.603554e+00 -1.590789e+00  4.291284e-01
1.632504e-02 -9.561086e+01  2.603395e+01 -8.231539e+00 -1.855237e+00  5.004205e-01
1.923484e-02 -9.128363e+01  2.477587e+01 -7.831523e+00 -2.136551e+00  5.762321e-01
2.244580e-02 -8.674025e+01  2.344218e+01 -7.407139e+00 -2.431368e+00  6.556432e-01
2.595722e-02 -8.203577e+01  2.204668e+01 -6.962723e+00 -2.735832e+00  7.375986e-01
2.976415e-02 -7.722950e+01  2.060488e+01 -6.503164e+00 -3.045749e+00  8.209490e-01
3.385735e-02 -7.238244e+01  1.913334e+01 -6.033708e+00 -3.356760e+00  9.044980e-01
3.822326e-02 -6.755470e+01  1.764907e+01 -5.559765e+00 -3.664520e+00  9.870512e-01
4.284407e-02 -6.280312e+01  1.616889e+01 -5.086703e+00 -3.964871e+00  1.067464e+00
4.769797e-02 -5.817925e+01  1.470881e+01 -4.619655e+00 -4.254003e+00  1.144685e+00
5.275935e-02 -5.372775e+01  1.328354e+01 -4.163363e+00 -4.528582e+00  1.217795e+00
5.799924e-02 -4.948539e+01  1.190607e+01 -3.722034e+00 -4.785849e+00  1.286029e+00
6.338567e-02 -4.548056e+01  1.058736e+01 -3.299250e+00 -5.023676e+00  1.348800e+00
6.888423e-02 -4.173328e+01  9.336231e+00 -2.897911e+00 -5.240596e+00  1.405704e+00
7.445863e-02 -3.825562e+01  8.159293e+00 -2.520213e+00 -5.435789e+00  1.456515e+00
8.007127e-02 -3.505250e+01  7.060996e+00 -2.167664e+00 -5.609040e+00  1.501182e+00
8.568391e-02 -3.212264e+01  6.043793e+00 -1.841125e+00 -5.760678e+00  1.539803e+00
9.125831e-02 -2.945966e+01  5.108340e+00 -1.540870e+00 -5.891497e+00  1.572613e+00
9.675688e-02 -2.705316e+01  4.253748e+00 -1.266668e+00 -6.002666e+00  1.599950e+00
1.021433e-01 -2.488981e+01  3.477850e+00 -1.017862e+00 -6.095637e+00  1.622238e+00
1.073832e-01 -2.295432e+01  2.777468e+00 -7.934573e-01 -6.172059e+00  1.639955e+00
1.124446e-01 -2.123022e+01  2.148677e+00 -5.922032e-01 -6.233691e+00  1.653612e+00
1.172985e-01 -1.970060e+01  1.587038e+00 -4.126724e-01 -6.282333e+00  1.663736e+00
1.219193e-01 -1.834863e+01  1.087802e+00 -2.533279e-01 -6.319765e+00  1.670845e+00
1.262852e-01 -1.715799e+01  6.460923e-01 -1.125812e-01 -6.347696e+00  1.675436e+00
1.303784e-01 -1.611311e+01  2.570360e-01  1.115945e-02 -6.367726e+00  1.677978e+00
1.341853e-01 -1.519941e+01 -8.411967e-02  1.194514e-01 -6.381322e+00  1.678898e+00
1.376967e-01 -1.440337e+01 -3.819307e-01  2.137900e-01 -6.389797e+00  1.678577e+00
1.409077e-01 -1.371256e+01 -6.407016e-01  2.955892e-01 -6.394308e+00  1.677350e+00
1.438175e-01 -1.311565e+01 -8.644533e-01  3.661694e-01 -6.395850e+00  1.675504e+00
1.464295e-01 -1.260235e+01 -1.056909e+00  4.267516e-01 -6.395262e+00  1.673276e+00
1.487507e-01 -1.216332e+01 -1.221491e+00  4.784563e-01 -6.393235e+00  1.670860e+00
1.507917e-01 -1.179014e+01 -1.361336e+00  5.223064e-01 -6.390323e+00  1.668409e+00
1.525662e-01 -1.147516e+01 -1.479302e+00  5.592316e-01 -6.386960e+00  1.666036e+00
1.540902e-01 -1.121146e+01 -1.577998e+00  5.900756e-01 -6.383472e+00  1.663824e+00
1.553821e-01 -1.099275e+01 -1.659799e+00  6.156033e-01 -6.380090e+00  1.661825e+00
1.564617e-01 -1.081330e+01 -1.726869e+00  6.365080e-01 -6.376971e+00  1.660070e+00
1.573500e-01 -1.066789e+01 -1.781183e+00  6.534190e-01 -6.374209e+00  1.658569e+00
1.580683e-01 -1.055175e+01 -1.824542e+00  6.669071e-01 -6.371847e+00  1.657317e+00
1.586383e-01 -1.046051e+01 -1.858587e+00  6.774900e-01 -6.369892e+00  1.656300e+00
1.590810e-01 -1.039021e+01 -1.884809e+00  6.856366e-01 -6.368326e+00  1.655497e+00
1.594164e-01 -1.033725e+01 -1.904558e+00  6.917692e-01 -6.367111e+00  1.654880e+00
1.596637e-01 -1.029839e+01 -1.919044e+00  6.962661e-01 -6.366199e+00  1.654420e+00
1.598401e-01 -1.027076e+01 -1.929343e+00  6.994623e-01 -6.365541e+00  1.654090e+00
1.599612e-01 -1.025183e+01 -1.936395e+00  7.016504e-01 -6.365086e+00  1.653862e+00
1.600405e-01 -1.023945e+01 -1.941007e+00  7.030816e-01 -6.364786e+00  1.653713e+00
1.600896e-01 -1.023180e+01 -1.943858e+00  7.039659e-01 -6.364599e+00  1.653620e+00
1.601178e-01 -1.022741e+01 -1.945496e+00  7.044739e-01 -6.364492e+00  1.653567e+00
1.601325e-01 -1.022511e+01 -1.946350e+00  7.047391e-01 -6.364436e+00  1.653539e+00
1.601392e-01 -1.022407e+01 -1.946741e+00  7.048603e-01 -6.364410e+00  1.653526e+00
1.601418e-01 -1.022367e+01 -1.946887e+00  7.049057e-01 -6.364401e+00  1.653521e+00
1.601424e-01 -1.022357e+01 -1.946927e+00  7.049181e-01 -6.364398e+00  1.653520e+00
1.601425e-01 -1.022355e+01 -1.946933e+00  7.049199e-01 -6.364398e+00  1.653520e+00
1.601426e-01 -1.022355e+01 -1.946934e+00  7.049202e-01 -6.364398e+00  1.653520e+00
1.601430e-01 -1.022348e+01 -1.946958e+00  7.049276e-01 -6.364396e+00  1.653519e+00
1.601458e-01 -1.022305e+01 -1.947120e+00  7.049779e-01 -6.364385e+00  1.653514e+00
1.601560e-01 -1.022145e+01 -1.947716e+00  7.051627e-01 -6.364346e+00  1.653494e+00
1.601834e-01 -1.021719e+01 -1.949304e+00  7.056552e-01 -6.364242e+00  1.653442e+00
1.602433e-01 -1.020787e+01 -1.952776e+00  7.067321e-01 -6.364012e+00  1.653328e+00
1.603581e-01 -1.019004e+01 -1.959416e+00  7.087917e-01 -6.363571e+00  1.653110e+00
1.605577e-01 -1.015912e+01 -1.970936e+00  7.123638e-01 -6.362796e+00  1.652727e+00
1.608803e-01 -1.010932e+01 -1.989479e+00  7.181121e-01 -6.361527e+00  1.652104e+00
1.613728e-01 -1.003380e+01 -2.017594e+00  7.268228e-01 -6.359547e+00  1.651141e+00
1.620903e-01 -9.924796e+00 -2.058148e+00  7.393784e-01 -6.356572e+00  1.649712e+00
1.630960e-01 -9.774020e+00 -2.114193e+00  7.567112e-01 -6.352226e+00  1.647656e+00
1.644606e-01 -9.573153e+00 -2.188762e+00  7.797370e-01 -6.346001e+00  1.644771e+00
1.662611e-01 -9.314522e+00 -2.284594e+00  8.092653e-01 -6.337227e+00  1.640800e+00
1.685795e-01 -8.991902e+00 -2.403811e+00  8.458914e-01 -6.325015e+00  1.635419e+00
1.715015e-01 -8.601383e+00 -2.547551e+00  8.898756e-01 -6.308212e+00  1.628224e+00
1.751145e-01 -8.142206e+00 -2.715604e+00  9.410223e-01 -6.285364e+00  1.618718e+00
1.795059e-01 -7.617435e+00 -2.906093e+00  9.985729e-01 -6.254689e+00  1.606309e+00
1.847607e-01 -7.034328e+00 -3.115260e+00  1.061134e+00 -6.214098e+00  1.590312e+00
1.909597e-01 -6.404296e+00 -3.337407e+00  1.126655e+00 -6.161242e+00  1.569967e+00
1.981774e-01 -5.742360e+00 -3.565046e+00  1.192477e+00 -6.093629e+00  1.544473e+00
2.064794e-01 -5.066134e+00 -3.789259e+00  1.255454e+00 -6.008780e+00  1.513033e+00
2.159211e-01 -4.394421e+00 -4.000280e+00  1.312143e+00 -5.904436e+00  1.474917e+00
2.265454e-01 -3.745612e+00 -4.188218e+00  1.359059e+00 -5.778783e+00  1.429531e+00
2.383811e-01 -3.136124e+00 -4.343869e+00  1.392948e+00 -5.630675e+00  1.376487e+00
2.514418e-01 -2.579110e+00 -4.459487e+00  1.411064e+00 -5.459819e+00  1.315660e+00
2.657247e-01 -2.083618e+00 -4.529433e+00  1.411403e+00 -5.266899e+00  1.247233e+00
2.812096e-01 -1.654306e+00 -4.550596e+00  1.392866e+00 -5.053607e+00  1.171710e+00
2.978589e-01 -1.291677e+00 -4.522558e+00  1.355336e+00 -4.822576e+00  1.089906e+00
3.156174e-01 -9.927353e-01 -4.447478e+00  1.299651e+00 -4.577233e+00  1.002904e+00
3.344127e-01 -7.519050e-01 -4.329740e+00  1.227501e+00 -4.321574e+00  9.119959e-01
3.541562e-01 -5.620174e-01 -4.175428e+00  1.141249e+00 -4.059900e+00  8.185996e-01
3.747436e-01 -4.152325e-01 -3.991713e+00  1.043718e+00 -3.796551e+00  7.241795e-01
3.960570e-01 -3.037838e-01 -3.786238e+00  9.379608e-01 -3.535655e+00  6.301648e-01
4.179666e-01 -2.205027e-01 -3.566556e+00  8.270516e-01 -3.280933e+00  5.378815e-01
4.403322e-01 -1.591245e-01 -3.339697e+00  7.139049e-01 -3.035556e+00  4.484990e-01
4.630064e-01 -1.144120e-01 -3.111847e+00  6.011400e-01 -2.802065e+00  3.629954e-01
4.858360e-01 -8.214430e-02 -2.888172e+00  4.909920e-01 -2.582353e+00  2.821401e-01
5.086657e-01 -5.902276e-02 -2.672752e+00  3.852673e-01 -2.377687e+00  2.064912e-01
5.313398e-01 -4.253566e-02 -2.468614e+00  2.853362e-01 -2.188765e+00  1.364062e-01
5.537055e-01 -3.081137e-02 -2.277817e+00  1.921547e-01 -2.015798e+00  7.206089e-02
5.756150e-01 -2.247973e-02 -2.101587e+00  1.063070e-01 -1.858597e+00  1.347454e-02
5.969285e-01 -1.655172e-02 -1.940465e+00  2.805866e-02 -1.716664e+00 -3.946250e-02
6.175159e-01 -1.232112e-02 -1.794452e+00 -4.258459e-02 -1.589272e+00 -8.696082e-02
6.372593e-01 -9.287723e-03 -1.663148e+00 -1.058186e-01 -1.475543e+00 -1.293053e-01
6.560547e-01 -7.099436e-03 -1.545872e+00 -1.619872e-01 -1.374511e+00 -1.668312e-01
6.738132e-01 -5.509400e-03 -1.441758e+00 -2.115344e-01 -1.285166e+00 -1.999034e-01
6.904625e-01 -4.344836e-03 -1.349840e+00 -2.549649e-01 -1.206499e+00 -2.288995e-01
7.059474e-01 -3.484672e-03 -1.269106e+00 -2.928118e-01 -1.137526e+00 -2.541962e-01
7.202302e-01 -2.843768e-03 -1.198547e+00 -3.256122e-01 -1.077309e+00 -2.761595e-01
7.332910e-01 -2.361959e-03 -1.137184e+00 -3.538889e-01 -1.024967e+00 -2.951374e-01
7.451267e-01 -1.996532e-03 -1.084087e+00 -3.781386e-01 -9.796827e-01 -3.114555e-01
7.557510e-01 -1.717044e-03 -1.038390e+00 -3.988243e-01 -9.407030e-01 -3.254145e-01
7.651927e-01 -1.501698e-03 -9.992902e-01 -4.163710e-01 -9.073395e-01 -3.372893e-01
7.734947e-01 -1.334786e-03 -9.660504e-01 -4.311650e-01 -8.789640e-01 -3.473295e-01
7.807123e-01 -1.204865e-03 -9.379971e-01 -4.435544e-01 -8.550042e-01 -3.557607e-01
7.869114e-01 -1.103492e-03 -9.145157e-01 -4.538516e-01 -8.349390e-01 -3.627856e-01
7.921662e-01 -1.024348e-03 -8.950457e-01 -4.623358e-01 -8.182936e-01 -3.685869e-01
7.965576e-01 -9.626421e-04 -8.790755e-01 -4.692562e-01 -8.046341e-01 -3.733284e-01
8.001706e-01 -9.147063e-04 -8.661381e-01 -4.748357e-01 -7.935643e-01 -3.771578e-01
8.030926e-01 -8.777001e-04 -8.558070e-01 -4.792733e-01 -7.847216e-01 -3.802080e-01
8.054110e-01 -8.493995e-04 -8.476932e-01 -4.827470e-01 -7.777747e-01 -3.825985e-01
8.072115e-01 -8.280385e-04 -8.414424e-01 -4.854161e-01 -7.724217e-01 -3.844371e-01
8.085761e-01 -8.121933e-04 -8.367340e-01 -4.874225e-01 -7.683888e-01 -3.858202e-01
8.095818e-01 -8.006987e-04 -8.332798e-01 -4.888921e-01 -7.654298e-01 -3.868339e-01
8.102992e-01 -7.925912e-04 -8.308239e-01 -4.899358e-01 -7.633257e-01 -3.875541e-01
8.107917e-01 -7.870697e-04 -8.291421e-01 -4.906500e-01 -7.618848e-01 -3.880470e-01
8.111144e-01 -7.834712e-04 -8.280420e-01 -4.911169e-01 -7.609422e-01 -3.883694e-01
8.113140e-01 -7.812526e-04 -8.273622e-01 -4.914053e-01 -7.603596e-01 -3.885685e-01
8.114287e-01 -7.799796e-04 -8.269716e-01 -4.915710e-01 -7.600249e-01 -3.886829e-01
8.114887e-01 -7.793157e-04 -8.267677e-01 -4.916574e-01 -7.598502e-01 -3.887426e-01
8.115160e-01 -7.790125e-04 -8.266746e-01 -4.916969e-01 -7.597704e-01 -3.887699e-01
8.115263e-01 -7.788987e-04 -8.266396e-01 -4.917118e-01 -7.597405e-01 -3.887801e-01
8.115291e-01 -7.788678e-04 -8.266301e-01 -4.917158e-01 -7.597323e-01 -3.887829e-01
8.115295e-01 -7.788632e-04 -8.266287e-01 -4.917164e-01 -7.597311e-01 -3.887833e-01
8.115296e-01 -7.788626e-04 -8.266285e-01 -4.917165e-01 -7.597310e-01 -3.887834e-01
8.115308e-01 -7.788487e-04 -8.266242e-01 -4.917183e-01 -7.597273e-01 -3.887846e-01
8.115394e-01 -7.787545e-04 -8.265951e-01 -4.917306e-01 -7.597023e-01 -3.887932e-01
8.115709e-01 -7.784081e-04 -8.264881e-01 -4.917760e-01 -7.596106e-01 -3.888245e-01
8.116547e-01 -7.774856e-04 -8.262029e-01 -4.918970e-01 -7.593662e-01 -3.889080e-01
8.118383e-01 -7.754704e-04 -8.255789e-01 -4.921615e-01 -7.588315e-01 -3.890907e-01
8.121899e-01 -7.716254e-04 -8.243852e-01 -4.926674e-01 -7.578085e-01 -3.894402e-01
8.128014e-01 -7.649833e-04 -8.223128e-01 -4.935451e-01 -7.560326e-01 -3.900466e-01
8.137899e-01 -7.543663e-04 -8.189732e-01 -4.949580e-01 -7.531702e-01 -3.910232e-01
8.152987e-01 -7.384450e-04 -8.139007e-01 -4.971003e-01 -7.488220e-01 -3.925049e-01
8.174968e-01 -7.158493e-04 -8.065642e-01 -5.001909e-01 -7.425316e-01 -3.946445e-01
8.205780e-01 -6.853350e-04 -7.963860e-01 -5.044627e-01 -7.338018e-01 -3.976058e-01
8.247587e-01 -6.460024e-04 -7.827713e-01 -5.101469e-01 -7.221188e-01 -4.015540e-01
8.302747e-01 -5.975425e-04 -7.651470e-01 -5.174522e-01 -7.069851e-01 -4.066419e-01
8.373776e-01 -5.404646e-04 -7.430098e-01 -5.265386e-01 -6.879589e-01 -4.129933e-01
8.463297e-01 -4.762423e-04 -7.159807e-01 -5.374874e-01 -6.646998e-01 -4.206846e-01
8.573988e-01 -4.073097e-04 -6.838608e-01 -5.502712e-01 -6.370148e-01 -4.297243e-01
8.708525e-01 -3.368587e-04 -6.466831e-01 -5.647239e-01 -6.049015e-01 -4.400352e-01
8.869516e-01 -2.684397e-04 -6.047512e-01 -5.805195e-01 -5.685803e-01 -4.514391e-01
9.059434e-01 -2.054340e-04 -5.586581e-01 -5.971609e-01 -5.285112e-01 -4.636490e-01
9.280559e-01 -1.505242e-04 -5.092763e-01 -6.139848e-01 -4.853875e-01 -4.762705e-01
9.534907e-01 -1.053115e-04 -4.577176e-01 -6.301864e-01 -4.401059e-01 -4.888139e-01
9.824170e-01 -7.018468e-05 -4.052615e-01 -6.448627e-01 -3.937117e-01 -5.007183e-01
1.014966e+00 -4.446183e-05 -3.532598e-01 -6.570746e-01 -3.473257e-01 -5.113855e-01
1.051227e+00 -2.672793e-05 -3.030289e-01 -6.659199e-01 -3.020600e-01 -5.202222e-01
1.091241e+00 -1.523585e-05 -2.557448e-01 -6.706104e-01 -2.589346e-01 -5.266840e-01
1.134999e+00 -8.249988e-06 -2.123560e-01 -6.705421e-01 -2.188052e-01 -5.303189e-01
1.182440e+00 -4.269412e-06 -1.735258e-01 -6.653505e-01 -1.823131e-01 -5.308021e-01
1.233448e+00 -2.131375e-06 -1.396111e-01 -6.549412e-01 -1.498596e-01 -5.279606e-01
1.287854e+00 -1.027376e-06 -1.106762e-01 -6.394945e-01 -1.216086e-01 -5.217829e-01
1.345437e+00 -4.622784e-07 -8.653567e-02 -6.194416e-01 -9.751080e-02 -5.124143e-01
1.405925e+00 -1.759807e-07 -6.681438e-02 -5.954193e-01 -7.734459e-02 -5.001379e-01
1.468998e+00 -4.807424e-08 -5.101508e-02 -5.682080e-01 -6.076511e-02 -4.853460e-01
1.534295e+00 -1.467589e-08 -3.858182e-02 -5.386646e-01 -4.735356e-02 -4.685048e-01
1.601419e+00 -2.359191e-08 -2.895297e-02 -5.076573e-01 -3.666145e-02 -4.501179e-01
1.669940e+00 -3.118718e-08 -2.160009e-02 -4.760090e-01 -2.824593e-02 -4.306918e-01
1.739407e+00 -1.791289e-08 -1.605227e-02 -4.444561e-01 -2.169477e-02 -4.107079e-01
1.809349e+00  6.870472e-09 -1.190771e-02 -4.136209e-01 -1.664144e-02 -3.906014e-01
1.879292e+00  2.124873e-08 -8.835536e-03 -3.839997e-01 -1.277186e-02 -3.707471e-01
1.948758e+00  1.415078e-08 -6.571232e-03 -3.559625e-01 -9.824887e-03 -3.514539e-01
2.017280e+00 -5.191889e-09 -4.908434e-03 -3.297617e-01 -7.588790e-03 -3.329635e-01
2.084403e+00 -1.791982e-08 -3.689407e-03 -3.055467e-01 -5.895443e-03 -3.154545e-01
2.149701e+00 -1.352398e-08 -2.795584e-03 -2.833814e-01 -4.613619e-03 -2.990490e-01
2.212774e+00  2.190724e-09 -2.139028e-03 -2.632619e-01 -3.642311e-03 -2.838203e-01
2.273262e+00  1.454732e-08 -1.655176e-03 -2.451336e-01 -2.904617e-03 -2.698017e-01
2.330845e+00  1.371260e-08 -1.296977e-03 -2.289061e-01 -2.342464e-03 -2.569946e-01
2.385251e+00  1.942654e-09 -1.030306e-03 -2.144655e-01 -1.912256e-03 -2.453758e-01
2.436259e+00 -1.028917e-08 -8.304877e-04 -2.016846e-01 -1.581395e-03 -2.349043e-01
2.483700e+00 -1.380515e-08 -6.797049e-04 -1.904304e-01 -1.325568e-03 -2.255263e-01
2.527458e+00 -7.235418e-09 -5.650910e-04 -1.805698e-01 -1.126658e-03 -2.171795e-01
2.567472e+00  3.601859e-09 -4.773376e-04 -1.719733e-01 -9.711571e-04 -2.097971e-01
2.603732e+00  1.116665e-08 -4.096852e-04 -1.645175e-01 -8.489699e-04 -2.033096e-01
2.636282e+00  1.141214e-08 -3.571988e-04 -1.580865e-01 -7.525229e-04 -1.976471e-01
2.665208e+00  5.379068e-09 -3.162520e-04 -1.525727e-01 -6.761069e-04 -1.927403e-01
2.690643e+00 -2.721351e-09 -2.841622e-04 -1.478766e-01 -6.153949e-04 -1.885217e-01
2.712755e+00 -8.641012e-09 -2.589317e-04 -1.439066e-01 -5.670875e-04 -1.849259e-01
2.731747e+00 -1.023615e-08 -2.390619e-04 -1.405787e-01 -5.286517e-04 -1.818902e-01
2.747846e+00 -7.812168e-09 -2.234185e-04 -1.378158e-01 -4.981266e-04 -1.793545e-01
2.761300e+00 -3.175728e-09 -2.111338e-04 -1.355470e-01 -4.739791e-04 -1.772616e-01
2.772369e+00  1.629748e-09 -2.015352e-04 -1.337074e-01 -4.549958e-04 -1.755574e-01
2.781321e+00  5.189117e-09 -1.940937e-04 -1.322373e-01 -4.402042e-04 -1.741907e-01
2.788424e+00  6.974216e-09 -1.883868e-04 -1.310820e-01 -4.288137e-04 -1.731137e-01
2.793940e+00  7.159867e-09 -1.840725e-04 -1.301916e-01 -4.201740e-04 -1.722817e-01
2.798121e+00  6.273943e-09 -1.808696e-04 -1.295206e-01 -4.137435e-04 -1.716538e-01
2.801202e+00  4.890618e-09 -1.785457e-04 -1.290282e-01 -4.090683e-04 -1.711924e-01
2.803400e+00  3.453645e-09 -1.769066e-04 -1.286781e-01 -4.057660e-04 -1.708640e-01
2.804909e+00  2.223383e-09 -1.757904e-04 -1.284382e-01 -4.035151e-04 -1.706389e-01
2.805897e+00  1.300903e-09 -1.750631e-04 -1.282814e-01 -4.020472e-04 -1.704916e-01
2.806509e+00  6.817389e-10 -1.746148e-04 -1.281844e-01 -4.011419e-04 -1.704005e-01
2.806861e+00  3.084078e-10 -1.743576e-04 -1.281287e-01 -4.006224e-04 -1.703482e-01
2.807044e+00  1.083613e-10 -1.742234e-04 -1.280996e-01 -4.003514e-04 -1.703209e-01
2.807128e+00  1.577452e-11 -1.741621e-04 -1.280863e-01 -4.002277e-04 -1.703084e-01
2.807159e+00 -1.915045e-11 -1.741392e-04 -1.280813e-01 -4.001812e-04 -1.703037e-01
2.807168e+00 -2.866909e-11 -1.741329e-04 -1.280800e-01 -4.001686e-04 -1.703025e-01
2.807169e+00 -3.007469e-11 -1.741320e-04 -1.280798e-01 -4.001667e-04 -1.703023e-01
2.807169e+00 -3.012010e-11 -1.741319e-04 -1.280798e-01 -4.001665e-04 -1.703022e-01
2.807174e+00 -3.011859e-11 -1.741286e-04 -1.280791e-01 -4.001600e-04 -1.703016e-01
2.807204e+00 -3.010839e-11 -1.741068e-04 -1.280743e-01 -4.001159e-04 -1.702971e-01
2.807313e+00 -3.007091e-11 -1.740267e-04 -1.280569e-01 -3.999540e-04 -1.702808e-01
2.807606e+00 -2.997120e-11 -1.738132e-04 -1.280106e-01 -3.995227e-04 -1.702373e-01
2.808246e+00 -2.975390e-11 -1.733469e-04 -1.279093e-01 -3.985805e-04 -1.701421e-01
2.809473e+00 -2.934128e-11 -1.724574e-04 -1.277154e-01 -3.967821e-04 -1.699598e-01
2.811606e+00 -2.863470e-11 -1.709210e-04 -1.273789e-01 -3.936736e-04 -1.696433e-01
2.815055e+00 -2.752161e-11 -1.684663e-04 -1.268368e-01 -3.887000e-04 -1.691329e-01
2.820318e+00 -2.589038e-11 -1.647873e-04 -1.260136e-01 -3.812301e-04 -1.683567e-01
2.827987e+00 -2.365426e-11 -1.595707e-04 -1.248236e-01 -3.706048e-04 -1.672321e-01
2.838736e+00 -2.078354e-11 -1.525350e-04 -1.231739e-01 -3.562094e-04 -1.656680e-01
2.853321e+00 -1.734050e-11 -1.434820e-04 -1.209693e-01 -3.375710e-04 -1.635686e-01
2.872564e+00 -1.350609e-11 -1.323546e-04 -1.181191e-01 -3.144696e-04 -1.608384e-01
2.897343e+00 -9.582352e-12 -1.192888e-04 -1.145452e-01 -2.870459e-04 -1.573886e-01
2.928573e+00 -5.955346e-12 -1.046456e-04 -1.101907e-01 -2.558788e-04 -1.531440e-01
2.967189e+00 -3.012683e-12 -8.900632e-05 -1.050296e-01 -2.220020e-04 -1.480514e-01
3.014123e+00 -1.030451e-12 -7.312015e-05 -9.907481e-02 -1.868372e-04 -1.420870e-01
3.070287e+00 -6.894238e-14 -5.780606e-05 -9.238376e-02 -1.520371e-04 -1.352629e-01
3.136542e+00  6.896755e-14 -4.382717e-05 -8.506087e-02 -1.192620e-04 -1.276317e-01
3.213683e+00 -2.237660e-13 -3.176877e-05 -7.725469e-02 -8.993503e-05 -1.192884e-01
3.302415e+00 -5.168507e-13 -2.195539e-05 -6.915004e-02 -6.504091e-05 -1.103676e-01
3.403327e+00 -5.298861e-13 -1.443030e-05 -6.095515e-02 -4.501904e-05 -1.010377e-01
3.516879e+00 -2.445247e-13 -8.998821e-06 -5.288535e-02 -2.977562e-05 -9.149085e-02
3.643378e+00  1.334632e-13 -5.313450e-06 -4.514544e-02 -1.879781e-05 -8.193007e-02
3.782971e+00  3.459384e-13 -2.967869e-06 -3.791323e-02 -1.132375e-05 -7.255566e-02
3.935625e+00  2.748877e-13 -1.572004e-06 -3.132672e-02 -6.514519e-06 -6.355158e-02
4.101127e+00  1.904903e-14 -7.967228e-07 -2.547669e-02 -3.587928e-06 -5.507421e-02
4.279073e+00 -1.992669e-13 -3.919022e-07 -2.040511e-02 -1.898371e-06 -4.724442e-02
4.468875e+00 -2.179099e-13 -1.872217e-07 -1.610914e-02 -9.663105e-07 -4.014368e-02
4.669759e+00 -5.651680e-14 -8.212051e-08 -1.254910e-02 -4.702216e-07 -3.381410e-02
4.880776e+00  1.213331e-13 -2.764247e-08 -9.658755e-03 -2.151864e-07 -2.826193e-02
5.100813e+00  1.627039e-13 -3.857736e-09 -7.356028e-03 -9.200239e-08 -2.346339e-02
5.328610e+00  5.431399e-14 -1.017956e-10 -5.552601e-03 -3.984417e-08 -1.937181e-02
5.562778e+00 -8.450370e-14 -5.151498e-09 -4.161579e-03 -2.177516e-08 -1.592503e-02
5.801821e+00 -1.249789e-13 -8.288716e-09 -3.102798e-03 -1.469567e-08 -1.305232e-02
6.044160e+00 -4.515393e-14 -4.808457e-09 -2.305904e-03 -7.587937e-09 -1.068009e-02
6.288163e+00  6.502662e-14  2.154770e-09 -1.711582e-03  2.432331e-10 -8.736349e-03
6.532165e+00  1.006127e-13  6.153585e-09 -1.271457e-03  4.678129e-09 -7.153828e-03
6.774505e+00  3.894257e-14  4.020488e-09 -9.471533e-04  3.393727e-09 -5.871825e-03
7.013547e+00 -5.128495e-14 -1.549721e-09 -7.089201e-04 -1.235932e-09 -4.837103e-03
7.247715e+00 -8.472996e-14 -5.151854e-09 -5.341226e-04 -4.451524e-09 -4.004033e-03
7.475513e+00 -3.805313e-14 -3.830672e-09 -4.057997e-04 -3.484092e-09 -3.334230e-03
7.695550e+00  3.827169e-14  6.912631e-10 -3.113919e-04  3.788349e-10 -2.795898e-03
7.906566e+00  7.445267e-14  4.195995e-09 -2.416847e-04  3.535426e-09 -2.363022e-03
8.107450e+00  4.370338e-14  3.901568e-09 -1.899656e-04  3.467898e-09 -2.014532e-03
8.297252e+00 -2.184632e-14  4.999631e-10 -1.513694e-04  6.264722e-10 -1.733493e-03
8.475199e+00 -6.611077e-14 -2.989669e-09 -1.223793e-04 -2.440382e-09 -1.506378e-03
8.640700e+00 -5.669527e-14 -3.954397e-09 -1.004538e-04 -3.420390e-09 -1.322423e-03
8.793354e+00 -5.427385e-15 -2.033899e-09 -8.375290e-05 -1.894370e-09 -1.173088e-03
8.932947e+00  4.771649e-14  1.082035e-09 -7.093990e-05  7.567928e-10 -1.051605e-03
9.059447e+00  6.712248e-14  3.231334e-09 -6.104076e-05  2.674263e-09 -9.526122e-04
9.172998e+00  4.387422e-14  3.269121e-09 -5.334325e-05  2.821143e-09 -8.718549e-04
9.273910e+00 -4.209525e-15  1.511889e-09 -4.732446e-05  1.407422e-09 -8.059514e-04
9.362642e+00 -4.863681e-14 -8.220803e-10 -4.259815e-05 -5.574933e-10 -7.522036e-04
9.439784e+00 -6.801698e-14 -2.513830e-09 -3.887653e-05 -2.029884e-09 -7.084487e-04
9.506039e+00 -5.692580e-14 -2.954609e-09 -3.594287e-05 -2.466624e-09 -6.729420e-04
9.562202e+00 -2.406696e-14 -2.239877e-09 -3.363200e-05 -1.922349e-09 -6.442657e-04
9.609136e+00  1.558134e-14 -8.938824e-10 -3.181662e-05 -8.254523e-10 -6.212575e-04
9.647752e+00  4.865737e-14  4.943533e-10 -3.039754e-05  3.294046e-10 -6.029558e-04
9.678982e+00  6.777105e-14  1.518750e-09 -2.929663e-05  1.194896e-09 -5.885565e-04
9.703762e+00  7.190393e-14  2.029262e-09 -2.845158e-05  1.637457e-09 -5.773809e-04
9.723005e+00  6.436250e-14  2.078011e-09 -2.781202e-05  1.694873e-09 -5.688511e-04
9.737589e+00  5.012998e-14  1.818202e-09 -2.733670e-05  1.492151e-09 -5.624718e-04
9.748339e+00  3.383278e-14  1.415810e-09 -2.699145e-05  1.167001e-09 -5.578167e-04
9.756007e+00  1.871854e-14  9.988472e-10 -2.674772e-05  8.265316e-10 -5.545197e-04
9.761270e+00  6.484542e-15  6.422782e-10 -2.658165e-05  5.339601e-10 -5.522681e-04
9.764719e+00 -2.409442e-15  3.750801e-10 -2.647337e-05  3.141485e-10 -5.507979e-04
9.766852e+00 -8.274878e-15  1.958009e-10 -2.640660e-05  1.664485e-10 -5.498905e-04
9.768079e+00 -1.177671e-14  8.772379e-11 -2.636828e-05  7.733606e-11 -5.493695e-04
9.768719e+00 -1.364325e-14  2.981758e-11 -2.634830e-05  2.957018e-11 -5.490976e-04
9.769012e+00 -1.450490e-14  3.018407e-12 -2.633917e-05  7.459300e-12 -5.489734e-04
9.769122e+00 -1.482957e-14 -7.090376e-12 -2.633575e-05 -8.817898e-13 -5.489269e-04
9.769151e+00 -1.491802e-14 -9.845458e-12 -2.633482e-05 -3.155170e-12 -5.489142e-04
9.769156e+00 -1.493108e-14 -1.025229e-11 -2.633468e-05 -3.490876e-12 -5.489123e-04
9.769157e+00 -1.493147e-14 -1.026543e-11 -2.633466e-05 -3.501727e-12 -5.489120e-04
9.769176e+00 -1.493037e-14 -1.026485e-11 -2.633406e-05 -3.501541e-12 -5.489039e-04
9.769305e+00 -1.492294e-14 -1.026090e-11 -2.633004e-05 -3.500279e-12 -5.488489e-04
9.769782e+00 -1.489567e-14 -1.024641e-11 -2.631527e-05 -3.495643e-12 -5.486468e-04
9.771053e+00 -1.482312e-14 -1.020785e-11 -2.627594e-05 -3.483309e-12 -5.481083e-04
9.773833e+00 -1.466520e-14 -1.012386e-11 -2.619005e-05 -3.456438e-12 -5.469319e-04
9.779159e+00 -1.436596e-14 -9.964472e-12 -2.602634e-05 -3.405432e-12 -5.446857e-04
9.788423e+00 -1.385551e-14 -9.691872e-12 -2.574401e-05 -3.318148e-12 -5.408015e-04
9.803397e+00 -1.305659e-14 -9.263340e-12 -2.529402e-05 -3.180808e-12 -5.345817e-04
9.826253e+00 -1.189791e-14 -8.637416e-12 -2.462220e-05 -2.979905e-12 -5.252284e-04
9.859551e+00 -1.033498e-14 -7.783761e-12 -2.367505e-05 -2.705273e-12 -5.118989e-04
9.906227e+00 -8.377002e-15 -6.696189e-12 -2.240804e-05 -2.354159e-12 -4.937908e-04
9.969557e+00 -6.113866e-15 -5.406463e-12 -2.079610e-05 -1.935581e-12 -4.702575e-04
1.005312e+01 -3.732082e-15 -3.994016e-12 -1.884470e-05 -1.473496e-12 -4.409416e-04
1.016071e+01 -1.504791e-15 -2.584945e-12 -1.659864e-05 -1.006725e-12 -4.059090e-04
1.029632e+01  2.566667e-16 -1.334092e-12 -1.414509e-05 -5.837258e-13 -3.657519e-04
1.046400e+01  1.289849e-15 -3.887093e-13 -1.160785e-05 -2.516482e-13 -3.216271e-04
1.066781e+01  1.485118e-15  1.587562e-13 -9.131365e-06 -4.186242e-14 -2.752000e-04
1.091168e+01  9.612954e-16  3.108793e-13 -6.856945e-06  4.270426e-14 -2.284833e-04
1.119938e+01  6.069395e-17  1.756967e-13 -4.897014e-06  3.151133e-14 -1.835883e-04
1.153435e+01 -7.637555e-16 -6.770433e-14 -3.315652e-06 -2.310917e-14 -1.424356e-04
1.191965e+01 -1.138971e-15 -2.418037e-13 -2.122110e-06 -6.724353e-14 -1.064947e-04
1.235784e+01 -9.477751e-16 -2.487346e-13 -1.279159e-06 -6.893145e-14 -7.661245e-05
1.285091e+01 -3.805811e-16 -1.090807e-13 -7.217886e-07 -3.060915e-14 -5.297317e-05
1.340020e+01  1.886427e-16  6.642853e-14 -3.776744e-07  1.812248e-14 -3.518349e-05
1.400635e+01  4.395263e-16  1.584598e-13 -1.816458e-07  4.377416e-14 -2.244617e-05
1.466922e+01  3.020255e-16  1.207434e-13 -8.138687e-08  3.292534e-14 -1.376431e-05
1.538787e+01 -2.653976e-17  4.741462e-15 -3.710803e-08 -1.299207e-17 -8.124115e-06
1.616056e+01 -2.552650e-16 -8.913162e-14 -1.996337e-08 -2.641891e-14 -4.624254e-06
1.698474e+01 -2.262221e-16 -9.327894e-14 -1.172022e-08 -2.696672e-14 -2.543099e-06
1.785703e+01 -1.328993e-17 -2.128086e-14 -4.522118e-09 -5.704996e-15 -1.352664e-06
1.877332e+01  1.769990e-16  5.405079e-14  1.659417e-09  1.621181e-14 -6.961754e-07
1.972878e+01  2.012988e-16  6.896502e-14  4.092378e-09  2.032791e-14 -3.479002e-07
2.071794e+01  9.258689e-17  2.123888e-14  2.082061e-09  6.146844e-15 -1.711941e-07
2.173476e+01 -1.443757e-18 -3.681283e-14 -1.665256e-09 -1.093657e-14 -8.517793e-08
2.277275e+01  2.100556e-17 -5.202636e-14 -3.450258e-09 -1.536040e-14 -4.331310e-08
2.382505e+01  1.184107e-16 -1.759484e-14 -1.886321e-09 -5.221278e-15 -2.115205e-08
2.488458e+01  1.601823e-16  2.765075e-14  1.180643e-09  7.973599e-15 -8.342922e-09
2.594410e+01  6.776015e-17  4.088864e-14  2.777592e-09  1.160136e-14 -1.813386e-09
2.699641e+01 -1.015292e-16  1.455550e-14  1.651128e-09  3.521338e-15 -2.567887e-10
2.803440e+01 -2.060825e-16 -2.197541e-14 -8.369475e-10 -7.427038e-15 -1.429453e-09
2.905122e+01 -1.502527e-16 -3.419759e-14 -2.295360e-09 -1.087375e-14 -2.529100e-09
3.004038e+01  3.248406e-17 -1.403804e-14 -1.566207e-09 -4.363438e-15 -1.927727e-09
3.099584e+01  2.141890e-16  1.684839e-14  4.515000e-10  5.566242e-15 -3.533626e-11
3.191213e+01  2.829957e-16  3.025374e-14  1.888718e-09  1.024740e-14  1.540829e-09
3.278442e+01  2.272455e-16  1.646510e-14  1.624901e-09  6.445608e-15  1.614831e-09
3.360859e+01  1.282708e-16 -1.037194e-14  7.671384e-11 -1.840383e-15  3.541041e-10
3.438128e+01  8.251431e-17 -2.731798e-14 -1.397722e-09 -7.710984e-15 -1.076764e-09
3.509994e+01  1.260735e-16 -2.199041e-14 -1.707037e-09 -7.144258e-15 -1.584725e-09
3.576280e+01  2.180145e-16 -2.226506e-16 -7.778603e-10 -1.456957e-15 -9.337291e-10
3.636895e+01  2.823346e-16  2.118472e-14  5.981107e-10  4.632118e-15  2.707341e-10
3.691825e+01  2.659703e-16  2.793951e-14  1.479504e-09  6.889747e-15  1.177078e-09
3.741132e+01  1.698084e-16  1.710008e-14  1.408962e-09  4.231000e-15  1.290737e-09
3.784951e+01  3.937378e-17 -3.361698e-15  5.724353e-10 -1.271353e-15  6.842182e-10
3.823481e+01 -6.840010e-17 -2.144265e-14 -4.709475e-10 -6.283951e-15 -1.955746e-10
3.856978e+01 -1.162413e-16 -2.843824e-14 -1.188415e-09 -8.309432e-15 -8.736207e-10
3.885747e+01 -9.906306e-17 -2.243815e-14 -1.331393e-09 -6.729370e-15 -1.094591e-09
3.910135e+01 -3.746227e-17 -7.384452e-15 -9.633077e-10 -2.585411e-15 -8.730904e-10
3.930515e+01  3.809090e-17  1.028709e-14 -3.296885e-10  2.346546e-15 -3.960753e-10
3.947283e+01  1.017106e-16  2.493858e-14  3.043358e-10  6.484902e-15  1.153927e-10
3.960844e+01  1.394564e-16  3.350555e-14  7.611174e-10  8.953998e-15  5.037378e-10
3.971604e+01  1.494592e-16  3.561820e-14  9.793198e-10  9.630394e-15  7.064432e-10
3.979960e+01  1.378255e-16  3.271593e-14  9.873724e-10  8.901627e-15  7.381364e-10
3.986293e+01  1.136803e-16  2.692733e-14  8.573070e-10  7.354425e-15  6.532869e-10
3.990960e+01  8.545786e-17  2.021803e-14  6.652758e-10  5.535215e-15  5.127748e-10
3.994290e+01  5.907369e-17  1.396615e-14  4.692753e-10  3.829501e-15  3.642865e-10
3.996576e+01  3.763580e-17  8.894134e-15  3.028532e-10  2.441174e-15  2.361525e-10
3.998073e+01  2.201952e-17  5.202402e-15  1.786222e-10  1.428790e-15  1.396696e-10
3.999000e+01  1.170963e-17  2.766163e-15  9.544880e-11  7.599838e-16  7.475803e-11
3.999532e+01  5.550688e-18  1.311135e-15  4.536912e-11  3.603011e-16  3.556756e-11
3.999810e+01  2.266845e-18  5.354329e-16  1.855448e-11  1.471536e-16  1.455299e-11
3.999937e+01  7.506956e-19  1.773125e-16  6.148510e-12  4.873339e-17  4.823571e-12
3.999985e+01  1.793797e-19  4.236875e-17  1.469547e-12  1.164504e-17  1.152970e-12
3.999998e+01  2.372618e-20  5.604018e-18  1.943867e-13  1.540271e-18  1.525144e-13
4.000000e+01  7.432916e-22  1.755621e-19  6.089789e-15  4.825349e-20  4.778019e-15
