376 7
 0 0 0 0 1 1 2
 2 2 2 2 6 6 1
 -1.601013e+02 -1.714581e+01 -1.941141e+00 -1.256208e-01 -1.417782e+01 -1.186780e+00 -8.993616e-02
0.000000e+00 -1.877442e+02 -5.460167e+01 -2.004272e+01  5.476906e+00  3.953343e-07 -1.377519e-07 -5.076434e-09
3.278564e-09 -1.877442e+02 -5.460166e+01 -2.004272e+01  5.476905e+00 -5.431803e-07  1.915486e-07 -5.076419e-09
1.046582e-07 -1.877438e+02 -5.460155e+01 -2.004268e+01  5.476894e+00 -2.956387e-05  1.037416e-05 -5.076382e-09
7.915214e-07 -1.877411e+02 -5.460076e+01 -2.004239e+01  5.476815e+00 -2.261820e-04  7.936237e-05 -5.100356e-09
3.316517e-06 -1.877312e+02 -5.459787e+01 -2.004132e+01  5.476524e+00 -9.489506e-04  3.329632e-04 -5.551114e-09
1.004733e-05 -1.877046e+02 -5.459015e+01 -2.003849e+01  5.475750e+00 -2.875429e-03  1.008915e-03 -9.538104e-09
2.477810e-05 -1.876466e+02 -5.457326e+01 -2.003229e+01  5.474056e+00 -7.090685e-03  2.487939e-03 -3.239650e-08
5.299135e-05 -1.875354e+02 -5.454093e+01 -2.002043e+01  5.470813e+00 -1.516036e-02  5.319378e-03 -1.303191e-07
1.020609e-04 -1.873423e+02 -5.448474e+01 -1.999980e+01  5.465177e+00 -2.918405e-02  1.023993e-02 -4.699855e-07
1.813877e-04 -1.870305e+02 -5.439400e+01 -1.996649e+01  5.456074e+00 -5.182447e-02  1.818386e-02 -1.473458e-06
3.024627e-04 -1.865556e+02 -5.425573e+01 -1.991573e+01  5.442203e+00 -8.630743e-02  3.028304e-02 -4.085542e-06
4.788527e-04 -1.858659e+02 -5.405479e+01 -1.984195e+01  5.422043e+00 -1.363876e-01  4.785486e-02 -1.022141e-05
7.261078e-04 -1.849034e+02 -5.377411e+01 -1.973889e+01  5.393880e+00 -2.062755e-01  7.237665e-02 -2.345697e-05
1.061591e-03 -1.836056e+02 -5.339514e+01 -1.959972e+01  5.355848e+00 -3.005214e-01  1.054449e-01 -5.001923e-05
1.504231e-03 -1.819073e+02 -5.289835e+01 -1.941726e+01  5.305983e+00 -4.238548e-01  1.487188e-01 -1.001153e-04
2.074209e-03 -1.797439e+02 -5.226405e+01 -1.918422e+01  5.242297e+00 -5.809796e-01  2.038484e-01 -1.896039e-04
2.792580e-03 -1.770542e+02 -5.147318e+01 -1.889358e+01  5.162865e+00 -7.763301e-01  2.723886e-01 -3.419631e-04
3.680838e-03 -1.737848e+02 -5.050836e+01 -1.853888e+01  5.065920e+00 -1.013796e+00  3.557023e-01 -5.904426e-04
4.760448e-03 -1.698933e+02 -4.935491e+01 -1.811463e+01  4.949963e+00 -1.296435e+00  4.548583e-01 -9.802195e-04
6.052333e-03 -1.653526e+02 -4.800191e+01 -1.761672e+01  4.813861e+00 -1.626179e+00  5.705291e-01 -1.570308e-03
7.576358e-03 -1.601539e+02 -4.644320e+01 -1.704274e+01  4.656954e+00 -2.003583e+00  7.028987e-01 -2.434921e-03
9.350803e-03 -1.543097e+02 -4.467818e+01 -1.639230e+01  4.479133e+00 -2.427608e+00  8.515870e-01 -3.663963e-03
1.139185e-02 -1.478547e+02 -4.271244e+01 -1.566730e+01  4.280904e+00 -2.895492e+00  1.015601e+00 -5.362351e-03
1.371307e-02 -1.408463e+02 -4.055800e+01 -1.487195e+01  4.063420e+00 -3.402714e+00  1.193322e+00 -7.647933e-03
1.632504e-02 -1.333632e+02 -3.823324e+01 -1.401285e+01  3.828473e+00 -3.943068e+00  1.382525e+00 -1.064790e-02
1.923484e-02 -1.255019e+02 -3.576240e+01 -1.309875e+01  3.578453e+00 -4.508850e+00  1.580448e+00 -1.449373e-02
2.244580e-02 -1.173730e+02 -3.317473e+01 -1.214031e+01  3.316267e+00 -5.091157e+00  1.783891e+00 -1.931489e-02
2.595722e-02 -1.090954e+02 -3.050332e+01 -1.114963e+01  3.045226e+00 -5.680270e+00  1.989353e+00 -2.523169e-02
2.976415e-02 -1.007908e+02 -2.778367e+01 -1.013981e+01  2.768906e+00 -6.266095e+00  2.193187e+00 -3.234786e-02
3.385735e-02 -9.257796e+01 -2.505218e+01 -9.124326e+00  2.490996e+00 -6.838635e+00  2.391768e+00 -4.074339e-02
3.822326e-02 -8.456679e+01 -2.234457e+01 -8.116511e+00  2.215148e+00 -7.388446e+00  2.581659e+00 -5.046834e-02
4.284407e-02 -7.685442e+01 -1.969447e+01 -7.129001e+00  1.944822e+00 -7.907044e+00  2.759759e+00 -6.153809e-02
4.769797e-02 -6.952176e+01 -1.713217e+01 -6.173276e+00  1.683170e+00 -8.387243e+00  2.923432e+00 -7.393055e-02
5.275935e-02 -6.263164e+01 -1.468371e+01 -5.259297e+00  1.432925e+00 -8.823393e+00  3.070592e+00 -8.758546e-02
5.799924e-02 -5.622825e+01 -1.237023e+01 -4.395244e+00  1.196338e+00 -9.211516e+00  3.199764e+00 -1.024059e-01
6.338567e-02 -5.033776e+01 -1.020765e+01 -3.587388e+00  9.751352e-01 -9.549330e+00  3.310098e+00 -1.182617e-01
6.888423e-02 -4.496995e+01 -8.206712e+00 -2.840058e+00  7.705139e-01 -9.836189e+00  3.401350e+00 -1.349949e-01
7.445863e-02 -4.012037e+01 -6.373204e+00 -2.155720e+00  5.831585e-01 -1.007293e+01  3.473838e+00 -1.524257e-01
8.007127e-02 -3.577302e+01 -4.708447e+00 -1.535128e+00  4.132838e-01 -1.026169e+01  3.528367e+00 -1.703599e-01
8.568391e-02 -3.190302e+01 -3.209893e+00 -9.775347e-01  2.606920e-01 -1.040561e+01  3.566143e+00 -1.885963e-01
9.125831e-02 -2.847929e+01 -1.871819e+00 -4.809421e-01  1.248399e-01 -1.050865e+01  3.588681e+00 -2.069331e-01
9.675688e-02 -2.546684e+01 -6.860324e-01 -4.235948e-02  4.910604e-03 -1.057527e+01  3.597708e+00 -2.251747e-01
1.021433e-01 -2.282887e+01  3.574344e-01  3.419359e-01 -1.001157e-01 -1.061023e+01  3.595070e+00 -2.431371e-01
1.073832e-01 -2.052831e+01  1.269695e+00  6.761566e-01 -1.913950e-01 -1.061836e+01  3.582659e+00 -2.606521e-01
1.124446e-01 -1.852913e+01  2.062456e+00  9.647889e-01 -2.701599e-01 -1.060440e+01  3.562337e+00 -2.775703e-01
1.172985e-01 -1.679720e+01  2.747553e+00  1.212409e+00 -3.376690e-01 -1.057286e+01  3.535883e+00 -2.937636e-01
1.219193e-01 -1.530080e+01  3.336588e+00  1.423534e+00 -3.951654e-01 -1.052790e+01  3.504951e+00 -3.091260e-01
1.262852e-01 -1.401104e+01  3.840653e+00  1.602504e+00 -4.438446e-01 -1.047331e+01  3.471038e+00 -3.235739e-01
1.303784e-01 -1.290187e+01  4.270133e+00  1.753401e+00 -4.848313e-01 -1.041239e+01  3.435469e+00 -3.370456e-01
1.341853e-01 -1.195010e+01  4.634586e+00  1.879993e+00 -5.191635e-01 -1.034801e+01  3.399385e+00 -3.494999e-01
1.376967e-01 -1.113527e+01  4.942679e+00  1.985698e+00 -5.477836e-01 -1.028259e+01  3.363741e+00 -3.609151e-01
1.409077e-01 -1.043942e+01  5.202173e+00  2.073577e+00 -5.715349e-01 -1.021808e+01  3.329315e+00 -3.712872e-01
1.438175e-01 -9.846872e+00  5.419940e+00  2.146332e+00 -5.911619e-01 -1.015604e+01  3.296714e+00 -3.806275e-01
1.464295e-01 -9.343985e+00  5.602006e+00  2.206324e+00 -6.073145e-01 -1.009764e+01  3.266388e+00 -3.889612e-01
1.487507e-01 -8.918899e+00  5.753618e+00  2.255593e+00 -6.205538e-01 -1.004374e+01  3.238647e+00 -3.963254e-01
1.507917e-01 -8.561301e+00  5.879312e+00  2.295887e+00 -6.313600e-01 -9.994873e+00  3.213672e+00 -4.027668e-01
1.525662e-01 -8.262208e+00  5.982994e+00  2.328690e+00 -6.401406e-01 -9.951323e+00  3.191540e+00 -4.083403e-01
1.540902e-01 -8.013767e+00  6.068014e+00  2.355258e+00 -6.472391e-01 -9.913166e+00  3.172234e+00 -4.131071e-01
1.553821e-01 -7.809090e+00  6.137241e+00  2.376646e+00 -6.529438e-01 -9.880298e+00  3.155661e+00 -4.171329e-01
1.564617e-01 -7.642102e+00  6.193138e+00  2.393739e+00 -6.574958e-01 -9.852474e+00  3.141670e+00 -4.204866e-01
1.573500e-01 -7.507421e+00  6.237816e+00  2.407279e+00 -6.610967e-01 -9.829346e+00  3.130065e+00 -4.232385e-01
1.580683e-01 -7.400255e+00  6.273097e+00  2.417889e+00 -6.639149e-01 -9.810490e+00  3.120620e+00 -4.254592e-01
1.586383e-01 -7.316327e+00  6.300555e+00  2.426093e+00 -6.660919e-01 -9.795434e+00  3.113088e+00 -4.272180e-01
1.590810e-01 -7.251813e+00  6.321554e+00  2.432334e+00 -6.677468e-01 -9.783685e+00  3.107217e+00 -4.285819e-01
1.594164e-01 -7.203301e+00  6.337283e+00  2.436990e+00 -6.689805e-01 -9.774747e+00  3.102753e+00 -4.296146e-01
1.596637e-01 -7.167756e+00  6.348772e+00  2.440381e+00 -6.698784e-01 -9.768142e+00  3.099457e+00 -4.303750e-01
1.598401e-01 -7.142508e+00  6.356916e+00  2.442778e+00 -6.705131e-01 -9.763421e+00  3.097101e+00 -4.309171e-01
1.599612e-01 -7.125229e+00  6.362480e+00  2.444414e+00 -6.709459e-01 -9.760176e+00  3.095483e+00 -4.312891e-01
1.600405e-01 -7.113931e+00  6.366115e+00  2.445481e+00 -6.712283e-01 -9.758048e+00  3.094422e+00 -4.315328e-01
1.600896e-01 -7.106951e+00  6.368358e+00  2.446139e+00 -6.714025e-01 -9.756731e+00  3.093765e+00 -4.316835e-01
1.601178e-01 -7.102942e+00  6.369647e+00  2.446517e+00 -6.715024e-01 -9.755973e+00  3.093387e+00 -4.317701e-01
1.601325e-01 -7.100849e+00  6.370319e+00  2.446714e+00 -6.715546e-01 -9.755577e+00  3.093190e+00 -4.318153e-01
1.601392e-01 -7.099893e+00  6.370626e+00  2.446804e+00 -6.715784e-01 -9.755397e+00  3.093100e+00 -4.318360e-01
1.601418e-01 -7.099534e+00  6.370742e+00  2.446838e+00 -6.715873e-01 -9.755329e+00  3.093066e+00 -4.318437e-01
1.601424e-01 -7.099437e+00  6.370773e+00  2.446847e+00 -6.715898e-01 -9.755310e+00  3.093057e+00 -4.318458e-01
1.601425e-01 -7.099422e+00  6.370778e+00  2.446848e+00 -6.715901e-01 -9.755308e+00  3.093056e+00 -4.318462e-01
1.601426e-01 -7.099420e+00  6.370778e+00  2.446848e+00 -6.715902e-01 -9.755307e+00  3.093055e+00 -4.318462e-01
1.601430e-01 -7.099361e+00  6.370797e+00  2.446854e+00 -6.715916e-01 -9.755296e+00  3.093050e+00 -4.318475e-01
1.601458e-01 -7.098965e+00  6.370925e+00  2.446891e+00 -6.716015e-01 -9.755221e+00  3.093012e+00 -4.318561e-01
1.601560e-01 -7.097506e+00  6.371393e+00  2.447029e+00 -6.716378e-01 -9.754945e+00  3.092875e+00 -4.318876e-01
1.601834e-01 -7.093620e+00  6.372641e+00  2.447394e+00 -6.717346e-01 -9.754210e+00  3.092508e+00 -4.319716e-01
1.602433e-01 -7.085123e+00  6.375368e+00  2.448193e+00 -6.719459e-01 -9.752599e+00  3.091705e+00 -4.321556e-01
1.603581e-01 -7.068878e+00  6.380578e+00  2.449717e+00 -6.723490e-01 -9.749512e+00  3.090167e+00 -4.325077e-01
1.605577e-01 -7.040712e+00  6.389594e+00  2.452351e+00 -6.730453e-01 -9.744136e+00  3.087488e+00 -4.331200e-01
1.608803e-01 -6.995419e+00  6.404053e+00  2.456561e+00 -6.741580e-01 -9.735424e+00  3.083149e+00 -4.341090e-01
1.613728e-01 -6.926857e+00  6.425842e+00  2.462876e+00 -6.758255e-01 -9.722079e+00  3.076508e+00 -4.356167e-01
1.620903e-01 -6.828183e+00  6.456990e+00  2.471836e+00 -6.781889e-01 -9.702536e+00  3.066793e+00 -4.378094e-01
1.630960e-01 -6.692254e+00  6.499474e+00  2.483925e+00 -6.813718e-01 -9.674944e+00  3.053095e+00 -4.408754e-01
1.644606e-01 -6.512183e+00  6.554961e+00  2.499464e+00 -6.854519e-01 -9.637146e+00  3.034367e+00 -4.450207e-01
1.662611e-01 -6.282062e+00  6.624461e+00  2.518477e+00 -6.904248e-01 -9.586667e+00  3.009415e+00 -4.504641e-01
1.685795e-01 -5.997795e+00  6.707932e+00  2.540543e+00 -6.961612e-01 -9.520704e+00  2.976900e+00 -4.574292e-01
1.715015e-01 -5.657948e+00  6.803863e+00  2.564628e+00 -7.023631e-01 -9.436132e+00  2.935348e+00 -4.661354e-01
1.751145e-01 -5.264487e+00  6.908904e+00  2.588947e+00 -7.085245e-01 -9.329549e+00  2.883166e+00 -4.767868e-01
1.795059e-01 -4.823254e+00  7.017620e+00  2.610868e+00 -7.139057e-01 -9.197364e+00  2.818686e+00 -4.895595e-01
1.847607e-01 -4.344024e+00  7.122447e+00  2.626900e+00 -7.175311e-01 -9.035947e+00  2.740231e+00 -5.045878e-01
1.909597e-01 -3.840048e+00  7.213926e+00  2.632801e+00 -7.182175e-01 -8.841865e+00  2.646214e+00 -5.219495e-01
1.981774e-01 -3.327052e+00  7.281256e+00  2.623806e+00 -7.146398e-01 -8.612170e+00  2.535264e+00 -5.416518e-01
2.064794e-01 -2.821810e+00  7.313144e+00  2.594989e+00 -7.054311e-01 -8.344748e+00  2.406380e+00 -5.636191e-01
2.159211e-01 -2.340482e+00  7.298868e+00  2.541720e+00 -6.893105e-01 -8.038682e+00  2.259087e+00 -5.876834e-01
2.265454e-01 -1.897007e+00  7.229433e+00  2.460169e+00 -6.652236e-01 -7.694557e+00  2.093584e+00 -6.135807e-01
2.383811e-01 -1.501829e+00  7.098624e+00  2.347780e+00 -6.324758e-01 -7.314685e+00  1.910853e+00 -6.409522e-01
2.514418e-01 -1.161172e+00  6.903808e+00  2.203645e+00 -5.908378e-01 -6.903163e+00  1.712708e+00 -6.693539e-01
2.657247e-01 -8.769545e-01  6.646318e+00  2.028716e+00 -5.406056e-01 -6.465762e+00  1.501771e+00 -6.982730e-01
2.812096e-01 -6.472728e-01  6.331384e+00  1.825811e+00 -4.826042e-01 -6.009629e+00  1.281363e+00 -7.271499e-01
2.978589e-01 -4.673064e-01  5.967610e+00  1.599422e+00 -4.181339e-01 -5.542845e+00  1.055333e+00 -7.554060e-01
3.156174e-01 -3.304002e-01  5.566105e+00  1.355346e+00 -3.488674e-01 -5.073890e+00  8.278232e-01 -7.824731e-01
3.344127e-01 -2.291202e-01  5.139408e+00  1.100200e+00 -2.767128e-01 -4.611085e+00  6.030208e-01 -8.078229e-01
3.541562e-01 -1.561206e-01  4.700384e+00  8.408915e-01 -2.036623e-01 -4.162093e+00  3.849043e-01 -8.309938e-01
3.747436e-01 -1.047451e-01  4.261226e+00  5.841038e-01 -1.316460e-01 -3.733503e+00  1.770269e-01 -8.516129e-01
3.960570e-01 -6.935660e-02  3.832678e+00  3.358668e-01 -6.240549e-02 -3.330570e+00 -1.765267e-02 -8.694106e-01
4.179666e-01 -4.543802e-02  3.423528e+00  1.012366e-01  2.598986e-03 -2.957082e+00 -1.968774e-01 -8.842287e-01
4.403322e-01 -2.953337e-02  3.040369e+00 -1.158933e-01  6.224624e-02 -2.615370e+00 -3.591352e-01 -8.960193e-01
4.630064e-01 -1.909970e-02  2.687608e+00 -3.128551e-01  1.157745e-01 -2.306420e+00 -5.036435e-01 -9.048375e-01
4.858360e-01 -1.232680e-02  2.367645e+00 -4.881617e-01  1.627705e-01 -2.030059e+00 -6.302858e-01 -9.108272e-01
5.086657e-01 -7.962394e-03  2.081181e+00 -6.413804e-01  2.031344e-01 -1.785186e+00 -7.395142e-01 -9.142038e-01
5.313398e-01 -5.161740e-03  1.827567e+00 -7.729560e-01  2.370286e-01 -1.570013e+00 -8.322329e-01 -9.152350e-01
5.537055e-01 -3.367204e-03  1.605177e+00 -8.840108e-01  2.648195e-01 -1.382297e+00 -9.096764e-01 -9.142215e-01
5.756150e-01 -2.216695e-03  1.411733e+00 -9.761456e-01  2.870186e-01 -1.219534e+00 -9.732938e-01 -9.114806e-01
5.969285e-01 -1.477291e-03  1.244594e+00 -1.051258e+00  3.042276e-01 -1.079134e+00 -1.024646e+00 -9.073308e-01
6.175159e-01 -9.996168e-04  1.100977e+00 -1.111390e+00  3.170918e-01 -9.585390e-01 -1.065320e+00 -9.020810e-01
6.372593e-01 -6.881096e-04  9.781231e-01 -1.158599e+00  3.262619e-01 -8.553178e-01 -1.096866e+00 -8.960218e-01
6.560547e-01 -4.821751e-04  8.734085e-01 -1.194876e+00  3.323652e-01 -7.672195e-01 -1.120743e+00 -8.894188e-01
6.738132e-01 -3.439974e-04  7.844138e-01 -1.222071e+00  3.359858e-01 -6.922052e-01 -1.138293e+00 -8.825089e-01
6.904625e-01 -2.502221e-04  7.089584e-01 -1.241864e+00  3.376512e-01 -6.284591e-01 -1.150719e+00 -8.754981e-01
7.059474e-01 -1.861950e-04  6.451122e-01 -1.255737e+00  3.378259e-01 -5.743855e-01 -1.159075e+00 -8.685604e-01
7.202302e-01 -1.422585e-04  5.911893e-01 -1.264974e+00  3.369094e-01 -5.285962e-01 -1.164272e+00 -8.618387e-01
7.332910e-01 -1.117197e-04  5.457326e-01 -1.270662e+00  3.352372e-01 -4.898938e-01 -1.167077e+00 -8.554459e-01
7.451267e-01 -8.992403e-05  5.074921e-01 -1.273706e+00  3.330847e-01 -4.572508e-01 -1.168129e+00 -8.494673e-01
7.557510e-01 -7.381927e-05  4.754011e-01 -1.274847e+00  3.306724e-01 -4.297891e-01 -1.167947e+00 -8.439628e-01
7.651927e-01 -6.159065e-05  4.485521e-01 -1.274675e+00  3.281720e-01 -4.067596e-01 -1.166947e+00 -8.389701e-01
7.734947e-01 -5.224222e-05  4.261735e-01 -1.273656e+00  3.257124e-01 -3.875236e-01 -1.165451e+00 -8.345070e-01
7.807123e-01 -4.519677e-05  4.076090e-01 -1.272142e+00  3.233861e-01 -3.715353e-01 -1.163706e+00 -8.305750e-01
7.869114e-01 -4.001856e-05  3.922988e-01 -1.270399e+00  3.212551e-01 -3.583272e-01 -1.161891e+00 -8.271616e-01
7.921662e-01 -3.629379e-05  3.797634e-01 -1.268612e+00  3.193565e-01 -3.474968e-01 -1.160132e+00 -8.242433e-01
7.965576e-01 -3.362642e-05  3.695898e-01 -1.266909e+00  3.177073e-01 -3.386958e-01 -1.158513e+00 -8.217878e-01
8.001706e-01 -3.167859e-05  3.614204e-01 -1.265368e+00  3.163089e-01 -3.316211e-01 -1.157082e+00 -8.197565e-01
8.030926e-01 -3.020196e-05  3.549434e-01 -1.264033e+00  3.151514e-01 -3.260069e-01 -1.155861e+00 -8.181068e-01
8.054110e-01 -2.904004e-05  3.498855e-01 -1.262918e+00  3.142163e-01 -3.216198e-01 -1.154852e+00 -8.167934e-01
8.072115e-01 -2.810776e-05  3.460066e-01 -1.262018e+00  3.134802e-01 -3.182533e-01 -1.154044e+00 -8.157709e-01
8.085761e-01 -2.736306e-05  3.430948e-01 -1.261317e+00  3.129165e-01 -3.157252e-01 -1.153418e+00 -8.149945e-01
8.095818e-01 -2.678286e-05  3.409643e-01 -1.260789e+00  3.124980e-01 -3.138747e-01 -1.152949e+00 -8.144214e-01
8.102992e-01 -2.634819e-05  3.394523e-01 -1.260408e+00  3.121978e-01 -3.125611e-01 -1.152611e+00 -8.140122e-01
8.107917e-01 -2.603812e-05  3.384183e-01 -1.260143e+00  3.119910e-01 -3.116627e-01 -1.152377e+00 -8.137311e-01
8.111144e-01 -2.582925e-05  3.377425e-01 -1.259969e+00  3.118551e-01 -3.110754e-01 -1.152222e+00 -8.135468e-01
8.113140e-01 -2.569763e-05  3.373251e-01 -1.259860e+00  3.117709e-01 -3.107127e-01 -1.152127e+00 -8.134328e-01
8.114287e-01 -2.562109e-05  3.370854e-01 -1.259798e+00  3.117225e-01 -3.105043e-01 -1.152071e+00 -8.133673e-01
8.114887e-01 -2.558086e-05  3.369603e-01 -1.259765e+00  3.116972e-01 -3.103956e-01 -1.152043e+00 -8.133330e-01
8.115160e-01 -2.556242e-05  3.369031e-01 -1.259750e+00  3.116856e-01 -3.103459e-01 -1.152029e+00 -8.133174e-01
8.115263e-01 -2.555549e-05  3.368817e-01 -1.259745e+00  3.116813e-01 -3.103273e-01 -1.152025e+00 -8.133115e-01
8.115291e-01 -2.555361e-05  3.368759e-01 -1.259743e+00  3.116801e-01 -3.103222e-01 -1.152023e+00 -8.133099e-01
8.115295e-01 -2.555333e-05  3.368750e-01 -1.259743e+00  3.116799e-01 -3.103215e-01 -1.152023e+00 -8.133097e-01
8.115296e-01 -2.555330e-05  3.368749e-01 -1.259743e+00  3.116799e-01 -3.103214e-01 -1.152023e+00 -8.133097e-01
8.115308e-01 -2.555270e-05  3.368723e-01 -1.259742e+00  3.116794e-01 -3.103191e-01 -1.152022e+00 -8.133089e-01
8.115394e-01 -2.554860e-05  3.368544e-01 -1.259737e+00  3.116758e-01 -3.103036e-01 -1.152018e+00 -8.133040e-01
8.115709e-01 -2.553356e-05  3.367887e-01 -1.259720e+00  3.116625e-01 -3.102465e-01 -1.152003e+00 -8.132861e-01
8.116547e-01 -2.549350e-05  3.366138e-01 -1.259674e+00  3.116270e-01 -3.100944e-01 -1.151963e+00 -8.132381e-01
8.118383e-01 -2.540604e-05  3.362311e-01 -1.259574e+00  3.115494e-01 -3.097619e-01 -1.151874e+00 -8.131332e-01
8.121899e-01 -2.523935e-05  3.354995e-01 -1.259380e+00  3.114004e-01 -3.091259e-01 -1.151704e+00 -8.129322e-01
8.128014e-01 -2.495200e-05  3.342308e-01 -1.259042e+00  3.111405e-01 -3.080229e-01 -1.151405e+00 -8.125824e-01
8.137899e-01 -2.449425e-05  3.321897e-01 -1.258487e+00  3.107184e-01 -3.062480e-01 -1.150919e+00 -8.120164e-01
8.152987e-01 -2.381145e-05  3.290980e-01 -1.257625e+00  3.100693e-01 -3.035587e-01 -1.150164e+00 -8.111512e-01
8.174968e-01 -2.285010e-05  3.246445e-01 -1.256334e+00  3.091136e-01 -2.996826e-01 -1.149040e+00 -8.098883e-01
8.205780e-01 -2.156654e-05  3.185013e-01 -1.254457e+00  3.077540e-01 -2.943321e-01 -1.147416e+00 -8.081130e-01
8.247587e-01 -1.993797e-05  3.103486e-01 -1.251787e+00  3.058729e-01 -2.872239e-01 -1.145125e+00 -8.056950e-01
8.302747e-01 -1.797375e-05  2.999055e-01 -1.248054e+00  3.033291e-01 -2.781059e-01 -1.141950e+00 -8.024895e-01
8.373776e-01 -1.572426e-05  2.869664e-01 -1.242908e+00  2.999539e-01 -2.667879e-01 -1.137617e+00 -7.983377e-01
8.463297e-01 -1.328333e-05  2.714397e-01 -1.235908e+00  2.955495e-01 -2.531742e-01 -1.131785e+00 -7.930693e-01
8.573988e-01 -1.078119e-05  2.533826e-01 -1.226510e+00  2.898875e-01 -2.372937e-01 -1.124034e+00 -7.865055e-01
8.708525e-01 -8.366505e-06  2.330253e-01 -1.214073e+00  2.827134e-01 -2.193225e-01 -1.113877e+00 -7.784639e-01
8.869516e-01 -6.180552e-06  2.107797e-01 -1.197879e+00  2.737547e-01 -1.995921e-01 -1.100760e+00 -7.687654e-01
9.059434e-01 -4.330174e-06  1.872241e-01 -1.177171e+00  2.627363e-01 -1.785803e-01 -1.084101e+00 -7.572432e-01
9.280559e-01 -2.868698e-06  1.630653e-01 -1.151215e+00  2.494036e-01 -1.568815e-01 -1.063324e+00 -7.437546e-01
9.534907e-01 -1.791935e-06  1.390775e-01 -1.119379e+00  2.335500e-01 -1.351590e-01 -1.037919e+00 -7.281941e-01
9.824170e-01 -1.050483e-06  1.160289e-01 -1.081224e+00  2.150486e-01 -1.140841e-01 -1.007504e+00 -7.105068e-01
1.014966e+00 -5.721557e-07  9.460506e-02 -1.036586e+00  1.938819e-01 -9.427270e-02 -9.718857e-01 -6.907014e-01
1.051227e+00 -2.840358e-07  7.534399e-02 -9.856436e-01  1.701652e-01 -7.622834e-02 -9.311152e-01 -6.688590e-01
1.091241e+00 -1.254737e-07  5.859393e-02 -9.289502e-01  1.441585e-01 -6.030202e-02 -8.855132e-01 -6.451373e-01
1.134999e+00 -5.022291e-08  4.449963e-02 -8.674211e-01  1.162625e-01 -4.667484e-02 -8.356731e-01 -6.197683e-01
1.182440e+00 -2.281830e-08  3.301744e-02 -8.022783e-01  8.699955e-02 -3.536389e-02 -7.824303e-01 -5.930491e-01
1.233448e+00 -1.604385e-08  2.395262e-02 -7.349556e-01  5.697971e-02 -2.624802e-02 -7.268042e-01 -5.653270e-01
1.287854e+00 -1.212996e-08  1.700906e-02 -6.669822e-01  2.685705e-02 -1.910580e-02 -6.699215e-01 -5.369797e-01
1.345437e+00 -4.639354e-09  1.184048e-02 -5.998598e-01 -2.717348e-03 -1.365757e-02 -6.129315e-01 -5.083948e-01
1.405925e+00  3.536848e-09  8.094747e-03 -5.349531e-01 -3.113987e-02 -9.604037e-03 -5.569254e-01 -4.799494e-01
1.468998e+00  6.747798e-09  5.446172e-03 -4.734066e-01 -5.789089e-02 -6.656602e-03 -5.028699e-01 -4.519926e-01
1.534295e+00  3.326347e-09  3.614532e-03 -4.160938e-01 -8.256001e-02 -4.557379e-03 -4.515606e-01 -4.248321e-01
1.601419e+00 -2.670604e-09  2.372465e-03 -3.636004e-01 -1.048587e-01 -3.089385e-03 -4.035977e-01 -3.987259e-01
1.669940e+00 -5.471979e-09  1.544303e-03 -3.162365e-01 -1.246212e-01 -2.078851e-03 -3.593814e-01 -3.738783e-01
1.739407e+00 -2.933875e-09  9.998042e-04 -2.740696e-01 -1.417954e-01 -1.392264e-03 -3.191250e-01 -3.504394e-01
1.809349e+00  1.960621e-09  6.457242e-04 -2.369710e-01 -1.564275e-01 -9.305689e-04 -2.828789e-01 -3.285083e-01
1.879292e+00  4.457557e-09  4.172737e-04 -2.046655e-01 -1.686416e-01 -6.224306e-04 -2.505612e-01 -3.081383e-01
1.948758e+00  2.585322e-09  2.705742e-04 -1.767808e-01 -1.786193e-01 -4.177508e-04 -2.219901e-01 -2.893432e-01
2.017280e+00 -1.426844e-09  1.765462e-04 -1.528895e-01 -1.865793e-01 -2.820770e-04 -1.969152e-01 -2.721045e-01
2.084403e+00 -3.723120e-09  1.162432e-04 -1.325442e-01 -1.927599e-01 -1.921109e-04 -1.750448e-01 -2.563785e-01
2.149701e+00 -2.473652e-09  7.745989e-05 -1.153033e-01 -1.974046e-01 -1.322940e-04 -1.560685e-01 -2.421026e-01
2.212774e+00  8.182342e-10  5.238158e-05 -1.007492e-01 -2.007505e-01 -9.232539e-05 -1.396742e-01 -2.292013e-01
2.273262e+00  3.107139e-09  3.602381e-05 -8.849879e-02 -2.030209e-01 -6.542579e-05 -1.255613e-01 -2.175914e-01
2.330845e+00  2.603677e-09  2.522595e-05 -7.820940e-02 -2.044201e-01 -4.715344e-05 -1.134480e-01 -2.071854e-01
2.385251e+00  3.594258e-11  1.800143e-05 -6.958027e-02 -2.051303e-01 -3.460839e-05 -1.030768e-01 -1.978953e-01
2.436259e+00 -2.353078e-09  1.310815e-05 -6.235129e-02 -2.053105e-01 -2.589851e-05 -9.421650e-02 -1.896340e-01
2.483700e+00 -2.793389e-09  9.761842e-06 -5.630020e-02 -2.050972e-01 -1.978322e-05 -8.666201e-02 -1.823177e-01
2.527458e+00 -1.205457e-09  7.452540e-06 -5.123869e-02 -2.046048e-01 -1.544006e-05 -8.023370e-02 -1.758662e-01
2.567472e+00  1.075837e-09  5.837471e-06 -4.700836e-02 -2.039277e-01 -1.231666e-05 -7.477532e-02 -1.702036e-01
2.603732e+00  2.494429e-09  4.684171e-06 -4.347652e-02 -2.031422e-01 -1.003911e-05 -7.015183e-02 -1.652589e-01
2.636282e+00  2.316040e-09  3.839405e-06 -4.053236e-02 -2.023083e-01 -8.354480e-06 -6.624688e-02 -1.609652e-01
2.665208e+00  8.773174e-10  3.207242e-06 -3.808344e-02 -2.014720e-01 -7.092506e-06 -6.296045e-02 -1.572603e-01
2.690643e+00 -8.753398e-10  2.729678e-06 -3.605255e-02 -2.006673e-01 -6.138355e-06 -6.020652e-02 -1.540859e-01
2.712755e+00 -2.054206e-09  2.370241e-06 -3.437509e-02 -1.999178e-01 -5.413085e-06 -5.791103e-02 -1.513878e-01
2.731747e+00 -2.255797e-09  2.102711e-06 -3.299679e-02 -1.992389e-01 -4.860468e-06 -5.600997e-02 -1.491151e-01
2.747846e+00 -1.600341e-09  1.905520e-06 -3.187179e-02 -1.986390e-01 -4.438931e-06 -5.444778e-02 -1.472201e-01
2.761300e+00 -5.093110e-10  1.760279e-06 -3.096113e-02 -1.981212e-01 -4.117056e-06 -5.317601e-02 -1.456583e-01
2.772369e+00  5.685316e-10  1.652115e-06 -3.023143e-02 -1.976843e-01 -3.871062e-06 -5.215211e-02 -1.443879e-01
2.781321e+00  1.335841e-09  1.570054e-06 -2.965389e-02 -1.973239e-01 -3.683149e-06 -5.133859e-02 -1.433702e-01
2.788424e+00  1.693129e-09  1.506730e-06 -2.920352e-02 -1.970336e-01 -3.540120e-06 -5.070223e-02 -1.425686e-01
2.793940e+00  1.692343e-09  1.457537e-06 -2.885849e-02 -1.968056e-01 -3.432171e-06 -5.021352e-02 -1.419498e-01
2.798121e+00  1.458118e-09  1.419610e-06 -2.859970e-02 -1.966312e-01 -3.351859e-06 -4.984629e-02 -1.414830e-01
2.801202e+00  1.120908e-09  1.390986e-06 -2.841046e-02 -1.965019e-01 -3.293347e-06 -4.957737e-02 -1.411400e-01
2.803400e+00  7.795170e-10  1.370080e-06 -2.827623e-02 -1.964092e-01 -3.251892e-06 -4.938642e-02 -1.408960e-01
2.804909e+00  4.907496e-10  1.355445e-06 -2.818445e-02 -1.963454e-01 -3.223551e-06 -4.925578e-02 -1.407287e-01
2.805897e+00  2.756310e-10  1.345713e-06 -2.812449e-02 -1.963035e-01 -3.205025e-06 -4.917037e-02 -1.406193e-01
2.806509e+00  1.317731e-10  1.339632e-06 -2.808746e-02 -1.962775e-01 -3.193580e-06 -4.911762e-02 -1.405516e-01
2.806861e+00  4.520982e-11  1.336113e-06 -2.806619e-02 -1.962626e-01 -3.187005e-06 -4.908731e-02 -1.405128e-01
2.807044e+00 -1.123818e-12  1.334269e-06 -2.805509e-02 -1.962548e-01 -3.183573e-06 -4.907149e-02 -1.404925e-01
2.807128e+00 -2.255683e-11  1.333425e-06 -2.805002e-02 -1.962512e-01 -3.182005e-06 -4.906427e-02 -1.404832e-01
2.807159e+00 -3.063980e-11  1.333108e-06 -2.804812e-02 -1.962499e-01 -3.181417e-06 -4.906156e-02 -1.404797e-01
2.807168e+00 -3.284260e-11  1.333022e-06 -2.804760e-02 -1.962495e-01 -3.181257e-06 -4.906082e-02 -1.404788e-01
2.807169e+00 -3.316788e-11  1.333009e-06 -2.804752e-02 -1.962495e-01 -3.181233e-06 -4.906071e-02 -1.404786e-01
2.807169e+00 -3.317834e-11  1.333008e-06 -2.804751e-02 -1.962495e-01 -3.181230e-06 -4.906070e-02 -1.404786e-01
2.807174e+00 -3.317643e-11  1.332972e-06 -2.804725e-02 -1.962493e-01 -3.181151e-06 -4.906032e-02 -1.404781e-01
2.807204e+00 -3.316350e-11  1.332730e-06 -2.804544e-02 -1.962480e-01 -3.180619e-06 -4.905774e-02 -1.404748e-01
2.807313e+00 -3.311601e-11  1.331840e-06 -2.803881e-02 -1.962433e-01 -3.178665e-06 -4.904829e-02 -1.404627e-01
2.807606e+00 -3.298968e-11  1.329470e-06 -2.802114e-02 -1.962309e-01 -3.173462e-06 -4.902310e-02 -1.404304e-01
2.808246e+00 -3.271447e-11  1.324297e-06 -2.798250e-02 -1.962036e-01 -3.162102e-06 -4.896802e-02 -1.403596e-01
2.809473e+00 -3.219225e-11  1.314444e-06 -2.790865e-02 -1.961513e-01 -3.140457e-06 -4.886270e-02 -1.402243e-01
2.811606e+00 -3.129908e-11  1.297477e-06 -2.778066e-02 -1.960601e-01 -3.103156e-06 -4.868006e-02 -1.399892e-01
2.815055e+00 -2.989496e-11  1.270494e-06 -2.757501e-02 -1.959120e-01 -3.043770e-06 -4.838627e-02 -1.396102e-01
2.820318e+00 -2.784407e-11  1.230357e-06 -2.726405e-02 -1.956843e-01 -2.955270e-06 -4.794129e-02 -1.390341e-01
2.827987e+00 -2.504705e-11  1.174076e-06 -2.681730e-02 -1.953491e-01 -2.830834e-06 -4.730040e-02 -1.381998e-01
2.838736e+00 -2.148398e-11  1.099374e-06 -2.620338e-02 -1.948725e-01 -2.665019e-06 -4.641653e-02 -1.370401e-01
2.853321e+00 -1.725988e-11  1.005371e-06 -2.539283e-02 -1.942136e-01 -2.455210e-06 -4.524384e-02 -1.354850e-01
2.872564e+00 -1.263723e-11  8.932611e-07 -2.436166e-02 -1.933235e-01 -2.203101e-06 -4.374217e-02 -1.334648e-01
2.897343e+00 -8.033305e-12  7.667861e-07 -2.309537e-02 -1.921443e-01 -1.915800e-06 -4.188227e-02 -1.309154e-01
2.928573e+00 -3.961710e-12  6.322394e-07 -2.159287e-02 -1.906084e-01 -1.606062e-06 -3.965129e-02 -1.277832e-01
2.967189e+00 -9.122257e-13  4.978180e-07 -1.986973e-02 -1.886389e-01 -1.291187e-06 -3.705768e-02 -1.240310e-01
3.014123e+00  8.070396e-13  3.722937e-07 -1.795977e-02 -1.861512e-01 -9.905019e-07 -3.413454e-02 -1.196426e-01
3.070287e+00  1.206358e-12  2.632688e-07 -1.591449e-02 -1.830564e-01 -7.218368e-07 -3.094058e-02 -1.146275e-01
3.136542e+00  6.529862e-13  1.755535e-07 -1.379973e-02 -1.792667e-01 -4.979883e-07 -2.755787e-02 -1.090224e-01
3.213683e+00 -2.418311e-13  1.102919e-07 -1.168976e-02 -1.747039e-01 -3.244129e-07 -2.408624e-02 -1.028923e-01
3.302415e+00 -8.690412e-13  6.523752e-08 -9.659625e-03 -1.693078e-01 -1.990703e-07 -2.063471e-02 -9.632746e-02
3.403327e+00 -8.924162e-13  3.607205e-08 -7.776937e-03 -1.630464e-01 -1.144502e-07 -1.731115e-02 -8.943885e-02
3.516879e+00 -3.886228e-13  1.812845e-08 -6.094731e-03 -1.559243e-01 -6.078800e-08 -1.421188e-02 -8.235174e-02
3.643378e+00  2.457561e-13  7.680785e-09 -4.646730e-03 -1.479890e-01 -2.894514e-08 -1.141283e-02 -7.519775e-02
3.782971e+00  5.795656e-13  2.283912e-09 -3.445832e-03 -1.393322e-01 -1.181629e-08 -8.963932e-03 -6.810679e-02
3.935625e+00  4.412149e-13  3.050877e-10 -2.485809e-03 -1.300875e-01 -4.193461e-09 -6.887287e-03 -6.119963e-02
4.101127e+00  1.433764e-14  3.011642e-10 -1.745478e-03 -1.204222e-01 -1.994307e-09 -5.179195e-03 -5.458182e-02
4.279073e+00 -3.334498e-13  8.556255e-10 -1.194146e-03 -1.105258e-01 -1.896290e-09 -3.815047e-03 -4.833936e-02
4.468875e+00 -3.496262e-13  9.443791e-10 -7.970726e-04 -1.005967e-01 -1.671669e-09 -2.755861e-03 -4.253644e-02
4.669759e+00 -8.062029e-14  3.479293e-10 -5.200045e-04 -9.082742e-02 -6.294272e-10 -1.955064e-03 -3.721509e-02
4.880776e+00  2.032210e-13 -4.190685e-10 -3.322830e-04 -8.139263e-02  6.068485e-10 -1.364451e-03 -3.239640e-02
5.100813e+00  2.607689e-13 -7.007972e-10 -2.084717e-04 -7.243918e-02  1.079764e-09 -9.386469e-04 -2.808300e-02
5.328610e+00  8.065856e-14 -3.233456e-10 -1.287574e-04 -6.408023e-02  5.174462e-10 -6.378866e-04 -2.426227e-02
5.562778e+00 -1.402015e-13  2.883228e-10 -7.851318e-05 -5.639311e-02 -4.331153e-10 -4.292564e-04 -2.090983e-02
5.801821e+00 -1.985112e-13  5.540480e-10 -4.742153e-05 -4.942048e-02 -8.644736e-10 -2.867700e-04 -1.799301e-02
6.044160e+00 -6.656404e-14  2.796845e-10 -2.847514e-05 -4.317399e-02 -4.528300e-10 -1.907063e-04 -1.547397e-02
6.288163e+00  1.073938e-13 -2.143044e-10 -1.706332e-05 -3.763966e-02  3.193316e-10 -1.265921e-04 -1.331242e-02
6.532165e+00  1.580415e-13 -4.496355e-10 -1.023706e-05 -3.278382e-02  7.032580e-10 -8.410822e-05 -1.146774e-02
6.774505e+00  5.551857e-14 -2.451962e-10 -6.162201e-06 -2.855911e-02  3.988011e-10 -5.607886e-05 -9.900636e-03
7.013547e+00 -8.643095e-14  1.591931e-10 -3.728560e-06 -2.490987e-02 -2.337499e-10 -3.761924e-05 -8.574267e-03
7.247715e+00 -1.334175e-13  3.761440e-10 -2.276477e-06 -2.177670e-02 -5.875138e-10 -2.545780e-05 -7.454906e-03
7.475513e+00 -5.392389e-14  2.355452e-10 -1.413191e-06 -1.909993e-02 -3.824035e-10 -1.742634e-05 -6.512311e-03
7.695550e+00  6.715823e-14 -9.814879e-11 -8.995239e-07 -1.682220e-02  1.374230e-10 -1.209604e-05 -5.719803e-03
7.906566e+00  1.191612e-13 -3.173444e-10 -5.877852e-07 -1.489014e-02  4.918911e-10 -8.529694e-06 -5.054168e-03
8.107450e+00  6.419289e-14 -2.520901e-10 -3.900591e-07 -1.325530e-02  4.048825e-10 -6.117277e-06 -4.495438e-03
8.297252e+00 -4.167443e-14  1.269459e-11 -2.590521e-07 -1.187457e-02 -2.716839e-12 -4.465730e-06 -4.026595e-03
8.475199e+00 -1.079385e-13  2.471890e-10 -1.721577e-07 -1.071020e-02 -3.757560e-10 -3.323000e-06 -3.633244e-03
8.640700e+00 -8.617278e-14  2.784234e-10 -1.178271e-07 -9.729502e-03 -4.384407e-10 -2.525590e-06 -3.303278e-03
8.793354e+00 -1.101658e-16  1.076402e-10 -8.689195e-08 -8.904484e-03 -1.830427e-10 -1.964334e-06 -3.026557e-03
8.932947e+00  8.345268e-14 -1.242241e-10 -6.994449e-08 -8.211319e-03  1.770879e-10 -1.564227e-06 -2.794613e-03
9.059447e+00  1.082952e-13 -2.600915e-10 -5.875632e-08 -7.629838e-03  3.969637e-10 -1.273567e-06 -2.600383e-03
9.172998e+00  6.367186e-14 -2.306653e-10 -4.836024e-08 -7.143025e-03  3.633956e-10 -1.057758e-06 -2.437984e-03
9.273910e+00 -1.791528e-14 -7.590696e-11 -3.752986e-08 -6.736542e-03  1.323163e-10 -8.946834e-07 -2.302506e-03
9.362642e+00 -8.852724e-14  1.047274e-10 -2.747199e-08 -6.398300e-03 -1.454117e-10 -7.705377e-07 -2.189843e-03
9.439784e+00 -1.140721e-13  2.209840e-10 -1.989226e-08 -6.118093e-03 -3.297714e-10 -6.763109e-07 -2.096550e-03
9.506039e+00 -8.797309e-14  2.341047e-10 -1.563353e-08 -5.887267e-03 -3.582087e-10 -6.053966e-07 -2.019720e-03
9.562202e+00 -2.698093e-14  1.592568e-10 -1.434397e-08 -5.698450e-03 -2.510750e-10 -5.523973e-07 -1.956884e-03
9.609136e+00  4.259037e-14  4.165281e-11 -1.490718e-08 -5.545325e-03 -7.593945e-11 -5.127870e-07 -1.905930e-03
9.647752e+00  9.815255e-14 -7.186794e-11 -1.609254e-08 -5.422439e-03  9.587134e-11 -4.829392e-07 -1.865041e-03
9.678982e+00  1.278628e-13 -1.509564e-10 -1.701749e-08 -5.325057e-03  2.174176e-10 -4.601630e-07 -1.832639e-03
9.703762e+00  1.309065e-13 -1.860959e-10 -1.729209e-08 -5.249041e-03  2.732855e-10 -4.426072e-07 -1.807345e-03
9.723005e+00  1.137366e-13 -1.834501e-10 -1.692446e-08 -5.190760e-03  2.720661e-10 -4.290562e-07 -1.787952e-03
9.737589e+00  8.543330e-14 -1.565289e-10 -1.613306e-08 -5.147021e-03  2.337889e-10 -4.187017e-07 -1.773398e-03
9.748339e+00  5.421942e-14 -1.192189e-10 -1.517926e-08 -5.115022e-03  1.793027e-10 -4.109586e-07 -1.762750e-03
9.756007e+00  2.576020e-14 -8.193111e-11 -1.426847e-08 -5.092316e-03  1.243497e-10 -4.053484e-07 -1.755194e-03
9.761270e+00  2.933976e-15 -5.058598e-11 -1.351781e-08 -5.076789e-03  7.795176e-11 -4.014452e-07 -1.750027e-03
9.764719e+00 -1.357368e-14 -2.731377e-11 -1.296590e-08 -5.066641e-03  4.342142e-11 -3.988614e-07 -1.746650e-03
9.766852e+00 -2.442710e-14 -1.178032e-11 -1.259940e-08 -5.060375e-03  2.034252e-11 -3.972516e-07 -1.744564e-03
9.768079e+00 -3.089570e-14 -2.443347e-12 -1.237970e-08 -5.056775e-03  6.459626e-12 -3.963219e-07 -1.743367e-03
9.768719e+00 -3.434037e-14  2.551504e-12 -1.226233e-08 -5.054897e-03 -9.700618e-13 -3.958352e-07 -1.742741e-03
9.769012e+00 -3.592980e-14  4.861380e-12 -1.220809e-08 -5.054039e-03 -4.406606e-12 -3.956125e-07 -1.742456e-03
9.769122e+00 -3.652858e-14  5.732395e-12 -1.218765e-08 -5.053717e-03 -5.702576e-12 -3.955289e-07 -1.742349e-03
9.769151e+00 -3.669170e-14  5.969757e-12 -1.218208e-08 -5.053629e-03 -6.055755e-12 -3.955062e-07 -1.742320e-03
9.769156e+00 -3.671578e-14  6.004807e-12 -1.218125e-08 -5.053616e-03 -6.107906e-12 -3.955028e-07 -1.742315e-03
9.769157e+00 -3.671648e-14  6.005928e-12 -1.218121e-08 -5.053614e-03 -6.109581e-12 -3.955023e-07 -1.742315e-03
9.769176e+00 -3.671385e-14  6.005542e-12 -1.218075e-08 -5.053558e-03 -6.109197e-12 -3.954902e-07 -1.742296e-03
9.769305e+00 -3.669601e-14  6.002928e-12 -1.217765e-08 -5.053178e-03 -6.106598e-12 -3.954077e-07 -1.742169e-03
9.769782e+00 -3.663048e-14  5.993327e-12 -1.216626e-08 -5.051781e-03 -6.097051e-12 -3.951046e-07 -1.741705e-03
9.771053e+00 -3.645619e-14  5.967788e-12 -1.213592e-08 -5.048058e-03 -6.071655e-12 -3.942979e-07 -1.740466e-03
9.773833e+00 -3.607674e-14  5.912168e-12 -1.206978e-08 -5.039920e-03 -6.016344e-12 -3.925377e-07 -1.737758e-03
9.779159e+00 -3.535753e-14  5.806689e-12 -1.194400e-08 -5.024371e-03 -5.911440e-12 -3.891873e-07 -1.732584e-03
9.788423e+00 -3.413001e-14  5.626479e-12 -1.172807e-08 -4.997441e-03 -5.732178e-12 -3.834249e-07 -1.723623e-03
9.803397e+00 -3.220707e-14  5.343695e-12 -1.138647e-08 -4.954213e-03 -5.450792e-12 -3.742805e-07 -1.709238e-03
9.826253e+00 -2.941420e-14  4.931850e-12 -1.088245e-08 -4.888958e-03 -5.040770e-12 -3.607228e-07 -1.687522e-03
9.859551e+00 -2.563849e-14  4.372681e-12 -1.018434e-08 -4.795433e-03 -4.483629e-12 -3.418059e-07 -1.656396e-03
9.906227e+00 -2.089225e-14  3.665153e-12 -9.274151e-09 -4.667351e-03 -3.777800e-12 -3.168763e-07 -1.613763e-03
9.969557e+00 -1.537770e-14  2.834786e-12 -8.157454e-09 -4.499046e-03 -2.947870e-12 -2.858186e-07 -1.557730e-03
1.005312e+01 -9.526974e-15  1.939833e-12 -6.871828e-09 -4.286278e-03 -2.050778e-12 -2.492850e-07 -1.486869e-03
1.016071e+01 -3.982772e-15  1.069545e-12 -5.490147e-09 -4.027128e-03 -1.174279e-12 -2.088272e-07 -1.400511e-03
1.029632e+01  5.101602e-16  3.302661e-13 -4.114654e-09 -3.722827e-03 -4.234770e-13 -1.668364e-07 -1.299018e-03
1.046400e+01  3.305309e-15 -1.813489e-13 -2.859690e-09 -3.378337e-03  1.053236e-13 -1.262271e-07 -1.183963e-03
1.066781e+01  4.098413e-15 -4.120092e-13 -1.825259e-09 -3.002510e-03  3.576926e-13 -8.988386e-08 -1.058183e-03
1.091168e+01  3.113047e-15 -3.789371e-13 -1.069276e-09 -2.607659e-03  3.479976e-13 -6.000568e-08 -9.256384e-04
1.119938e+01  1.105813e-15 -1.739494e-13 -5.902364e-10 -2.208505e-03  1.639877e-13 -3.758109e-08 -7.910732e-04
1.153435e+01 -8.775041e-16  6.568408e-14 -3.305797e-10 -1.820603e-03 -6.104630e-14 -2.223170e-08 -6.595205e-04
1.191965e+01 -1.934420e-15  2.131387e-13 -2.024811e-10 -1.458505e-03 -2.024864e-13 -1.252789e-08 -5.357282e-04
1.235784e+01 -1.722952e-15  2.089888e-13 -1.253494e-10 -1.134040e-03 -2.001459e-13 -6.649860e-09 -4.236229e-04
1.285091e+01 -6.096454e-16  8.567280e-14 -5.564695e-11 -8.550503e-04 -8.289121e-14 -3.068089e-09 -3.259166e-04
1.340020e+01  5.833156e-16 -5.975698e-14  7.571317e-12 -6.248746e-04  5.688773e-14 -8.994994e-10 -2.439309e-04
1.400635e+01  1.108705e-15 -1.314262e-13  4.309886e-11 -4.426009e-04  1.266188e-13  1.947319e-10 -1.776533e-04
1.466922e+01  7.625887e-16 -9.669499e-14  3.793429e-11 -3.039622e-04  9.394151e-14  3.951134e-10 -1.259820e-04
1.538787e+01 -3.835740e-17 -1.193670e-15  4.637350e-12 -2.025717e-04  2.038586e-15  4.145918e-11 -8.708035e-05
1.616056e+01 -6.250625e-16  7.332870e-14 -2.638591e-11 -1.311774e-04 -7.042698e-14 -3.678428e-10 -5.875073e-05
1.698474e+01 -6.004235e-16  7.443777e-14 -3.096534e-11 -8.268902e-05 -7.240160e-14 -4.439519e-10 -3.875608e-05
1.785703e+01 -1.050830e-16  1.544141e-14 -9.585236e-12 -5.085587e-05 -1.604230e-14 -1.530776e-10 -2.504868e-05
1.877332e+01  3.707108e-16 -4.442281e-14  1.590257e-11 -3.059678e-05  4.185433e-14  2.149142e-10 -1.589823e-05
1.972878e+01  4.377941e-16 -5.508169e-14  2.329275e-11 -1.805511e-05  5.279511e-14  3.373891e-10 -9.934116e-06
2.071794e+01  1.177716e-16 -1.628885e-14  9.128763e-12 -1.047562e-05  1.605278e-14  1.455231e-10 -6.127847e-06
2.173476e+01 -2.393299e-16  2.954248e-14 -1.074919e-11 -5.991780e-06 -2.782773e-14 -1.448774e-10 -3.742365e-06
2.277275e+01 -3.126611e-16  4.067060e-14 -1.778632e-11 -3.392196e-06 -3.859215e-14 -2.606350e-10 -2.269786e-06
2.382505e+01 -9.206552e-17  1.283116e-14 -7.615224e-12 -1.913460e-06 -1.188490e-14 -1.231418e-10 -1.371598e-06
2.488458e+01  1.607020e-16 -2.254259e-14  8.022120e-12 -1.083547e-06  2.218195e-14  1.071250e-10 -8.284759e-07
2.594410e+01  1.941757e-16 -3.192979e-14  1.414416e-11 -6.173552e-07  3.127048e-14  2.083884e-10 -5.017487e-07
2.699641e+01  1.607234e-18 -1.034171e-14  6.503826e-12 -3.507061e-07  1.042107e-14  1.063124e-10 -3.055664e-07
2.803440e+01 -2.021535e-16  1.834414e-14 -6.145394e-12 -1.958208e-07 -1.742450e-14 -8.016519e-11 -1.876804e-07
2.905122e+01 -2.059989e-16  2.711867e-14 -1.178002e-11 -1.081045e-07 -2.613944e-14 -1.731229e-10 -1.166468e-07
3.004038e+01  2.688658e-18  1.048595e-14 -6.248852e-12 -6.254550e-08 -1.027623e-14 -1.017620e-10 -7.362559e-08
3.099584e+01  2.452969e-16 -1.377756e-14  4.266939e-12 -4.113181e-08  1.304997e-14  5.185976e-11 -4.733176e-08
3.191213e+01  3.261553e-16 -2.352351e-14  1.013890e-11 -2.991067e-08  2.230963e-14  1.466258e-10 -3.102538e-08
3.278442e+01  1.978868e-16 -1.187053e-14  6.942736e-12 -2.055851e-08  1.061733e-14  1.101341e-10 -2.072266e-08
3.360859e+01 -1.990372e-17  9.252858e-15 -1.724247e-12 -1.105973e-08 -1.062943e-14 -1.313381e-11 -1.409877e-08
3.438128e+01 -1.583676e-16  2.162791e-14 -8.421675e-12 -3.404066e-09 -2.368599e-14 -1.167104e-10 -9.792777e-09
3.509994e+01 -1.345472e-16  1.609820e-14 -8.259161e-12  1.466346e-10 -1.932673e-14 -1.246910e-10 -6.977116e-09
3.576280e+01  3.348876e-18 -1.852257e-15 -2.080944e-12 -4.626671e-10 -2.440556e-15 -4.224146e-11 -5.116208e-09
3.636895e+01  1.345995e-16 -1.842944e-14  5.192375e-12 -3.093701e-09  1.385427e-14  6.358165e-11 -3.850535e-09
3.691825e+01  1.625587e-16 -2.248270e-14  8.691467e-12 -5.100289e-09  1.868697e-14  1.215546e-10 -2.945898e-09
3.741132e+01  7.347390e-17 -1.235450e-14  6.715806e-12 -4.988761e-09  1.012006e-14  1.027166e-10 -2.263743e-09
3.784951e+01 -7.136060e-17  4.878897e-15  1.068117e-12 -2.939030e-09 -5.407704e-15  2.818841e-11 -1.732345e-09
3.823481e+01 -1.868469e-16  1.924393e-14 -4.793812e-12 -2.030603e-10 -1.854824e-14 -5.503740e-11 -1.317780e-09
3.856978e+01 -2.154938e-16  2.383642e-14 -8.013198e-12  1.895663e-09 -2.272413e-14 -1.058242e-10 -1.000941e-09
3.885747e+01 -1.498377e-16  1.750528e-14 -7.588927e-12  2.658914e-09 -1.673950e-14 -1.076738e-10 -7.647858e-10
3.910135e+01 -2.328017e-17  3.885170e-15 -4.301133e-12  2.145876e-09 -3.927244e-15 -6.901473e-11 -5.909086e-10
3.930515e+01  1.152328e-16 -1.148234e-14  1.727534e-13  8.930842e-10  1.054208e-14 -1.166527e-11 -4.613131e-10
3.947283e+01  2.248459e-16 -2.388231e-14  4.219585e-12 -4.738245e-10  2.224114e-14  4.240569e-11 -3.612220e-10
3.960844e+01  2.848231e-16 -3.084999e-14  6.863164e-12 -1.510937e-09  2.884259e-14  7.930462e-11 -2.805549e-10
3.971604e+01  2.945193e-16 -3.220906e-14  7.864595e-12 -2.041660e-09  3.016900e-14  9.499559e-11 -2.136591e-10
3.979960e+01  2.662948e-16 -2.928680e-14  7.513852e-12 -2.105047e-09  2.746113e-14  9.273104e-11 -1.579716e-10
3.986293e+01  2.170469e-16 -2.395548e-14  6.330459e-12 -1.851150e-09  2.247728e-14  7.908981e-11 -1.124919e-10
3.990960e+01  1.619430e-16 -1.791507e-14  4.823291e-12 -1.447851e-09  1.681700e-14  6.071508e-11 -7.663137e-11
3.994290e+01  1.114074e-16 -1.234329e-14  3.363261e-12 -1.026431e-09  1.159010e-14  4.253841e-11 -4.960546e-11
3.996576e+01  7.075969e-17 -7.847508e-15  2.154749e-12 -6.645479e-10  7.370051e-15  2.733563e-11 -3.027363e-11
3.998073e+01  4.131979e-17 -4.585378e-15  1.265115e-12 -3.927361e-10  4.306913e-15  1.607976e-11 -1.723533e-11
3.999000e+01  2.194787e-17 -2.436539e-15  6.741956e-13 -2.101163e-10  2.288738e-15  8.578769e-12 -9.015115e-12
3.999532e+01  1.039711e-17 -1.154481e-15  3.199710e-13 -9.994147e-11  1.084495e-15  4.074047e-12 -4.233450e-12
3.999810e+01  4.244644e-18 -4.713719e-16  1.307541e-13 -4.088720e-11  4.428062e-16  1.665381e-12 -1.720495e-12
3.999937e+01  1.405455e-18 -1.560850e-16  4.331319e-14 -1.355121e-11  1.466275e-16  5.517513e-13 -5.685017e-13
3.999985e+01  3.358159e-19 -3.729528e-17  1.035084e-14 -3.239052e-12  3.503561e-17  1.318630e-13 -1.357313e-13
3.999998e+01  4.441698e-20 -4.932918e-18  1.369123e-15 -4.284578e-13  4.634044e-18  1.744202e-14 -1.794885e-14
4.000000e+01  1.391488e-21 -1.545378e-19  4.289196e-17 -1.342285e-14  1.451747e-19  5.464254e-16 -5.622811e-16
