376 8
 0 0 0 0 1 1 1 2
 2 2 2 2 6 6 4 10
 -4.512097e+02 -5.724349e+01 -7.487710e+00 -5.765130e-01 -5.144414e+01 -5.494354e+00 -2.042601e-01 -1.953579e+00
0.000000e+00  3.901339e+02  1.215875e+02 -4.815994e+01  1.542061e+01  2.460397e-05 -1.004988e-05  2.582625e-06 -1.320568e-06
3.278564e-09  3.901339e+02  1.215875e+02 -4.815993e+01  1.542061e+01  2.101362e-05 -8.621785e-06  2.216763e-06 -1.320564e-06
1.046582e-07  3.901325e+02  1.215871e+02 -4.815977e+01  1.542055e+01 -9.000688e-05  3.553765e-05 -9.096378e-06 -1.320436e-06
7.915214e-07  3.901234e+02  1.215843e+02 -4.815864e+01  1.542019e+01 -8.421781e-04  3.347207e-04 -8.574365e-05 -1.319893e-06
3.316517e-06  3.900899e+02  1.215738e+02 -4.815451e+01  1.541887e+01 -3.607103e-03  1.434495e-03 -3.674933e-04 -1.322800e-06
1.004733e-05  3.900007e+02  1.215460e+02 -4.814349e+01  1.541534e+01 -1.097633e-02  4.365675e-03 -1.118428e-03 -1.368179e-06
2.477810e-05  3.898054e+02  1.214851e+02 -4.811938e+01  1.540762e+01 -2.709842e-02  1.077839e-02 -2.761291e-03 -1.658407e-06
5.299135e-05  3.894316e+02  1.213686e+02 -4.807322e+01  1.539284e+01 -5.795387e-02  2.305142e-02 -5.905503e-03 -2.945509e-06
1.020609e-04  3.887824e+02  1.211662e+02 -4.799303e+01  1.536716e+01 -1.115483e-01  4.436911e-02 -1.136685e-02 -7.470436e-06
1.813877e-04  3.877353e+02  1.208395e+02 -4.786361e+01  1.532572e+01 -1.980011e-01  7.875648e-02 -2.017650e-02 -2.091531e-05
3.024627e-04  3.861424e+02  1.203421e+02 -4.766657e+01  1.526263e+01 -3.295028e-01  1.310624e-01 -3.357668e-02 -5.599703e-05
4.788527e-04  3.838337e+02  1.196204e+02 -4.738061e+01  1.517106e+01 -5.201147e-01  2.068797e-01 -5.300020e-02 -1.384594e-04
7.261078e-04  3.806209e+02  1.186145e+02 -4.698192e+01  1.504339e+01 -7.853811e-01  3.123908e-01 -8.003090e-02 -3.162547e-04
1.061591e-03  3.763049e+02  1.172601e+02 -4.644500e+01  1.487145e+01 -1.141736e+00  4.541310e-01 -1.163430e-01 -6.725829e-04
1.504231e-03  3.706857e+02  1.154915e+02 -4.574361e+01  1.464683e+01 -1.605690e+00  6.386643e-01 -1.636181e-01 -1.343124e-03
2.074209e-03  3.635745e+02  1.132447e+02 -4.485211e+01  1.436131e+01 -2.192810e+00  8.721752e-01 -2.234403e-01 -2.537220e-03
2.792580e-03  3.548076e+02  1.104611e+02 -4.374698e+01  1.400734e+01 -2.916521e+00  1.159989e+00 -2.971734e-01 -4.561935e-03
3.680838e-03  3.442618e+02  1.070922e+02 -4.240850e+01  1.357858e+01 -3.786800e+00  1.506044e+00 -3.858256e-01 -7.846960e-03
4.760448e-03  3.318692e+02  1.031041e+02 -4.082256e+01  1.307049e+01 -4.808849e+00  1.912358e+00 -4.899123e-01 -1.296723e-02
6.052333e-03  3.176306e+02  9.848134e+01 -3.898226e+01  1.248082e+01 -5.981884e+00  2.378529e+00 -6.093277e-01 -2.065935e-02
7.576358e-03  3.016248e+02  9.323064e+01 -3.688943e+01  1.181013e+01 -7.298168e+00  2.901337e+00 -7.432428e-01 -3.182724e-02
9.350803e-03  2.840131e+02  8.738345e+01 -3.455560e+01  1.106205e+01 -8.742455e+00  3.474496e+00 -8.900407e-01 -4.753291e-02
1.139185e-02  2.650370e+02  8.099667e+01 -3.200246e+01  1.024351e+01 -1.029194e+01  4.088617e+00 -1.047307e+00 -6.896871e-02
1.371307e-02  2.450090e+02  7.415180e+01 -2.926159e+01  9.364577e+00 -1.191684e+01  4.731405e+00 -1.211877e+00 -9.740971e-02
1.632504e-02  2.242965e+02  6.695213e+01 -2.637352e+01  8.438218e+00 -1.358155e+01  5.388109e+00 -1.379957e+00 -1.341469e-01
1.923484e-02  2.033002e+02  5.951804e+01 -2.338597e+01  7.479717e+00 -1.524638e+01  6.042211e+00 -1.547292e+00 -1.804052e-01
2.244580e-02  1.824294e+02  5.198099e+01 -2.035159e+01  6.505956e+00 -1.686979e+01  6.676289e+00 -1.709393e+00 -2.372522e-01
2.595722e-02  1.620768e+02  4.447651e+01 -1.732523e+01  5.534555e+00 -1.841070e+01  7.272998e+00 -1.861787e+00 -3.055072e-01
2.976415e-02  1.425952e+02  3.713695e+01 -1.436110e+01  4.582953e+00 -1.983097e+01  7.816074e+00 -2.000276e+00 -3.856594e-01
3.385735e-02  1.242793e+02  3.008463e+01 -1.150997e+01  3.667518e+00 -2.109758e+01  8.291263e+00 -2.121176e+00 -4.778047e-01
3.822326e-02  1.073533e+02  2.342604e+01 -8.816800e+00  2.802768e+00 -2.218433e+01  8.687095e+00 -2.221519e+00 -5.816092e-01
4.284407e-02  9.196642e+01  1.724748e+01 -6.318762e+00  2.000747e+00 -2.307307e+01  8.995440e+00 -2.299198e+00 -6.963035e-01
4.769797e-02  7.819342e+01  1.161242e+01 -4.044029e+00  1.270614e+00 -2.375421e+01  9.211794e+00 -2.353041e+00 -8.207089e-01
5.275935e-02  6.604211e+01  6.560672e+00 -2.011195e+00  6.184514e-01 -2.422660e+01  9.335308e+00 -2.382821e+00 -9.532932e-01
5.799924e-02  5.546392e+01  2.109198e+00 -2.293847e-01  4.728822e-02 -2.449678e+01  9.368550e+00 -2.389202e+00 -1.092249e+00
6.338567e-02  4.636688e+01 -1.745732e+00  1.301065e+00 -4.426872e-01 -2.457792e+01  9.317079e+00 -2.373620e+00 -1.235588e+00
6.888423e-02  3.862902e+01 -5.025377e+00  2.587469e+00 -8.537715e-01 -2.448827e+01  9.188867e+00 -2.338143e+00 -1.381240e+00
7.445863e-02  3.211091e+01 -7.764816e+00  3.643379e+00 -1.190294e+00 -2.424970e+01  8.993641e+00 -2.285301e+00 -1.527156e+00
8.007127e-02  2.666641e+01 -1.000907e+01  4.487028e+00 -1.458120e+00 -2.388609e+01  8.742224e+00 -2.217907e+00 -1.671386e+00
8.568391e-02  2.215111e+01 -1.180939e+01  5.139795e+00 -1.664152e+00 -2.342198e+01  8.445902e+00 -2.138905e+00 -1.812164e+00
9.125831e-02  1.842844e+01 -1.321995e+01  5.624778e+00 -1.815871e+00 -2.288138e+01  8.115878e+00 -2.051214e+00 -1.947951e+00
9.675688e-02  1.537357e+01 -1.429507e+01  5.965554e+00 -1.920928e+00 -2.228687e+01  7.762820e+00 -1.957621e+00 -2.077477e+00
1.021433e-01  1.287552e+01 -1.508707e+01  6.185181e+00 -1.986822e+00 -2.165891e+01  7.396528e+00 -1.860685e+00 -2.199750e+00
1.073832e-01  1.083778e+01 -1.564474e+01  6.305432e+00 -2.020643e+00 -2.101548e+01  7.025703e+00 -1.762678e+00 -2.314056e+00
1.124446e-01  9.177966e+00 -1.601233e+01  6.346271e+00 -2.028898e+00 -2.037186e+01  6.657826e+00 -1.665556e+00 -2.419945e+00
1.172985e-01  7.826821e+00 -1.622899e+01  6.325533e+00 -2.017407e+00 -1.974065e+01  6.299113e+00 -1.570942e+00 -2.517201e+00
1.219193e-01  6.726830e+00 -1.632867e+01  6.258783e+00 -1.991249e+00 -1.913187e+01  5.954548e+00 -1.480134e+00 -2.605812e+00
1.262852e-01  5.830703e+00 -1.634024e+01  6.159309e+00 -1.954761e+00 -1.855316e+01  5.627957e+00 -1.394128e+00 -2.685937e+00
1.303784e-01  5.099863e+00 -1.628775e+01  6.038213e+00 -1.911564e+00 -1.801010e+01  5.322116e+00 -1.313644e+00 -2.757867e+00
1.341853e-01  4.503035e+00 -1.619093e+01  5.904575e+00 -1.864615e+00 -1.750640e+01  5.038880e+00 -1.239159e+00 -2.821994e+00
1.376967e-01  4.014973e+00 -1.606564e+01  5.765647e+00 -1.816275e+00 -1.704427e+01  4.779310e+00 -1.170941e+00 -2.878779e+00
1.409077e-01  3.615360e+00 -1.592439e+01  5.627075e+00 -1.768373e+00 -1.662462e+01  4.543805e+00 -1.109085e+00 -2.928728e+00
1.438175e-01  3.287867e+00 -1.577683e+01  5.493117e+00 -1.722283e+00 -1.624734e+01  4.332222e+00 -1.053544e+00 -2.972372e+00
1.464295e-01  3.019372e+00 -1.563019e+01  5.366853e+00 -1.678994e+00 -1.591149e+01  4.143979e+00 -1.004157e+00 -3.010244e+00
1.487507e-01  2.799315e+00 -1.548971e+01  5.250378e+00 -1.639169e+00 -1.561552e+01  3.978156e+00 -9.606735e-01 -3.042872e+00
1.507917e-01  2.619180e+00 -1.535900e+01  5.144980e+00 -1.603209e+00 -1.535735e+01  3.833573e+00 -9.227768e-01 -3.070768e+00
1.525662e-01  2.472068e+00 -1.524035e+01  5.051293e+00 -1.571299e+00 -1.513459e+01  3.708855e+00 -8.901008e-01 -3.094420e+00
1.540902e-01  2.352364e+00 -1.513499e+01  4.969432e+00 -1.543455e+00 -1.494457e+01  3.602498e+00 -8.622453e-01 -3.114292e+00
1.553821e-01  2.255467e+00 -1.504334e+01  4.899107e+00 -1.519561e+00 -1.478448e+01  3.512909e+00 -8.387891e-01 -3.130818e+00
1.564617e-01  2.177574e+00 -1.496521e+01  4.839726e+00 -1.499403e+00 -1.465139e+01  3.438450e+00 -8.192997e-01 -3.144405e+00
1.573500e-01  2.115519e+00 -1.489992e+01  4.790477e+00 -1.482696e+00 -1.454238e+01  3.377474e+00 -8.033430e-01 -3.155433e+00
1.580683e-01  2.066635e+00 -1.484649e+01  4.750401e+00 -1.469108e+00 -1.445456e+01  3.328351e+00 -7.904907e-01 -3.164251e+00
1.586383e-01  2.028658e+00 -1.480370e+01  4.718454e+00 -1.458282e+00 -1.438509e+01  3.289499e+00 -7.803271e-01 -3.171185e+00
1.590810e-01  1.999650e+00 -1.477024e+01  4.693556e+00 -1.449846e+00 -1.433127e+01  3.259402e+00 -7.724550e-01 -3.176531e+00
1.594164e-01  1.977943e+00 -1.474474e+01  4.674635e+00 -1.443438e+00 -1.429055e+01  3.236636e+00 -7.665008e-01 -3.180561e+00
1.596637e-01  1.962096e+00 -1.472588e+01  4.660663e+00 -1.438707e+00 -1.426059e+01  3.219882e+00 -7.621193e-01 -3.183518e+00
1.598401e-01  1.950870e+00 -1.471239e+01  4.650681e+00 -1.435327e+00 -1.423923e+01  3.207942e+00 -7.589970e-01 -3.185621e+00
1.599612e-01  1.943201e+00 -1.470311e+01  4.643823e+00 -1.433005e+00 -1.422459e+01  3.199753e+00 -7.568556e-01 -3.187062e+00
1.600405e-01  1.938193e+00 -1.469703e+01  4.639327e+00 -1.431483e+00 -1.421499e+01  3.194391e+00 -7.554534e-01 -3.188005e+00
1.600896e-01  1.935102e+00 -1.469326e+01  4.636545e+00 -1.430541e+00 -1.420906e+01  3.191074e+00 -7.545862e-01 -3.188587e+00
1.601178e-01  1.933327e+00 -1.469109e+01  4.634945e+00 -1.430000e+00 -1.420565e+01  3.189168e+00 -7.540878e-01 -3.188922e+00
1.601325e-01  1.932400e+00 -1.468996e+01  4.634109e+00 -1.429717e+00 -1.420387e+01  3.188173e+00 -7.538276e-01 -3.189097e+00
1.601392e-01  1.931977e+00 -1.468944e+01  4.633728e+00 -1.429588e+00 -1.420306e+01  3.187718e+00 -7.537087e-01 -3.189176e+00
1.601418e-01  1.931819e+00 -1.468925e+01  4.633584e+00 -1.429539e+00 -1.420275e+01  3.187548e+00 -7.536641e-01 -3.189206e+00
1.601424e-01  1.931776e+00 -1.468919e+01  4.633545e+00 -1.429526e+00 -1.420267e+01  3.187501e+00 -7.536519e-01 -3.189215e+00
1.601425e-01  1.931769e+00 -1.468919e+01  4.633540e+00 -1.429524e+00 -1.420266e+01  3.187494e+00 -7.536501e-01 -3.189216e+00
1.601426e-01  1.931768e+00 -1.468918e+01  4.633539e+00 -1.429524e+00 -1.420266e+01  3.187493e+00 -7.536498e-01 -3.189216e+00
1.601430e-01  1.931742e+00 -1.468915e+01  4.633515e+00 -1.429516e+00 -1.420261e+01  3.187465e+00 -7.536426e-01 -3.189221e+00
1.601458e-01  1.931567e+00 -1.468894e+01  4.633357e+00 -1.429462e+00 -1.420227e+01  3.187277e+00 -7.535932e-01 -3.189254e+00
1.601560e-01  1.930921e+00 -1.468815e+01  4.632774e+00 -1.429265e+00 -1.420103e+01  3.186583e+00 -7.534118e-01 -3.189376e+00
1.601834e-01  1.929202e+00 -1.468604e+01  4.631221e+00 -1.428739e+00 -1.419772e+01  3.184734e+00 -7.529283e-01 -3.189700e+00
1.602433e-01  1.925445e+00 -1.468143e+01  4.627820e+00 -1.427588e+00 -1.419048e+01  3.180688e+00 -7.518703e-01 -3.190410e+00
1.603581e-01  1.918270e+00 -1.467260e+01  4.621304e+00 -1.425383e+00 -1.417663e+01  3.172941e+00 -7.498450e-01 -3.191768e+00
1.605577e-01  1.905855e+00 -1.465720e+01  4.609959e+00 -1.421543e+00 -1.415255e+01  3.159480e+00 -7.463254e-01 -3.194124e+00
1.608803e-01  1.885955e+00 -1.463222e+01  4.591590e+00 -1.415327e+00 -1.411367e+01  3.137748e+00 -7.406437e-01 -3.197918e+00
1.613728e-01  1.855984e+00 -1.459391e+01  4.563485e+00 -1.405820e+00 -1.405446e+01  3.104648e+00 -7.319910e-01 -3.203676e+00
1.620903e-01  1.813176e+00 -1.453772e+01  4.522398e+00 -1.391925e+00 -1.396846e+01  3.056580e+00 -7.194273e-01 -3.211989e+00
1.630960e-01  1.754837e+00 -1.445820e+01  4.464535e+00 -1.372368e+00 -1.384844e+01  2.989508e+00 -7.019007e-01 -3.223496e+00
1.644606e-01  1.678687e+00 -1.434899e+01  4.385558e+00 -1.345693e+00 -1.368660e+01  2.899086e+00 -6.782799e-01 -3.238837e+00
1.662611e-01  1.583273e+00 -1.420275e+01  4.280617e+00 -1.310281e+00 -1.347486e+01  2.780826e+00 -6.474004e-01 -3.258600e+00
1.685795e-01  1.468395e+00 -1.401121e+01  4.144427e+00 -1.264375e+00 -1.320529e+01  2.630328e+00 -6.081260e-01 -3.283256e+00
1.715015e-01  1.335462e+00 -1.376532e+01  3.971425e+00 -1.206142e+00 -1.287058e+01  2.443571e+00 -5.594269e-01 -3.313076e+00
1.751145e-01  1.187684e+00 -1.345565e+01  3.756045e+00 -1.133764e+00 -1.246465e+01  2.217261e+00 -5.004740e-01 -3.348041e+00
1.795059e-01  1.029998e+00 -1.307299e+01  3.493129e+00 -1.045583e+00 -1.198333e+01  1.949230e+00 -4.307463e-01 -3.387758e+00
1.847607e-01  8.686806e-01 -1.260935e+01  3.178511e+00 -9.403023e-01 -1.142511e+01  1.638866e+00 -3.501461e-01 -3.431373e+00
1.909597e-01  7.106598e-01 -1.205910e+01  2.809729e+00 -8.172291e-01 -1.079172e+01  1.287521e+00 -2.591112e-01 -3.477524e+00
1.981774e-01  5.626395e-01 -1.142031e+01  2.386816e+00 -6.765423e-01 -1.008873e+01  8.988559e-01 -1.587075e-01 -3.524314e+00
2.064794e-01  4.302147e-01 -1.069600e+01  1.913022e+00 -5.195414e-01 -9.325752e+00  4.790447e-01 -5.068537e-02 -3.569346e+00
2.159211e-01  3.171806e-01 -9.894920e+00  1.395340e+00 -3.488235e-01 -8.516333e+00  3.676294e-02  6.252180e-02 -3.609809e+00
2.265454e-01  2.251944e-01 -9.031760e+00  8.446407e-01 -1.683312e-01 -7.677362e+00 -4.170867e-01  1.778717e-01 -3.642637e+00
2.383811e-01  1.538508e-01 -8.126479e+00  2.753288e-01  1.676899e-02 -6.828050e+00 -8.699395e-01  2.918658e-01 -3.664710e+00
2.514418e-01  1.011112e-01 -7.202830e+00 -2.955405e-01  2.003909e-01 -5.988543e+00 -1.308390e+00  4.007745e-01 -3.673098e+00
2.657247e-01  6.393304e-02 -6.286246e+00 -8.495907e-01  3.759934e-01 -5.178355e+00 -1.719191e+00  5.009116e-01 -3.665305e+00
2.812096e-01  3.891933e-02 -5.401443e+00 -1.368725e+00  5.371441e-01 -4.414848e+00 -2.090293e+00  5.889253e-01 -3.639501e+00
2.978589e-01  2.283892e-02 -4.570162e+00 -1.836752e+00  6.780972e-01 -3.711984e+00 -2.411797e+00  6.620654e-01 -3.594684e+00
3.156174e-01  1.294725e-02 -3.809429e+00 -2.240777e+00  7.942980e-01 -3.079518e+00 -2.676666e+00  7.183899e-01 -3.530771e+00
3.344127e-01  7.112553e-03 -3.130564e+00 -2.572155e+00  8.827372e-01 -2.522734e+00 -2.881124e+00  7.568846e-01 -3.448606e+00
3.541562e-01  3.800414e-03 -2.539012e+00 -2.826902e+00  9.421145e-01 -2.042666e+00 -3.024696e+00  7.774828e-01 -3.349869e+00
3.747436e-01  1.980693e-03 -2.034871e+00 -3.005550e+00  9.728029e-01 -1.636735e+00 -3.109920e+00  7.809930e-01 -3.236927e+00
3.960570e-01  1.006830e-03 -1.613921e+00 -3.112543e+00  9.766432e-01 -1.299614e+00 -3.141802e+00  7.689508e-01 -3.112630e+00
4.179666e-01  4.981107e-04 -1.268880e+00 -3.155321e+00  9.566180e-01 -1.024176e+00 -3.127128e+00  7.434236e-01 -2.980084e+00
4.403322e-01  2.410367e-04 -9.906800e-01 -3.143276e+00  9.164674e-01 -8.023905e-01 -3.073717e+00  7.067986e-01 -2.842436e+00
4.630064e-01  1.175161e-04 -7.695661e-01 -3.086722e+00  8.603033e-01 -6.260577e-01 -2.989733e+00  6.615800e-01 -2.702683e+00
4.858360e-01  6.079555e-05 -5.959519e-01 -2.996005e+00  7.922686e-01 -4.873638e-01 -2.883109e+00  6.102170e-01 -2.563527e+00
5.086657e-01  3.335286e-05 -4.609920e-01 -2.880830e+00  7.162688e-01 -3.792320e-01 -2.761118e+00  5.549725e-01 -2.427283e+00
5.313398e-01  1.688214e-05 -3.569035e-01 -2.749807e+00  6.357874e-01 -2.955065e-01 -2.630111e+00  4.978367e-01 -2.295832e+00
5.537055e-01  5.657467e-06 -2.770892e-01 -2.610214e+00  5.537806e-01 -2.310026e-01 -2.495387e+00  4.404828e-01 -2.170619e+00
5.756150e-01 -2.889465e-07 -2.161217e-01 -2.467932e+00  4.726393e-01 -1.814672e-01 -2.361176e+00  3.842550e-01 -2.052679e+00
5.969285e-01 -9.217285e-07 -1.696432e-01 -2.327499e+00  3.942030e-01 -1.434862e-01 -2.230705e+00  3.301829e-01 -1.942680e+00
6.175159e-01  1.461846e-06 -1.342225e-01 -2.192249e+00  3.198059e-01 -1.143656e-01 -2.106312e+00  2.790111e-01 -1.840986e+00
6.372593e-01  3.454251e-06 -1.071989e-01 -2.064486e+00  2.503445e-01 -9.200985e-02 -1.989579e+00  2.312379e-01 -1.747705e+00
6.560547e-01  3.002597e-06 -8.653292e-02 -1.945674e+00  1.863510e-01 -7.480553e-02 -1.881471e+00  1.871572e-01 -1.662752e+00
6.738132e-01  5.537062e-07 -7.067481e-02 -1.836616e+00  1.280685e-01 -6.152092e-02 -1.782471e+00  1.468990e-01 -1.585892e+00
6.904625e-01 -1.881741e-06 -5.845404e-02 -1.737613e+00  7.551793e-02 -5.122093e-02 -1.692695e+00  1.104676e-01 -1.516787e+00
7.059474e-01 -2.598542e-06 -4.899054e-02 -1.648601e+00  2.855840e-02 -4.319840e-02 -1.611992e+00  7.777323e-02 -1.455028e+00
7.202302e-01 -1.388232e-06 -4.162448e-02 -1.569262e+00 -1.306371e-02 -3.691968e-02 -1.540025e+00  4.865999e-02 -1.400162e+00
7.332910e-01  6.314317e-07 -3.586164e-02 -1.499107e+00 -4.967476e-02 -3.198224e-02 -1.476332e+00  2.292756e-02 -1.351711e+00
7.451267e-01  2.053882e-06 -3.133135e-02 -1.437544e+00 -8.164308e-02 -2.808211e-02 -1.420376e+00  3.485375e-04 -1.309192e+00
7.557510e-01  2.134814e-06 -2.775467e-02 -1.383928e+00 -1.093560e-01 -2.498913e-02 -1.371579e+00 -1.931861e-02 -1.272123e+00
7.651927e-01  1.063849e-06 -2.492073e-02 -1.337590e+00 -1.332033e-01 -2.252841e-02 -1.329349e+00 -3.631998e-02 -1.240035e+00
7.734947e-01 -3.968117e-07 -2.266932e-02 -1.297863e+00 -1.535663e-01 -2.056636e-02 -1.293096e+00 -5.089959e-02 -1.212471e+00
7.807123e-01 -1.481097e-06 -2.087807e-02 -1.264096e+00 -1.708106e-01 -1.900040e-02 -1.262243e+00 -6.329491e-02 -1.188994e+00
7.869114e-01 -1.801059e-06 -1.945295e-02 -1.235666e+00 -1.852821e-01 -1.775123e-02 -1.236236e+00 -7.373402e-02 -1.169186e+00
7.921662e-01 -1.405666e-06 -1.832120e-02 -1.211976e+00 -1.973050e-01 -1.675702e-02 -1.214544e+00 -8.243401e-02 -1.152649e+00
7.965576e-01 -6.110405e-07 -1.742594e-02 -1.192468e+00 -2.071813e-01 -1.596912e-02 -1.196663e+00 -8.960003e-02 -1.139006e+00
8.001706e-01  2.235515e-07 -1.672219e-02 -1.176612e+00 -2.151907e-01 -1.534879e-02 -1.182119e+00 -9.542493e-02 -1.127900e+00
8.030926e-01  8.481952e-07 -1.617389e-02 -1.163918e+00 -2.215918e-01 -1.486482e-02 -1.170467e+00 -1.000890e-01 -1.118997e+00
8.054110e-01  1.167949e-06 -1.575173e-02 -1.153927e+00 -2.266221e-01 -1.449176e-02 -1.161292e+00 -1.037601e-01 -1.111982e+00
8.072115e-01  1.210891e-06 -1.543158e-02 -1.146218e+00 -2.304990e-01 -1.420854e-02 -1.154210e+00 -1.065929e-01 -1.106564e+00
8.085761e-01  1.067192e-06 -1.519333e-02 -1.140404e+00 -2.334202e-01 -1.399761e-02 -1.148866e+00 -1.087295e-01 -1.102475e+00
8.095818e-01  8.356898e-07 -1.502014e-02 -1.136135e+00 -2.355638e-01 -1.384417e-02 -1.144942e+00 -1.102983e-01 -1.099471e+00
8.102992e-01  5.930738e-07 -1.489783e-02 -1.133097e+00 -2.370880e-01 -1.373575e-02 -1.142149e+00 -1.114146e-01 -1.097333e+00
8.107917e-01  3.845446e-07 -1.481446e-02 -1.131017e+00 -2.381319e-01 -1.366183e-02 -1.140236e+00 -1.121793e-01 -1.095868e+00
8.111144e-01  2.278675e-07 -1.476011e-02 -1.129655e+00 -2.388149e-01 -1.361361e-02 -1.138984e+00 -1.126798e-01 -1.094909e+00
8.113140e-01  1.225902e-07 -1.472658e-02 -1.128813e+00 -2.392369e-01 -1.358387e-02 -1.138210e+00 -1.129891e-01 -1.094316e+00
8.114287e-01  5.907342e-08 -1.470735e-02 -1.128330e+00 -2.394794e-01 -1.356680e-02 -1.137765e+00 -1.131668e-01 -1.093976e+00
8.114887e-01  2.502758e-08 -1.469731e-02 -1.128077e+00 -2.396060e-01 -1.355790e-02 -1.137533e+00 -1.132596e-01 -1.093798e+00
8.115160e-01  9.267797e-09 -1.469273e-02 -1.127962e+00 -2.396638e-01 -1.355383e-02 -1.137427e+00 -1.133020e-01 -1.093717e+00
8.115263e-01  3.322603e-09 -1.469101e-02 -1.127919e+00 -2.396855e-01 -1.355231e-02 -1.137387e+00 -1.133179e-01 -1.093686e+00
8.115291e-01  1.702230e-09 -1.469054e-02 -1.127907e+00 -2.396914e-01 -1.355189e-02 -1.137376e+00 -1.133222e-01 -1.093678e+00
8.115295e-01  1.462952e-09 -1.469047e-02 -1.127905e+00 -2.396923e-01 -1.355183e-02 -1.137374e+00 -1.133228e-01 -1.093677e+00
8.115296e-01  1.455212e-09 -1.469047e-02 -1.127905e+00 -2.396924e-01 -1.355182e-02 -1.137374e+00 -1.133229e-01 -1.093676e+00
8.115308e-01  1.455158e-09 -1.469025e-02 -1.127900e+00 -2.396950e-01 -1.355163e-02 -1.137369e+00 -1.133249e-01 -1.093673e+00
8.115394e-01  1.454790e-09 -1.468882e-02 -1.127864e+00 -2.397131e-01 -1.355036e-02 -1.137336e+00 -1.133381e-01 -1.093647e+00
8.115709e-01  1.453440e-09 -1.468355e-02 -1.127731e+00 -2.397796e-01 -1.354569e-02 -1.137214e+00 -1.133868e-01 -1.093554e+00
8.116547e-01  1.449845e-09 -1.466951e-02 -1.127378e+00 -2.399567e-01 -1.353325e-02 -1.136889e+00 -1.135166e-01 -1.093305e+00
8.118383e-01  1.442005e-09 -1.463884e-02 -1.126605e+00 -2.403440e-01 -1.350605e-02 -1.136179e+00 -1.138006e-01 -1.092761e+00
8.121899e-01  1.427097e-09 -1.458027e-02 -1.125126e+00 -2.410852e-01 -1.345411e-02 -1.134819e+00 -1.143441e-01 -1.091719e+00
8.128014e-01  1.401499e-09 -1.447896e-02 -1.122559e+00 -2.423720e-01 -1.336425e-02 -1.132456e+00 -1.152879e-01 -1.089909e+00
8.137899e-01  1.360992e-09 -1.431667e-02 -1.118418e+00 -2.444459e-01 -1.322026e-02 -1.128646e+00 -1.168099e-01 -1.086990e+00
8.152987e-01  1.301202e-09 -1.407247e-02 -1.112123e+00 -2.475965e-01 -1.300348e-02 -1.122853e+00 -1.191237e-01 -1.082549e+00
8.174968e-01  1.218338e-09 -1.372415e-02 -1.103005e+00 -2.521544e-01 -1.269403e-02 -1.114458e+00 -1.224751e-01 -1.076111e+00
8.205780e-01  1.110213e-09 -1.325036e-02 -1.090331e+00 -2.584798e-01 -1.227265e-02 -1.102783e+00 -1.271338e-01 -1.067152e+00
8.247587e-01  9.774086e-10 -1.263358e-02 -1.073334e+00 -2.669437e-01 -1.172325e-02 -1.087111e+00 -1.333825e-01 -1.055113e+00
8.302747e-01  8.242954e-10 -1.186353e-02 -1.051255e+00 -2.779036e-01 -1.103594e-02 -1.066732e+00 -1.415000e-01 -1.039435e+00
8.373776e-01  6.594500e-10 -1.094076e-02 -1.023401e+00 -2.916718e-01 -1.021009e-02 -1.040985e+00 -1.517415e-01 -1.019588e+00
8.463297e-01  4.949965e-10 -9.879384e-03 -9.892080e-01 -3.084782e-01 -9.256959e-03 -1.009317e+00 -1.643142e-01 -9.951126e-01
8.573988e-01  3.445973e-10 -8.708431e-03 -9.483113e-01 -3.284295e-01 -8.200897e-03 -9.713450e-01 -1.793504e-01 -9.656593e-01
8.708525e-01  2.203233e-10 -7.470689e-03 -9.006162e-01 -3.514686e-01 -7.078672e-03 -9.269200e-01 -1.968805e-01 -9.310355e-01
8.869516e-01  1.293068e-10 -6.218882e-03 -8.463577e-01 -3.773383e-01 -5.936360e-03 -8.761786e-01 -2.168079e-01 -8.912406e-01
9.059434e-01  7.157244e-11 -5.009395e-03 -7.861419e-01 -4.055559e-01 -4.824110e-03 -8.195848e-01 -2.388893e-01 -8.464950e-01
9.280559e-01  4.031990e-11 -3.894691e-03 -7.209567e-01 -4.354045e-01 -3.789609e-03 -7.579446e-01 -2.627258e-01 -7.972530e-01
9.534907e-01  2.495071e-11 -2.916108e-03 -6.521430e-01 -4.659483e-01 -2.871674e-03 -6.923887e-01 -2.877658e-01 -7.441974e-01
9.824170e-01  1.562262e-11 -2.098787e-03 -5.813234e-01 -4.960730e-01 -2.095472e-03 -6.243195e-01 -3.133245e-01 -6.882134e-01
1.014966e+00  6.987794e-12 -1.449933e-03 -5.102905e-01 -5.245540e-01 -1.470490e-03 -5.553237e-01 -3.386188e-01 -6.303420e-01
1.051227e+00 -1.001451e-12 -9.605929e-04 -4.408674e-01 -5.501441e-01 -9.915420e-04 -4.870580e-01 -3.628170e-01 -5.717174e-01
1.091241e+00 -5.563447e-12 -6.100766e-04 -3.747581e-01 -5.716745e-01 -6.422412e-04 -4.211230e-01 -3.850962e-01 -5.134945e-01
1.134999e+00 -4.923359e-12 -3.715398e-04 -3.134109e-01 -5.881528e-01 -3.997143e-04 -3.589412e-01 -4.047035e-01 -4.567754e-01
1.182440e+00 -6.066630e-13 -2.171864e-04 -2.579154e-01 -5.988466e-01 -2.392586e-04 -3.016579e-01 -4.210107e-01 -4.025424e-01
1.233448e+00  3.467081e-12 -1.220627e-04 -2.089471e-01 -6.033399e-01 -1.379471e-04 -2.500775e-01 -4.335570e-01 -3.516065e-01
1.287854e+00  4.095414e-12 -6.608829e-05 -1.667638e-01 -6.015550e-01 -7.675833e-05 -2.046415e-01 -4.420749e-01 -3.045749e-01
1.345437e+00  1.275926e-12 -3.453253e-05 -1.312483e-01 -5.937399e-01 -4.130429e-05 -1.654464e-01 -4.464962e-01 -2.618393e-01
1.405925e+00 -2.128311e-12 -1.743765e-05 -1.019849e-01 -5.804254e-01 -2.153959e-05 -1.322933e-01 -4.469410e-01 -2.235844e-01
1.468998e+00 -3.135375e-12 -8.533440e-06 -7.835119e-02 -5.623599e-01 -1.092039e-05 -1.047581e-01 -4.436912e-01 -1.898104e-01
1.534295e+00 -1.235648e-12 -4.085939e-06 -5.961049e-02 -5.404332e-01 -5.419365e-06 -8.226748e-02 -4.371547e-01 -1.603663e-01
1.601419e+00  1.461304e-12 -1.953783e-06 -4.499210e-02 -5.155998e-01 -2.663880e-06 -6.417102e-02 -4.278249e-01 -1.349874e-01
1.669940e+00  2.429532e-12 -9.479613e-07 -3.375286e-02 -4.888086e-01 -1.309022e-06 -4.980185e-02 -4.162394e-01 -1.133327e-01
1.739407e+00  1.044605e-12 -4.501180e-07 -2.521801e-02 -4.609471e-01 -6.334564e-07 -3.852179e-02 -4.029441e-01 -9.501848e-02
1.809349e+00 -1.104955e-12 -1.830036e-07 -1.880299e-02 -4.328010e-01 -2.854927e-07 -2.975091e-02 -3.884628e-01 -7.964632e-02
1.879292e+00 -1.954865e-12 -4.851815e-08 -1.402033e-02 -4.050308e-01 -1.125086e-07 -2.298321e-02 -3.732745e-01 -6.682514e-02
1.948758e+00 -9.011859e-13 -8.717859e-09 -1.047606e-02 -3.781629e-01 -4.507770e-08 -1.779158e-02 -3.577994e-01 -5.618644e-02
2.017280e+00  8.558475e-13 -2.251940e-08 -7.859916e-03 -3.525924e-01 -3.419486e-08 -1.382511e-02 -3.423917e-01 -4.739399e-02
2.084403e+00  1.643447e-12 -4.104889e-08 -5.932713e-03 -3.285943e-01 -3.684870e-08 -1.080182e-02 -3.273382e-01 -4.014878e-02
2.149701e+00  8.727862e-13 -3.338116e-08 -4.513261e-03 -3.063394e-01 -2.722448e-08 -8.499245e-03 -3.128614e-01 -3.419036e-02
2.212774e+00 -5.998122e-13 -2.878024e-09 -3.466204e-03 -2.859125e-01 -4.787957e-09 -6.744417e-03 -2.991258e-01 -2.929571e-02
2.273262e+00 -1.424973e-12  2.454955e-08 -2.691522e-03 -2.673305e-01  1.465991e-08 -5.404448e-03 -2.862446e-01 -2.527647e-02
2.330845e+00 -9.760648e-13  2.764520e-08 -2.115898e-03 -2.505592e-01  1.756589e-08 -4.378164e-03 -2.742885e-01 -2.197541e-02
2.385251e+00  2.452254e-13  7.422241e-09 -1.685892e-03 -2.355281e-01  4.699729e-09 -3.589063e-03 -2.632931e-01 -1.926243e-02
2.436259e+00  1.190589e-12 -1.711406e-08 -1.362679e-03 -2.221422e-01 -1.135281e-08 -2.979562e-03 -2.532666e-01 -1.703069e-02
2.483700e+00  1.167209e-12 -2.680524e-08 -1.118098e-03 -2.102923e-01 -1.782783e-08 -2.506435e-03 -2.441958e-01 -1.519287e-02
2.527458e+00  2.921493e-13 -1.658235e-08 -9.317183e-04 -1.998615e-01 -1.120849e-08 -2.137266e-03 -2.360519e-01 -1.367791e-02
2.567472e+00 -7.385369e-13  3.827698e-09 -7.886907e-04 -1.907315e-01  2.219395e-09 -1.847732e-03 -2.287943e-01 -1.242807e-02
2.603732e+00 -1.233836e-12  1.976272e-08 -6.781914e-04 -1.827856e-01  1.281753e-08 -1.619554e-03 -2.223749e-01 -1.139651e-02
2.636282e+00 -9.513966e-13  2.226467e-08 -5.922939e-04 -1.759115e-01  1.462665e-08 -1.438956e-03 -2.167404e-01 -1.054524e-02
2.665208e+00 -1.466680e-13  1.215933e-08 -5.251619e-04 -1.700027e-01  8.111487e-09 -1.295518e-03 -2.118345e-01 -9.843363e-03
2.690643e+00  6.890243e-13 -2.995710e-09 -4.724702e-04 -1.649591e-01 -1.801621e-09 -1.181316e-03 -2.075994e-01 -9.265731e-03
2.712755e+00  1.149495e-12 -1.489974e-08 -4.309900e-04 -1.606876e-01 -9.653325e-09 -1.090287e-03 -2.039771e-01 -8.791751e-03
2.731747e+00  1.092649e-12 -1.895125e-08 -3.982917e-04 -1.571013e-01 -1.238834e-08 -1.017756e-03 -2.009100e-01 -8.404478e-03
2.747846e+00  6.300575e-13 -1.526310e-08 -3.725296e-04 -1.541200e-01 -1.004531e-08 -9.600860e-04 -1.983418e-01 -8.089873e-03
2.761300e+00  9.305159e-16 -7.029389e-09 -3.522866e-04 -1.516693e-01 -4.698405e-09 -9.144216e-04 -1.962179e-01 -7.836209e-03
2.772369e+00 -5.650723e-13  1.889685e-09 -3.364611e-04 -1.496804e-01  1.125926e-09 -8.784935e-04 -1.944855e-01 -7.633608e-03
2.781321e+00 -9.295075e-13  8.707252e-09 -3.241856e-04 -1.480899e-01  5.595165e-09 -8.504778e-04 -1.930944e-01 -7.473675e-03
2.788424e+00 -1.059314e-12  1.229454e-08 -3.147665e-04 -1.468393e-01  7.960526e-09 -8.288894e-04 -1.919970e-01 -7.349217e-03
2.793940e+00 -9.968621e-13  1.288446e-08 -3.076419e-04 -1.458749e-01  8.366765e-09 -8.125043e-04 -1.911486e-01 -7.254024e-03
2.798121e+00 -8.170539e-13  1.142138e-08 -3.023503e-04 -1.451480e-01  7.427538e-09 -8.003027e-04 -1.905079e-01 -7.182715e-03
2.801202e+00 -5.929534e-13  8.971381e-09 -2.985091e-04 -1.446145e-01  5.838777e-09 -7.914277e-04 -1.900369e-01 -7.130618e-03
2.803400e+00 -3.776155e-13  6.373460e-09 -2.957989e-04 -1.442349e-01  4.149364e-09 -7.851567e-04 -1.897015e-01 -7.093687e-03
2.804909e+00 -2.000771e-13  4.127920e-09 -2.939530e-04 -1.439750e-01  2.687247e-09 -7.808810e-04 -1.894716e-01 -7.068450e-03
2.805897e+00 -6.966403e-14  2.435490e-09 -2.927499e-04 -1.438049e-01  1.584529e-09 -7.780923e-04 -1.893211e-01 -7.051965e-03
2.806509e+00  1.685581e-14  1.296251e-09 -2.920082e-04 -1.436998e-01  8.419679e-10 -7.763723e-04 -1.892280e-01 -7.041788e-03
2.806861e+00  6.868503e-14  6.082228e-10 -2.915826e-04 -1.436394e-01  3.934143e-10 -7.753851e-04 -1.891746e-01 -7.035943e-03
2.807044e+00  9.636089e-14  2.392305e-10 -2.913607e-04 -1.436079e-01  1.528263e-10 -7.748701e-04 -1.891466e-01 -7.032893e-03
2.807128e+00  1.091482e-13  6.837901e-11 -2.912593e-04 -1.435935e-01  4.142272e-11 -7.746349e-04 -1.891339e-01 -7.031500e-03
2.807159e+00  1.139683e-13  3.919937e-12 -2.912213e-04 -1.435881e-01 -6.087355e-13 -7.745467e-04 -1.891291e-01 -7.030977e-03
2.807168e+00  1.152816e-13 -1.364918e-11 -2.912109e-04 -1.435866e-01 -1.206502e-11 -7.745227e-04 -1.891278e-01 -7.030835e-03
2.807169e+00  1.154756e-13 -1.624361e-11 -2.912094e-04 -1.435864e-01 -1.375677e-11 -7.745192e-04 -1.891276e-01 -7.030814e-03
2.807169e+00  1.154816e-13 -1.632749e-11 -2.912092e-04 -1.435864e-01 -1.381147e-11 -7.745187e-04 -1.891276e-01 -7.030811e-03
2.807174e+00  1.154740e-13 -1.632678e-11 -2.912039e-04 -1.435856e-01 -1.381088e-11 -7.745063e-04 -1.891269e-01 -7.030738e-03
2.807204e+00  1.154223e-13 -1.632193e-11 -2.911678e-04 -1.435805e-01 -1.380693e-11 -7.744227e-04 -1.891224e-01 -7.030242e-03
2.807313e+00  1.152325e-13 -1.630411e-11 -2.910353e-04 -1.435616e-01 -1.379239e-11 -7.741152e-04 -1.891057e-01 -7.028420e-03
2.807606e+00  1.147277e-13 -1.625671e-11 -2.906825e-04 -1.435114e-01 -1.375371e-11 -7.732963e-04 -1.890612e-01 -7.023564e-03
2.808246e+00  1.136283e-13 -1.615338e-11 -2.899117e-04 -1.434015e-01 -1.366938e-11 -7.715069e-04 -1.889639e-01 -7.012950e-03
2.809473e+00  1.115436e-13 -1.595703e-11 -2.884412e-04 -1.431913e-01 -1.350912e-11 -7.680915e-04 -1.887776e-01 -6.992668e-03
2.811606e+00  1.079821e-13 -1.562040e-11 -2.859013e-04 -1.428264e-01 -1.323426e-11 -7.621875e-04 -1.884541e-01 -6.957534e-03
2.815055e+00  1.023946e-13 -1.508903e-11 -2.818424e-04 -1.422384e-01 -1.280016e-11 -7.527390e-04 -1.879321e-01 -6.901116e-03
2.820318e+00  9.425957e-14 -1.430782e-11 -2.757582e-04 -1.413453e-01 -1.216139e-11 -7.385441e-04 -1.871378e-01 -6.815907e-03
2.827987e+00  8.322036e-14 -1.323166e-11 -2.671283e-04 -1.400537e-01 -1.128026e-11 -7.183436e-04 -1.859862e-01 -6.693686e-03
2.838736e+00  6.926464e-14 -1.183992e-11 -2.554837e-04 -1.382619e-01 -1.013849e-11 -6.909577e-04 -1.843826e-01 -6.526121e-03
2.853321e+00  5.291080e-14 -1.015259e-11 -2.404913e-04 -1.358655e-01 -8.750157e-12 -6.554681e-04 -1.822269e-01 -6.305586e-03
2.872564e+00  3.533198e-14 -8.243277e-12 -2.220480e-04 -1.327641e-01 -7.172499e-12 -6.114278e-04 -1.794178e-01 -6.026202e-03
2.897343e+00  1.832202e-14 -6.242419e-12 -2.003686e-04 -1.288696e-01 -5.508893e-12 -5.590663e-04 -1.758588e-01 -5.684956e-03
2.928573e+00  4.016651e-15 -4.323689e-12 -1.760383e-04 -1.241164e-01 -3.898675e-12 -4.994395e-04 -1.714659e-01 -5.282783e-03
2.967189e+00 -5.647252e-15 -2.670468e-12 -1.500082e-04 -1.184710e-01 -2.491055e-12 -4.344687e-04 -1.661746e-01 -4.825346e-03
3.014123e+00 -9.616633e-15 -1.427550e-12 -1.235110e-04 -1.119414e-01 -1.406962e-12 -3.668241e-04 -1.599489e-01 -4.323310e-03
3.070287e+00 -8.281082e-15 -6.537068e-13 -9.790287e-05 -1.045838e-01 -7.008922e-13 -2.996392e-04 -1.527877e-01 -3.791910e-03
3.136542e+00 -3.564354e-15 -2.975001e-13 -7.445711e-05 -9.650565e-02 -3.402988e-13 -2.360939e-04 -1.447313e-01 -3.249736e-03
3.213683e+00  1.670613e-15 -2.146494e-13 -5.416227e-05 -8.786407e-02 -2.172182e-13 -1.789534e-04 -1.358644e-01 -2.716875e-03
3.302415e+00  4.784263e-15 -2.272780e-13 -3.758129e-05 -7.885780e-02 -1.930629e-13 -1.301773e-04 -1.263149e-01 -2.212662e-03
3.403327e+00  4.564433e-15 -2.002595e-13 -2.481182e-05 -6.971419e-02 -1.579965e-13 -9.070023e-05 -1.162500e-01 -1.753503e-03
3.516879e+00  1.760204e-15 -9.368184e-14 -1.555180e-05 -6.067173e-02 -7.330377e-14 -6.043454e-05 -1.058667e-01 -1.351178e-03
3.643378e+00 -1.486729e-15  4.102404e-14 -9.236440e-06 -5.196062e-02  2.893300e-14 -3.846950e-05 -9.537966e-02 -1.011951e-03
3.782971e+00 -3.060604e-15  1.196975e-13 -5.193543e-06 -4.378416e-02  8.875061e-14 -2.338634e-05 -8.500697e-02 -7.366184e-04
3.935625e+00 -2.238653e-15  9.854401e-14 -2.770689e-06 -3.630369e-02  7.381123e-14 -1.358737e-05 -7.495502e-02 -5.213493e-04
4.101127e+00 -4.434340e-17  8.928341e-15 -1.413326e-06 -2.962921e-02  7.105944e-15 -7.560073e-06 -6.540553e-02 -3.590540e-04
4.279073e+00  1.674498e-15 -7.062555e-14 -6.977872e-07 -2.381647e-02 -5.270521e-14 -4.040333e-06 -5.650536e-02 -2.409069e-04
4.468875e+00  1.717240e-15 -7.965714e-14 -3.337743e-07 -1.887042e-02 -5.987186e-14 -2.077363e-06 -4.836057e-02 -1.577165e-04
4.669759e+00  3.752994e-16 -2.231853e-14 -1.476438e-07 -1.475339e-02 -1.696207e-14 -1.023665e-06 -4.103469e-02 -1.009437e-04
4.880776e+00 -9.971035e-16  4.327475e-14 -5.229226e-08 -1.139624e-02  3.254836e-14 -4.783496e-07 -3.455100e-02 -6.330483e-05
5.100813e+00 -1.240218e-15  6.029981e-14 -1.032476e-08 -8.710189e-03  4.567197e-14 -2.114136e-07 -2.889778e-02 -3.899992e-05
5.328610e+00 -3.389381e-16  2.176896e-14 -1.941031e-09 -6.597814e-03  1.676901e-14 -9.354584e-08 -2.403545e-02 -2.366981e-05
5.562778e+00  7.261376e-16 -2.978094e-14 -8.440816e-09 -4.961926e-03 -2.225493e-14 -4.824405e-08 -1.990442e-02 -1.419617e-05
5.801821e+00  9.806009e-16 -4.640346e-14 -1.279052e-08 -3.711913e-03 -3.505715e-14 -2.946058e-08 -1.643266e-02 -8.441373e-06
6.044160e+00  3.219194e-16 -1.830535e-14 -7.429524e-09 -2.767552e-03 -1.393838e-14 -1.487158e-08 -1.354242e-02 -4.993188e-06
6.288163e+00 -5.139480e-16  2.252982e-14  3.144640e-09 -2.060708e-03  1.708347e-14 -9.540496e-10 -1.115554e-02 -2.947984e-06
6.532165e+00 -7.400483e-16  3.703401e-14  9.263482e-09 -1.535449e-03  2.833138e-14  6.841930e-09 -9.197379e-03 -1.743115e-06
6.774505e+00 -2.416416e-16  1.545439e-14  6.109739e-09 -1.147142e-03  1.213199e-14  5.213049e-09 -7.599388e-03 -1.035915e-06
7.013547e+00  4.160516e-16 -1.790573e-14 -2.291115e-09 -8.610004e-04 -1.330788e-14 -1.968979e-09 -6.300503e-03 -6.210811e-07
7.247715e+00  5.992973e-16 -3.134671e-14 -7.771354e-09 -6.504277e-04 -2.390121e-14 -7.075865e-09 -5.247671e-03 -3.769945e-07
7.475513e+00  1.893063e-16 -1.511156e-14 -5.821242e-09 -4.954065e-04 -1.197236e-14 -5.600963e-09 -4.395714e-03 -2.322728e-07
7.695550e+00 -3.829191e-16  1.314660e-14  9.992213e-10 -3.810544e-04  9.354352e-15  5.099870e-10 -3.706789e-03 -1.454610e-07
7.906566e+00 -5.936237e-16  2.763694e-14  6.322204e-09 -2.964122e-04  2.055603e-14  5.566029e-09 -3.149619e-03 -9.273632e-08
8.107450e+00 -2.935359e-16  1.753446e-14  5.915838e-09 -2.334683e-04  1.322196e-14  5.528893e-09 -2.698630e-03 -6.041376e-08
8.297252e+00  2.178013e-16 -6.314422e-15  7.938303e-10 -1.863959e-04 -4.684196e-15  1.057004e-09 -2.333087e-03 -4.045690e-08
8.475199e+00  5.025741e-16 -2.349515e-14 -4.491761e-09 -1.509697e-04 -1.780288e-14 -3.826003e-09 -2.036289e-03 -2.796730e-08
8.640700e+00  3.543326e-16 -2.145263e-14 -5.978558e-09 -1.241273e-04 -1.652596e-14 -5.428525e-09 -1.794846e-03 -1.991014e-08
8.793354e+00 -7.753850e-17 -3.568898e-15 -3.099836e-09 -1.036463e-04 -3.212493e-15 -3.047119e-09 -1.598059e-03 -1.447691e-08
8.932947e+00 -4.528765e-16  1.607383e-14  1.604433e-09 -8.790891e-05  1.162611e-14  1.150894e-09 -1.437392e-03 -1.068190e-08
9.059447e+00 -5.107433e-16  2.430325e-14  4.865822e-09 -7.573394e-05  1.802614e-14  4.214352e-09 -1.306038e-03 -8.025392e-09
9.172998e+00 -2.301607e-16  1.720397e-14  4.943371e-09 -6.625578e-05  1.290583e-14  4.479800e-09 -1.198565e-03 -6.224217e-09
9.273910e+00  1.993425e-16  5.588966e-16  2.303866e-09 -5.883731e-05  4.859539e-16  2.261551e-09 -1.110632e-03 -5.052720e-09
9.362642e+00  5.288113e-16 -1.564719e-14 -1.217657e-09 -5.300674e-05 -1.178096e-14 -8.480472e-10 -1.038752e-03 -4.296309e-09
9.439784e+00  5.974725e-16 -2.358506e-14 -3.778725e-09 -4.841185e-05 -1.797971e-14 -3.191554e-09 -9.801189e-04 -3.771073e-09
9.506039e+00  3.937021e-16 -2.091892e-14 -4.455145e-09 -4.478700e-05 -1.627199e-14 -3.899959e-09 -9.324561e-04 -3.352960e-09
9.562202e+00  2.385782e-17 -1.035190e-14 -3.386316e-09 -4.192964e-05 -8.598597e-15 -3.052362e-09 -8.939052e-04 -2.984177e-09
9.609136e+00 -3.644800e-16  3.040925e-15 -1.361083e-09 -3.968356e-05  1.291347e-15 -1.323715e-09 -8.629356e-04 -2.655287e-09
9.647752e+00 -6.522192e-16  1.458624e-14  7.317981e-10 -3.792696e-05  9.911345e-15  5.025980e-10 -8.382757e-04 -2.378113e-09
9.678982e+00 -7.828372e-16  2.159646e-14  2.278465e-09 -3.656374e-05  1.523208e-14  1.874707e-09 -8.188577e-04 -2.164201e-09
9.703762e+00 -7.603948e-16  2.357492e-14  3.051167e-09 -3.551713e-05  1.684926e-14  2.578998e-09 -8.037770e-04 -2.014971e-09
9.723005e+00 -6.269671e-16  2.154711e-14  3.127509e-09 -3.472495e-05  1.549593e-14  2.673747e-09 -7.922608e-04 -1.921695e-09
9.737589e+00 -4.366166e-16  1.715830e-14  2.738047e-09 -3.413621e-05  1.237523e-14  2.356077e-09 -7.836445e-04 -1.870220e-09
9.748339e+00 -2.365294e-16  1.196775e-14  2.132956e-09 -3.370858e-05  8.635598e-15  1.843773e-09 -7.773552e-04 -1.845983e-09
9.756007e+00 -5.826429e-17  7.085958e-15  1.505352e-09 -3.340671e-05  5.099025e-15  1.306462e-09 -7.728999e-04 -1.837167e-09
9.761270e+00  8.290496e-17  3.105147e-15  9.684098e-10 -3.320103e-05  2.206946e-15  8.443957e-10 -7.698569e-04 -1.835721e-09
9.764719e+00  1.842419e-16  1.989626e-16  5.659500e-10 -3.306693e-05  9.221022e-17  4.971006e-10 -7.678697e-04 -1.836978e-09
9.766852e+00  2.505794e-16 -1.722278e-15  2.958788e-10 -3.298424e-05 -1.307099e-15  2.636862e-10 -7.666431e-04 -1.838676e-09
9.768079e+00  2.900182e-16 -2.870892e-15  1.330559e-10 -3.293679e-05 -2.144110e-15  1.228415e-10 -7.659387e-04 -1.839981e-09
9.768719e+00  3.109921e-16 -3.483576e-15  4.581409e-11 -3.291204e-05 -2.590705e-15  4.734104e-11 -7.655712e-04 -1.840760e-09
9.769012e+00  3.206635e-16 -3.766512e-15  5.437518e-12 -3.290074e-05 -2.796970e-15  1.239063e-11 -7.654034e-04 -1.841139e-09
9.769122e+00  3.243059e-16 -3.873138e-15 -9.792858e-12 -3.289650e-05 -2.874707e-15 -7.942193e-13 -7.653404e-04 -1.841284e-09
9.769151e+00  3.252981e-16 -3.902189e-15 -1.394381e-11 -3.289535e-05 -2.895887e-15 -4.387794e-12 -7.653233e-04 -1.841324e-09
9.769156e+00  3.254446e-16 -3.906478e-15 -1.455677e-11 -3.289518e-05 -2.899014e-15 -4.918450e-12 -7.653208e-04 -1.841330e-09
9.769157e+00  3.254486e-16 -3.906607e-15 -1.457657e-11 -3.289515e-05 -2.899110e-15 -4.935604e-12 -7.653203e-04 -1.841328e-09
9.769176e+00  3.254259e-16 -3.906310e-15 -1.457574e-11 -3.289441e-05 -2.898938e-15 -4.935344e-12 -7.653094e-04 -1.841258e-09
9.769305e+00  3.252721e-16 -3.904294e-15 -1.457016e-11 -3.288943e-05 -2.897777e-15 -4.933581e-12 -7.652350e-04 -1.840784e-09
9.769782e+00  3.247072e-16 -3.896890e-15 -1.454967e-11 -3.287112e-05 -2.893509e-15 -4.927106e-12 -7.649617e-04 -1.839044e-09
9.771053e+00  3.232041e-16 -3.877202e-15 -1.449515e-11 -3.282237e-05 -2.882151e-15 -4.909878e-12 -7.642338e-04 -1.834412e-09
9.773833e+00  3.199297e-16 -3.834351e-15 -1.437637e-11 -3.271591e-05 -2.857388e-15 -4.872342e-12 -7.626431e-04 -1.824312e-09
9.779159e+00  3.137158e-16 -3.753187e-15 -1.415099e-11 -3.251298e-05 -2.810325e-15 -4.801090e-12 -7.596059e-04 -1.805108e-09
9.788423e+00  3.030862e-16 -3.614831e-15 -1.376550e-11 -3.216301e-05 -2.729598e-15 -4.679148e-12 -7.543527e-04 -1.772143e-09
9.803397e+00  2.863724e-16 -3.398545e-15 -1.315946e-11 -3.160512e-05 -2.602070e-15 -4.487246e-12 -7.459383e-04 -1.719999e-09
9.826253e+00  2.619533e-16 -3.085440e-15 -1.227418e-11 -3.077211e-05 -2.414332e-15 -4.206463e-12 -7.332794e-04 -1.643084e-09
9.859551e+00  2.286444e-16 -2.664248e-15 -1.106662e-11 -2.959741e-05 -2.155163e-15 -3.822495e-12 -7.152269e-04 -1.536592e-09
9.906227e+00  1.862214e-16 -2.138639e-15 -9.527824e-12 -2.802545e-05 -1.818880e-15 -3.331330e-12 -6.906798e-04 -1.397831e-09
9.969557e+00  1.359936e-16 -1.534342e-15 -7.702367e-12 -2.602461e-05 -1.409071e-15 -2.745324e-12 -6.587373e-04 -1.227730e-09
1.005312e+01  8.124751e-17 -9.028621e-16 -5.702169e-12 -2.360085e-05 -9.417050e-16 -2.097644e-12 -6.188776e-04 -1.032132e-09
1.016071e+01  2.729332e-17 -3.177576e-16 -3.705119e-12 -2.080870e-05 -4.462238e-16 -1.442238e-12 -5.711386e-04 -8.222746e-10
1.029632e+01 -1.916409e-17  1.395705e-16 -1.929897e-12 -1.775527e-05  3.668744e-17 -8.466390e-13 -5.162610e-04 -6.138588e-10
1.046400e+01 -5.147357e-17  4.037125e-16 -5.847787e-13 -1.459325e-05  4.610521e-16 -3.768232e-13 -4.557480e-04 -4.243619e-10
1.066781e+01 -6.512172e-17  4.515725e-16  1.989575e-13 -1.150156e-05  7.841209e-16 -7.709788e-14 -3.918024e-04 -2.689593e-10
1.091168e+01 -5.981844e-17  3.183797e-16  4.238783e-13 -8.656052e-06  9.748690e-16  4.761702e-14 -3.271240e-04 -1.562667e-10
1.119938e+01 -4.058811e-17  9.068223e-17  2.413627e-13 -6.197736e-06  1.019766e-15  3.751495e-14 -2.645864e-04 -8.572401e-11
1.153435e+01 -1.690848e-17 -1.267542e-16 -9.661472e-14 -4.208403e-06  9.249177e-16 -3.501452e-14 -2.068527e-04 -4.819805e-11
1.191965e+01  3.959029e-19 -2.564727e-16 -3.396537e-13 -2.702042e-06  7.162267e-16 -9.476989e-14 -1.560174e-04 -3.004289e-11
1.235784e+01  3.617201e-18 -2.795584e-16 -3.490372e-13 -1.634528e-06  4.397447e-16 -9.651719e-14 -1.133590e-04 -1.892481e-11
1.285091e+01 -8.034918e-18 -2.300273e-16 -1.527342e-13 -9.262684e-07  1.608742e-16 -4.268641e-14 -7.926052e-05 -8.389995e-12
1.340020e+01 -2.756694e-17 -1.547407e-16  9.403828e-14 -4.874646e-07 -4.412233e-17  2.611952e-14 -5.330121e-05  1.384830e-12
1.400635e+01 -4.337605e-17 -7.108496e-17  2.234133e-13 -2.363698e-07 -1.109570e-16  6.312392e-14 -3.447431e-05  6.875631e-12
1.466922e+01 -4.531604e-17  3.823818e-17  1.700004e-13 -1.069301e-07 -2.067524e-17  4.884698e-14 -2.145835e-05  5.980357e-12
1.538787e+01 -3.044410e-17  1.843452e-16  6.026168e-15 -4.885282e-08  1.766743e-16  2.562724e-15 -1.287001e-05  6.894634e-13
1.616056e+01 -4.915843e-18  3.240044e-16 -1.269821e-13 -2.579174e-08  3.744520e-16 -3.592893e-14 -7.450925e-06 -4.195182e-12
1.698474e+01  1.945369e-17  3.620159e-16 -1.333231e-13 -1.478266e-08  4.656118e-16 -3.882371e-14 -4.171938e-06 -4.883380e-12
1.785703e+01  3.206959e-17  2.227641e-16 -3.161107e-14 -5.728872e-09  4.129375e-16 -1.049291e-14 -2.263065e-06 -1.485922e-12
1.877332e+01  2.955703e-17 -6.226837e-17  7.563898e-14  1.816470e-09  2.787226e-16  2.028761e-14 -1.191171e-06  2.532041e-12
1.972878e+01  1.699302e-17 -3.394211e-16  9.804184e-14  4.800483e-09  1.789282e-16  2.738002e-14 -6.104443e-07  3.676683e-12
2.071794e+01  3.708829e-18 -4.290906e-16  3.162774e-14  2.463584e-09  1.873128e-16  8.924054e-15 -3.073666e-07  1.425228e-12
2.173476e+01 -3.214099e-18 -2.696633e-16 -5.035033e-14 -1.967533e-09  2.674110e-16 -1.453543e-14 -1.544446e-07 -1.709580e-12
2.277275e+01 -3.117549e-18  1.483137e-17 -7.267457e-14 -4.092365e-09  2.992116e-16 -2.121028e-14 -7.807947e-08 -2.805280e-12
2.382505e+01 -8.905937e-19  1.964454e-16 -2.492247e-14 -2.247889e-09  1.891679e-16 -7.529051e-15 -3.857486e-08 -1.188034e-12
2.488458e+01 -2.175755e-18  1.194111e-16  3.884999e-14  1.389888e-09 -2.888581e-17  1.125596e-14 -1.717020e-08  1.279374e-12
2.594410e+01 -8.574727e-18 -1.740623e-16  5.824198e-14  3.294032e-09 -1.989924e-16  1.739164e-14 -6.312870e-09  2.235555e-12
2.699641e+01 -1.643263e-17 -4.760967e-16  2.188653e-14  1.967217e-09 -1.645807e-16  6.887074e-15 -2.476962e-09  1.020425e-12
2.803440e+01 -1.980088e-17 -5.768077e-16 -2.956369e-14 -9.839499e-10  8.966605e-17 -8.868063e-15 -2.433357e-09 -9.774022e-13
2.905122e+01 -1.504493e-17 -4.219301e-16 -4.762973e-14 -2.721975e-09  3.988128e-16 -1.537553e-14 -2.955653e-09 -1.861416e-12
3.004038e+01 -3.629959e-18 -1.385287e-16 -2.038724e-14 -1.865113e-09  5.238565e-16 -8.135096e-15 -2.164226e-09 -9.826750e-13
3.099584e+01  8.703628e-18  7.990449e-17  2.242474e-14  5.272655e-10  3.251164e-16  5.025861e-15 -2.511880e-10  6.784280e-13
3.191213e+01  1.546399e-17  1.239545e-16  4.145122e-14  2.238137e-09 -1.305841e-16  1.252452e-14  1.342184e-09  1.602417e-12
3.278442e+01  1.307141e-17  3.443022e-17  2.275911e-14  1.932580e-09 -6.083090e-16  9.212014e-15  1.495574e-09  1.094725e-12
3.360859e+01  2.442526e-18 -5.292465e-17 -1.435948e-14  9.897202e-11 -8.554701e-16 -6.115353e-16  3.462577e-10 -2.735772e-13
3.438128e+01 -1.203937e-17 -2.293791e-17 -3.812037e-14 -1.653211e-09 -7.534013e-16 -8.336622e-15 -1.007714e-09 -1.327843e-12
3.509994e+01 -2.507409e-17  1.378469e-16 -3.116551e-14 -2.026373e-09 -3.715758e-16 -8.495479e-15 -1.511870e-09 -1.298497e-12
3.576280e+01 -3.285162e-17  3.450009e-16 -1.366056e-15 -9.289881e-10  9.472405e-17 -2.242103e-15 -9.158357e-10 -3.214574e-13
3.636895e+01 -3.418539e-17  4.848643e-16  2.810385e-14  7.025558e-10  4.450510e-16  4.805527e-15  2.225585e-10  8.254993e-13
3.691825e+01 -3.022466e-17  4.886223e-16  3.743658e-14  1.751336e-09  5.715942e-16  7.397734e-15  1.095410e-09  1.374604e-12
3.741132e+01 -2.333307e-17  3.639920e-16  2.250383e-14  1.672514e-09  4.863590e-16  4.094021e-15  1.222845e-09  1.059249e-12
3.784951e+01 -1.589735e-17  1.764353e-16 -5.694426e-15  6.840847e-10  2.828952e-16 -2.610798e-15  6.624328e-10  1.655604e-13
3.823481e+01 -9.571437e-18  4.558872e-18 -3.054990e-14 -5.522052e-10  7.168872e-17 -8.611333e-15 -1.671655e-10 -7.600294e-13
3.856978e+01 -5.073058e-18 -9.855279e-17 -4.001436e-14 -1.404449e-09 -7.077710e-17 -1.082263e-14 -8.141929e-10 -1.266887e-12
3.885747e+01 -2.374501e-18 -1.202368e-16 -3.145855e-14 -1.576867e-09 -1.203259e-16 -8.508011e-15 -1.031988e-09 -1.197793e-12
3.910135e+01 -1.045001e-18 -8.036311e-17 -1.037080e-14 -1.143490e-09 -9.480027e-17 -3.014078e-15 -8.300269e-10 -6.767140e-13
3.930515e+01 -5.572086e-19 -1.265476e-17  1.430412e-14 -3.945988e-10 -3.101285e-17  3.395969e-15 -3.831402e-10  3.102024e-14
3.947283e+01 -4.735583e-19  5.241889e-17  3.473591e-14  3.558020e-10  3.609741e-17  8.717641e-15  9.952496e-11  6.705717e-13
3.960844e+01 -5.125857e-19  9.669488e-17  4.667418e-14  8.970423e-10  8.465660e-17  1.185245e-14  4.678405e-10  1.087912e-12
3.971604e+01 -5.362573e-19  1.151696e-16  4.961531e-14  1.156142e-09  1.074021e-16  1.266316e-14  6.614776e-10  1.245534e-12
3.979960e+01 -5.040118e-19  1.119817e-16  4.557002e-14  1.166496e-09  1.075018e-16  1.166289e-14  6.934293e-10  1.189445e-12
3.986293e+01 -4.253556e-19  9.522549e-17  3.750532e-14  1.013236e-09  9.289638e-17  9.615084e-15  6.148033e-10  1.001846e-12
3.990960e+01 -3.257680e-19  7.294013e-17  2.815939e-14  7.864649e-10  7.184785e-17  7.226938e-15  4.830806e-10  7.631978e-13
3.994290e+01 -2.282526e-19  5.102173e-17  1.945136e-14  5.548429e-10  5.056203e-17  4.995610e-15  3.434198e-10  5.321180e-13
3.996576e+01 -1.467659e-19  3.275067e-17  1.238709e-14  3.581090e-10  3.257894e-17  3.182783e-15  2.227193e-10  3.408902e-13
3.998073e+01 -8.638298e-20  1.925094e-17  7.245441e-15  2.112243e-10  1.919499e-17  1.862208e-15  1.317592e-10  2.001379e-13
3.999000e+01 -4.610581e-20  1.026595e-17  3.852438e-15  1.128741e-10  1.025046e-17  9.903190e-16  7.053513e-11  1.066532e-13
3.999532e+01 -2.190126e-20  4.874006e-18  1.826012e-15  5.365283e-11  4.870491e-18  4.694465e-16  3.356141e-11  5.061653e-14
3.999810e+01 -8.954010e-21  1.992113e-18  7.456934e-16  2.194247e-11  1.991486e-18  1.917190e-16  1.373278e-11  2.068397e-14
3.999937e+01 -2.966713e-21  6.599581e-19  2.469415e-16  7.271241e-12  6.598725e-19  6.349058e-17  4.551807e-12  6.851684e-15
3.999985e+01 -7.090320e-22  1.577196e-19  5.900657e-17  1.737893e-12  1.577101e-19  1.517118e-17  1.088020e-12  1.637390e-15
3.999998e+01 -9.378696e-23  2.086203e-20  7.804663e-18  2.298827e-13  2.086116e-20  2.006662e-18  1.439230e-13  2.165803e-16
4.000000e+01 -2.938171e-24  6.535676e-22  2.445037e-19  7.201814e-15  6.535420e-22  6.286452e-20  4.508868e-15  6.785037e-18
