376 7
 0 0 0 0 1 1 2
 2 2 2 2 6 6 2
 -1.771945e+02 -1.939841e+01 -2.210700e+00 -1.351671e-01 -1.622420e+01 -1.376303e+00 -1.274214e-01
0.000000e+00 -2.015103e+02 -5.911410e+01 -2.196390e+01  5.934457e+00  7.494093e-07 -2.658549e-07 -7.093684e-09
3.278564e-09 -2.015103e+02 -5.911409e+01 -2.196390e+01  5.934456e+00 -3.228539e-07  1.176871e-07 -7.093663e-09
1.046582e-07 -2.015098e+02 -5.911396e+01 -2.196385e+01  5.934443e+00 -3.347931e-05  1.197755e-05 -7.093573e-09
7.915214e-07 -2.015068e+02 -5.911307e+01 -2.196352e+01  5.934353e+00 -2.581176e-04  9.232927e-05 -7.126025e-09
3.316517e-06 -2.014956e+02 -5.910978e+01 -2.196230e+01  5.934024e+00 -1.083887e-03  3.877019e-04 -7.740155e-09
1.004733e-05 -2.014658e+02 -5.910103e+01 -2.195905e+01  5.933145e+00 -3.284895e-03  1.174989e-03 -1.317813e-08
2.477810e-05 -2.014005e+02 -5.908188e+01 -2.195193e+01  5.931222e+00 -8.100787e-03  2.897604e-03 -4.436435e-08
5.299135e-05 -2.012755e+02 -5.904521e+01 -2.193831e+01  5.927541e+00 -1.732012e-02  6.195302e-03 -1.779742e-07
1.020609e-04 -2.010583e+02 -5.898148e+01 -2.191463e+01  5.921143e+00 -3.334109e-02  1.192591e-02 -6.414393e-07
1.813877e-04 -2.007078e+02 -5.887857e+01 -2.187639e+01  5.910811e+00 -5.920435e-02  2.117703e-02 -2.010630e-06
3.024627e-04 -2.001739e+02 -5.872178e+01 -2.181813e+01  5.895068e+00 -9.859197e-02  3.526573e-02 -5.574544e-06
4.788527e-04 -1.993987e+02 -5.849394e+01 -2.173345e+01  5.872190e+00 -1.557868e-01  5.572393e-02 -1.394570e-05
7.261078e-04 -1.983171e+02 -5.817574e+01 -2.161519e+01  5.840236e+00 -2.355862e-01  8.426762e-02 -3.200108e-05
1.061591e-03 -1.968591e+02 -5.774620e+01 -2.145552e+01  5.797091e+00 -3.431666e-01  1.227482e-01 -6.823091e-05
1.504231e-03 -1.949520e+02 -5.718330e+01 -2.124623e+01  5.740540e+00 -4.838946e-01  1.730850e-01 -1.365466e-04
2.074209e-03 -1.925237e+02 -5.646485e+01 -2.097905e+01  5.668340e+00 -6.630879e-01  2.371794e-01 -2.585507e-04
2.792580e-03 -1.895067e+02 -5.556951e+01 -2.064597e+01  5.578331e+00 -8.857295e-01  3.168126e-01 -4.662023e-04
3.680838e-03 -1.858424e+02 -5.447792e+01 -2.023971e+01  5.468542e+00 -1.156148e+00  4.135302e-01 -8.047207e-04
4.760448e-03 -1.814851e+02 -5.317389e+01 -1.975415e+01  5.337314e+00 -1.477679e+00  5.285206e-01 -1.335476e-03
6.052333e-03 -1.764069e+02 -5.164565e+01 -1.918478e+01  5.183423e+00 -1.852334e+00  6.624952e-01 -2.138517e-03
7.576358e-03 -1.706012e+02 -4.988697e+01 -1.852910e+01  5.006191e+00 -2.280500e+00  8.155793e-01 -3.314328e-03
9.350803e-03 -1.640852e+02 -4.789807e+01 -1.778699e+01  4.805579e+00 -2.760707e+00  9.872256e-01 -4.984364e-03
1.139185e-02 -1.569020e+02 -4.568627e+01 -1.696098e+01  4.582261e+00 -3.289479e+00  1.176160e+00 -7.289962e-03
1.371307e-02 -1.491201e+02 -4.326630e+01 -1.605632e+01  4.337650e+00 -3.861310e+00  1.380369e+00 -1.038933e-02
1.632504e-02 -1.408314e+02 -4.066007e+01 -1.508097e+01  4.073890e+00 -4.468768e+00  1.597134e+00 -1.445247e-02
1.923484e-02 -1.321477e+02 -3.789614e+01 -1.404538e+01  3.793800e+00 -5.102732e+00  1.823114e+00 -1.965414e-02
2.244580e-02 -1.231957e+02 -3.500859e+01 -1.296212e+01  3.500775e+00 -5.752756e+00  2.054473e+00 -2.616512e-02
2.595722e-02 -1.141104e+02 -3.203567e+01 -1.184539e+01  3.198649e+00 -6.407531e+00  2.287049e+00 -3.414253e-02
2.976415e-02 -1.050285e+02 -2.901808e+01 -1.071040e+01  2.891534e+00 -7.055418e+00  2.516540e+00 -4.371972e-02
3.385735e-02 -9.608171e+01 -2.599722e+01 -9.572703e+00  2.583643e+00 -7.684993e+00  2.738712e+00 -5.499674e-02
3.822326e-02 -8.739098e+01 -2.301336e+01 -8.447565e+00  2.279107e+00 -8.285583e+00  2.949588e+00 -6.803224e-02
4.284407e-02 -7.906123e+01 -2.010406e+01 -7.349313e+00  1.981810e+00 -8.847732e+00  3.145630e+00 -8.283747e-02
4.769797e-02 -7.117827e+01 -1.730274e+01 -6.290829e+00  1.695248e+00 -9.363577e+00  3.323879e+00 -9.937298e-02
5.275935e-02 -6.380687e+01 -1.463770e+01 -5.283132e+00  1.422416e+00 -9.827100e+00  3.482057e+00 -1.175483e-01
5.799924e-02 -5.699053e+01 -1.213147e+01 -4.335113e+00  1.165733e+00 -1.023427e+01  3.618626e+00 -1.372245e-01
6.338567e-02 -5.075254e+01 -9.800500e+00 -3.453397e+00  9.270062e-01 -1.058303e+01  3.732795e+00 -1.582195e-01
6.888423e-02 -4.509805e+01 -7.655275e+00 -2.642344e+00  7.074293e-01 -1.087321e+01  3.824492e+00 -1.803159e-01
7.445863e-02 -4.001686e+01 -5.700676e+00 -1.904163e+00  5.076119e-01 -1.110633e+01  3.894297e+00 -2.032695e-01
8.007127e-02 -3.548652e+01 -3.936586e+00 -1.239111e+00  3.276331e-01 -1.128533e+01  3.943350e+00 -2.268191e-01
8.568391e-02 -3.147550e+01 -2.358632e+00 -6.457591e-01  1.671134e-01 -1.141429e+01  3.973239e+00 -2.506969e-01
9.125831e-02 -2.794615e+01 -9.590116e-01 -1.212976e-01  2.529603e-02 -1.149810e+01  3.985889e+00 -2.746372e-01
9.675688e-02 -2.485734e+01  2.726685e-01  3.381542e-01 -9.886871e-02 -1.154218e+01  3.983445e+00 -2.983851e-01
1.021433e-01 -2.216666e+01  1.348600e+00  7.372413e-01 -2.066402e-01 -1.155218e+01  3.968163e+00 -3.217029e-01
1.073832e-01 -1.983213e+01  2.282052e+00  1.081092e+00 -2.994111e-01 -1.153379e+01  3.942319e+00 -3.443761e-01
1.124446e-01 -1.781347e+01  3.086759e+00  1.375072e+00 -3.786403e-01 -1.149249e+01  3.908130e+00 -3.662168e-01
1.172985e-01 -1.607298e+01  3.776411e+00  1.624576e+00 -4.457965e-01 -1.143345e+01  3.867689e+00 -3.870659e-01
1.219193e-01 -1.457602e+01  4.364264e+00  1.834866e+00 -5.023127e-01 -1.136138e+01  3.822923e+00 -4.067942e-01
1.262852e-01 -1.329133e+01  4.862854e+00  2.010944e+00 -5.495526e-01 -1.128051e+01  3.775557e+00 -4.253023e-01
1.303784e-01 -1.219099e+01  5.283801e+00  2.157468e+00 -5.887859e-01 -1.119453e+01  3.727101e+00 -4.425191e-01
1.341853e-01 -1.125038e+01  5.637698e+00  2.278693e+00 -6.211732e-01 -1.110655e+01  3.678840e+00 -4.584006e-01
1.376967e-01 -1.044791e+01  5.934058e+00  2.378445e+00 -6.477583e-01 -1.101919e+01  3.631836e+00 -4.729270e-01
1.409077e-01 -9.764824e+00  6.181320e+00  2.460115e+00 -6.694657e-01 -1.093454e+01  3.586938e+00 -4.861004e-01
1.438175e-01 -9.184848e+00  6.386883e+00  2.526668e+00 -6.871035e-01 -1.085420e+01  3.544796e+00 -4.979425e-01
1.464295e-01 -8.693929e+00  6.557174e+00  2.580663e+00 -7.013690e-01 -1.077938e+01  3.505876e+00 -5.084916e-01
1.487507e-01 -8.279938e+00  6.697726e+00  2.624289e+00 -7.128574e-01 -1.071089e+01  3.470481e+00 -5.177998e-01
1.507917e-01 -7.932400e+00  6.813270e+00  2.659392e+00 -7.220707e-01 -1.064922e+01  3.438771e+00 -5.259313e-01
1.525662e-01 -7.642250e+00  6.907826e+00  2.687521e+00 -7.294287e-01 -1.059455e+01  3.410781e+00 -5.329592e-01
1.540902e-01 -7.401618e+00  6.984799e+00  2.709960e+00 -7.352791e-01 -1.054687e+01  3.386443e+00 -5.389640e-01
1.553821e-01 -7.203641e+00  7.047063e+00  2.727770e+00 -7.399078e-01 -1.050594e+01  3.365608e+00 -5.440311e-01
1.564617e-01 -7.042302e+00  7.097046e+00  2.741820e+00 -7.435485e-01 -1.047140e+01  3.348057e+00 -5.482492e-01
1.573500e-01 -6.912299e+00  7.136797e+00  2.752822e+00 -7.463916e-01 -1.044275e+01  3.333525e+00 -5.517084e-01
1.580683e-01 -6.808935e+00  7.168053e+00  2.761356e+00 -7.485920e-01 -1.041944e+01  3.321713e+00 -5.544985e-01
1.586383e-01 -6.728034e+00  7.192292e+00  2.767900e+00 -7.502757e-01 -1.040085e+01  3.312305e+00 -5.567074e-01
1.590810e-01 -6.665878e+00  7.210779e+00  2.772844e+00 -7.515456e-01 -1.038636e+01  3.304976e+00 -5.584199e-01
1.594164e-01 -6.619155e+00  7.224594e+00  2.776512e+00 -7.524864e-01 -1.037535e+01  3.299410e+00 -5.597160e-01
1.596637e-01 -6.584932e+00  7.234669e+00  2.779172e+00 -7.531679e-01 -1.036722e+01  3.295300e+00 -5.606704e-01
1.598401e-01 -6.560626e+00  7.241801e+00  2.781046e+00 -7.536479e-01 -1.036141e+01  3.292365e+00 -5.613507e-01
1.599612e-01 -6.543995e+00  7.246670e+00  2.782322e+00 -7.539745e-01 -1.035741e+01  3.290348e+00 -5.618174e-01
1.600405e-01 -6.533122e+00  7.249849e+00  2.783154e+00 -7.541871e-01 -1.035480e+01  3.289026e+00 -5.621231e-01
1.600896e-01 -6.526405e+00  7.251810e+00  2.783666e+00 -7.543181e-01 -1.035318e+01  3.288208e+00 -5.623122e-01
1.601178e-01 -6.522547e+00  7.252936e+00  2.783960e+00 -7.543933e-01 -1.035225e+01  3.287738e+00 -5.624209e-01
1.601325e-01 -6.520533e+00  7.253524e+00  2.784113e+00 -7.544325e-01 -1.035176e+01  3.287492e+00 -5.624776e-01
1.601392e-01 -6.519613e+00  7.253792e+00  2.784183e+00 -7.544504e-01 -1.035154e+01  3.287380e+00 -5.625035e-01
1.601418e-01 -6.519268e+00  7.253893e+00  2.784209e+00 -7.544571e-01 -1.035145e+01  3.287338e+00 -5.625133e-01
1.601424e-01 -6.519174e+00  7.253920e+00  2.784217e+00 -7.544589e-01 -1.035143e+01  3.287326e+00 -5.625159e-01
1.601425e-01 -6.519160e+00  7.253924e+00  2.784218e+00 -7.544592e-01 -1.035143e+01  3.287324e+00 -5.625163e-01
1.601426e-01 -6.519158e+00  7.253925e+00  2.784218e+00 -7.544592e-01 -1.035143e+01  3.287324e+00 -5.625164e-01
1.601430e-01 -6.519101e+00  7.253941e+00  2.784222e+00 -7.544603e-01 -1.035141e+01  3.287317e+00 -5.625180e-01
1.601458e-01 -6.518720e+00  7.254053e+00  2.784251e+00 -7.544677e-01 -1.035132e+01  3.287271e+00 -5.625287e-01
1.601560e-01 -6.517316e+00  7.254462e+00  2.784358e+00 -7.544950e-01 -1.035098e+01  3.287099e+00 -5.625683e-01
1.601834e-01 -6.513577e+00  7.255552e+00  2.784642e+00 -7.545677e-01 -1.035008e+01  3.286643e+00 -5.626737e-01
1.602433e-01 -6.505401e+00  7.257934e+00  2.785262e+00 -7.547262e-01 -1.034810e+01  3.285643e+00 -5.629044e-01
1.603581e-01 -6.489770e+00  7.262482e+00  2.786444e+00 -7.550282e-01 -1.034430e+01  3.283727e+00 -5.633462e-01
1.605577e-01 -6.462675e+00  7.270345e+00  2.788481e+00 -7.555484e-01 -1.033769e+01  3.280393e+00 -5.641142e-01
1.608803e-01 -6.419114e+00  7.282935e+00  2.791725e+00 -7.563757e-01 -1.032699e+01  3.274994e+00 -5.653545e-01
1.613728e-01 -6.353199e+00  7.301860e+00  2.796557e+00 -7.576061e-01 -1.031062e+01  3.266737e+00 -5.672449e-01
1.620903e-01 -6.258391e+00  7.328810e+00  2.803343e+00 -7.593295e-01 -1.028666e+01  3.254667e+00 -5.699931e-01
1.630960e-01 -6.127894e+00  7.365362e+00  2.812357e+00 -7.616091e-01 -1.025290e+01  3.237674e+00 -5.738337e-01
1.644606e-01 -5.955214e+00  7.412716e+00  2.823672e+00 -7.644524e-01 -1.020675e+01  3.214481e+00 -5.790227e-01
1.662611e-01 -5.734871e+00  7.471344e+00  2.837030e+00 -7.677752e-01 -1.014531e+01  3.183653e+00 -5.858299e-01
1.685795e-01 -5.463217e+00  7.540602e+00  2.851683e+00 -7.713586e-01 -1.006532e+01  3.143600e+00 -5.945289e-01
1.715015e-01 -5.139258e+00  7.618317e+00  2.866237e+00 -7.748068e-01 -9.963211e+00  3.092596e+00 -6.053847e-01
1.751145e-01 -4.765354e+00  7.700444e+00  2.878516e+00 -7.775102e-01 -9.835195e+00  3.028813e+00 -6.186386e-01
1.795059e-01 -4.347646e+00  7.780850e+00  2.885486e+00 -7.786255e-01 -9.677360e+00  2.950380e+00 -6.344916e-01
1.847607e-01 -3.896040e+00  7.851339e+00  2.883271e+00 -7.770801e-01 -9.485876e+00  2.855466e+00 -6.530859e-01
1.909597e-01 -3.423688e+00  7.901961e+00  2.867297e+00 -7.716124e-01 -9.257261e+00  2.742409e+00 -6.744862e-01
1.981774e-01 -2.945931e+00  7.921657e+00  2.832570e+00 -7.608492e-01 -8.988724e+00  2.609857e+00 -6.986617e-01
2.064794e-01 -2.478843e+00  7.899201e+00  2.774095e+00 -7.434206e-01 -8.678538e+00  2.456951e+00 -7.254713e-01
2.159211e-01 -2.037586e+00  7.824351e+00  2.687379e+00 -7.181003e-01 -8.326417e+00  2.283493e+00 -7.546532e-01
2.265454e-01 -1.634870e+00  7.689040e+00  2.568972e+00 -6.839555e-01 -7.933825e+00  2.090102e+00 -7.858217e-01
2.383811e-01 -1.279800e+00  7.488430e+00  2.416962e+00 -6.404834e-01 -7.504161e+00  1.878317e+00 -8.184730e-01
2.514418e-01 -9.772929e-01  7.221638e+00  2.231329e+00 -5.877123e-01 -7.042756e+00  1.650624e+00 -8.519997e-01
2.657247e-01 -7.281351e-01  6.892005e+00  2.014115e+00 -5.262485e-01 -6.556683e+00  1.410397e+00 -8.857159e-01
2.812096e-01 -5.295879e-01  6.506858e+00  1.769357e+00 -4.572597e-01 -6.054358e+00  1.161745e+00 -9.188891e-01
2.978589e-01 -3.763506e-01  6.076807e+00  1.502801e+00 -3.823959e-01 -5.545007e+00  9.092817e-01 -9.507786e-01
3.156174e-01 -2.616492e-01  5.614707e+00  1.221437e+00 -3.036594e-01 -5.038044e+00  6.578479e-01 -9.806754e-01
3.344127e-01 -1.782419e-01  5.134449e+00  9.329207e-01 -2.232430e-01 -4.542462e+00  4.122067e-01 -1.007941e+00
3.541562e-01 -1.192037e-01  4.649776e+00  6.449668e-01 -1.433577e-01 -4.066291e+00  1.767603e-01 -1.032041e+00
3.747436e-01 -7.843376e-02  4.173263e+00  3.647940e-01 -6.607341e-02 -3.616199e+00 -4.468999e-02 -1.052572e+00
3.960570e-01 -5.089739e-02  3.715568e+00  9.867200e-02  6.811735e-03 -3.197244e+00 -2.491174e-01 -1.069276e+00
4.179666e-01 -3.265966e-02  3.284999e+00 -1.483853e-01  7.386199e-02 -2.812801e+00 -4.343657e-01 -1.082044e+00
4.403322e-01 -2.078255e-02  2.887377e+00 -3.727734e-01  1.340510e-01 -2.464626e+00 -5.991688e-01 -1.090914e+00
4.630064e-01 -1.315519e-02  2.526143e+00 -5.723069e-01  1.867677e-01 -2.153029e+00 -7.431022e-01 -1.096048e+00
4.858360e-01 -8.309654e-03  2.202652e+00 -7.461144e-01  2.317876e-01 -1.877127e+00 -8.664825e-01 -1.097716e+00
5.086657e-01 -5.253725e-03  1.916557e+00 -8.944505e-01  2.692207e-01 -1.635122e+00 -9.702331e-01 -1.096267e+00
5.313398e-01 -3.333733e-03  1.666239e+00 -1.018466e+00  2.994442e-01 -1.424582e+00 -1.055736e+00 -1.092100e+00
5.537055e-01 -2.128690e-03  1.449206e+00 -1.119963e+00  3.230319e-01 -1.242694e+00 -1.124684e+00 -1.085646e+00
5.756150e-01 -1.371978e-03  1.262457e+00 -1.201167e+00  3.406859e-01 -1.086483e+00 -1.178948e+00 -1.077340e+00
5.969285e-01 -8.959512e-04  1.102764e+00 -1.264526e+00  3.531759e-01 -9.529738e-01 -1.220459e+00 -1.067611e+00
6.175159e-01 -5.950282e-04  9.668924e-01 -1.312545e+00  3.612893e-01 -8.393154e-01 -1.251124e+00 -1.056861e+00
6.372593e-01 -4.026613e-04  8.517469e-01 -1.347664e+00  3.657923e-01 -7.428584e-01 -1.272751e+00 -1.045460e+00
6.560547e-01 -2.774499e-04  7.544667e-01 -1.372166e+00  3.674025e-01 -6.612002e-01 -1.287008e+00 -1.033741e+00
6.738132e-01 -1.943698e-04  6.724744e-01 -1.388125e+00  3.667702e-01 -5.922026e-01 -1.295391e+00 -1.021989e+00
6.904625e-01 -1.386421e-04  6.034936e-01 -1.397376e+00  3.644691e-01 -5.339918e-01 -1.299215e+00 -1.010450e+00
7.059474e-01 -1.013161e-04  5.455447e-01 -1.401500e+00  3.609918e-01 -4.849455e-01 -1.299608e+00 -9.993220e-01
7.202302e-01 -7.644195e-05  4.969262e-01 -1.401835e+00  3.567518e-01 -4.436717e-01 -1.297521e+00 -9.887615e-01
7.332910e-01 -5.968674e-05  4.561890e-01 -1.399490e+00  3.520873e-01 -4.089850e-01 -1.293737e+00 -9.788867e-01
7.451267e-01 -4.791332e-05  4.221070e-01 -1.395362e+00  3.472678e-01 -3.798811e-01 -1.288891e+00 -9.697800e-01
7.557510e-01 -3.910373e-05  3.936471e-01 -1.390164e+00  3.425015e-01 -3.555115e-01 -1.283483e+00 -9.614926e-01
7.651927e-01 -3.220387e-05  3.699407e-01 -1.384446e+00  3.379432e-01 -3.351606e-01 -1.277898e+00 -9.540483e-01
7.734947e-01 -2.679661e-05  3.502583e-01 -1.378621e+00  3.337021e-01 -3.182248e-01 -1.272420e+00 -9.474474e-01
7.807123e-01 -2.273114e-05  3.339858e-01 -1.372988e+00  3.298492e-01 -3.041939e-01 -1.267253e+00 -9.416711e-01
7.869114e-01 -1.986228e-05  3.206051e-01 -1.367751e+00  3.264242e-01 -2.926353e-01 -1.262530e+00 -9.366848e-01
7.921662e-01 -1.795718e-05  3.096768e-01 -1.363035e+00  3.234412e-01 -2.831800e-01 -1.258330e+00 -9.324413e-01
7.965576e-01 -1.672672e-05  3.008261e-01 -1.358909e+00  3.208948e-01 -2.755119e-01 -1.254687e+00 -9.288843e-01
8.001706e-01 -1.589993e-05  2.937314e-01 -1.355392e+00  3.187646e-01 -2.693580e-01 -1.251603e+00 -9.259509e-01
8.030926e-01 -1.527901e-05  2.881144e-01 -1.352469e+00  3.170193e-01 -2.644814e-01 -1.249052e+00 -9.235743e-01
8.054110e-01 -1.475333e-05  2.837331e-01 -1.350100e+00  3.156206e-01 -2.606747e-01 -1.246993e+00 -9.216861e-01
8.072115e-01 -1.428160e-05  2.803760e-01 -1.348232e+00  3.145261e-01 -2.577561e-01 -1.245373e+00 -9.202182e-01
8.085761e-01 -1.386198e-05  2.778578e-01 -1.346800e+00  3.136918e-01 -2.555657e-01 -1.244133e+00 -9.191048e-01
8.095818e-01 -1.350585e-05  2.760161e-01 -1.345735e+00  3.130743e-01 -2.539633e-01 -1.243213e+00 -9.182838e-01
8.102992e-01 -1.322200e-05  2.747096e-01 -1.344970e+00  3.126324e-01 -2.528262e-01 -1.242553e+00 -9.176978e-01
8.107917e-01 -1.301072e-05  2.738163e-01 -1.344443e+00  3.123285e-01 -2.520487e-01 -1.242098e+00 -9.172955e-01
8.111144e-01 -1.286435e-05  2.732327e-01 -1.344097e+00  3.121291e-01 -2.515405e-01 -1.241800e+00 -9.170319e-01
8.113140e-01 -1.277049e-05  2.728722e-01 -1.343882e+00  3.120056e-01 -2.512267e-01 -1.241615e+00 -9.168688e-01
8.114287e-01 -1.271533e-05  2.726652e-01 -1.343759e+00  3.119346e-01 -2.510465e-01 -1.241508e+00 -9.167750e-01
8.114887e-01 -1.268617e-05  2.725572e-01 -1.343694e+00  3.118975e-01 -2.509524e-01 -1.241453e+00 -9.167260e-01
8.115160e-01 -1.267277e-05  2.725078e-01 -1.343665e+00  3.118805e-01 -2.509094e-01 -1.241427e+00 -9.167037e-01
8.115263e-01 -1.266773e-05  2.724893e-01 -1.343654e+00  3.118742e-01 -2.508933e-01 -1.241418e+00 -9.166953e-01
8.115291e-01 -1.266635e-05  2.724843e-01 -1.343651e+00  3.118724e-01 -2.508889e-01 -1.241415e+00 -9.166930e-01
8.115295e-01 -1.266615e-05  2.724835e-01 -1.343650e+00  3.118722e-01 -2.508883e-01 -1.241415e+00 -9.166926e-01
8.115296e-01 -1.266613e-05  2.724834e-01 -1.343650e+00  3.118721e-01 -2.508882e-01 -1.241415e+00 -9.166926e-01
8.115308e-01 -1.266582e-05  2.724811e-01 -1.343649e+00  3.118714e-01 -2.508862e-01 -1.241413e+00 -9.166916e-01
8.115394e-01 -1.266369e-05  2.724657e-01 -1.343639e+00  3.118661e-01 -2.508728e-01 -1.241406e+00 -9.166846e-01
8.115709e-01 -1.265587e-05  2.724090e-01 -1.343606e+00  3.118466e-01 -2.508234e-01 -1.241376e+00 -9.166589e-01
8.116547e-01 -1.263506e-05  2.722579e-01 -1.343515e+00  3.117946e-01 -2.506919e-01 -1.241298e+00 -9.165903e-01
8.118383e-01 -1.258961e-05  2.719276e-01 -1.343317e+00  3.116809e-01 -2.504042e-01 -1.241128e+00 -9.164403e-01
8.121899e-01 -1.250302e-05  2.712960e-01 -1.342937e+00  3.114628e-01 -2.498542e-01 -1.240801e+00 -9.161529e-01
8.128014e-01 -1.235380e-05  2.702009e-01 -1.342274e+00  3.110829e-01 -2.489004e-01 -1.240230e+00 -9.156529e-01
8.137899e-01 -1.211625e-05  2.684397e-01 -1.341196e+00  3.104671e-01 -2.473661e-01 -1.239303e+00 -9.148444e-01
8.152987e-01 -1.176227e-05  2.657736e-01 -1.339537e+00  3.095233e-01 -2.450425e-01 -1.237878e+00 -9.136098e-01
8.174968e-01 -1.126461e-05  2.619360e-01 -1.337090e+00  3.081400e-01 -2.416962e-01 -1.235781e+00 -9.118097e-01
8.205780e-01 -1.060160e-05  2.566486e-01 -1.333603e+00  3.061847e-01 -2.370821e-01 -1.232801e+00 -9.092840e-01
8.247587e-01 -9.762894e-06  2.496426e-01 -1.328767e+00  3.035024e-01 -2.309614e-01 -1.228681e+00 -9.058526e-01
8.302747e-01 -8.755466e-06  2.406870e-01 -1.322210e+00  2.999138e-01 -2.231259e-01 -1.223118e+00 -9.013183e-01
8.373776e-01 -7.607994e-06  2.296211e-01 -1.313483e+00  2.952142e-01 -2.134253e-01 -1.215751e+00 -8.954695e-01
8.463297e-01 -6.371737e-06  2.163881e-01 -1.302061e+00  2.891744e-01 -2.017957e-01 -1.206158e+00 -8.880855e-01
8.573988e-01 -5.116102e-06  2.010643e-01 -1.287338e+00  2.815433e-01 -1.882858e-01 -1.193860e+00 -8.789421e-01
8.708525e-01 -3.918469e-06  1.838791e-01 -1.268644e+00  2.720549e-01 -1.730746e-01 -1.178327e+00 -8.678202e-01
8.869516e-01 -2.850021e-06  1.652178e-01 -1.245273e+00  2.604419e-01 -1.564760e-01 -1.159003e+00 -8.545164e-01
9.059434e-01 -1.961567e-06  1.456046e-01 -1.216535e+00  2.464537e-01 -1.389267e-01 -1.135337e+00 -8.388558e-01
9.280559e-01 -1.274350e-06  1.256635e-01 -1.181821e+00  2.298822e-01 -1.209561e-01 -1.106833e+00 -8.207071e-01
9.534907e-01 -7.795554e-07  1.060611e-01 -1.140687e+00  2.105907e-01 -1.031404e-01 -1.073110e+00 -7.999975e-01
9.824170e-01 -4.465924e-07  8.744007e-02 -1.092935e+00  1.885441e-01 -8.604702e-02 -1.033962e+00 -7.767281e-01
1.014966e+00 -2.361142e-07  7.035244e-02 -1.038690e+00  1.638352e-01 -7.017854e-02 -9.894154e-01 -7.509850e-01
1.051227e+00 -1.115970e-07  5.520786e-02 -9.784428e-01  1.367013e-01 -5.592594e-02 -9.397650e-01 -7.229454e-01
1.091241e+00 -4.489079e-08  4.224340e-02 -9.130595e-01  1.075272e-01 -4.353884e-02 -8.855888e-01 -6.928771e-01
1.134999e+00 -1.551252e-08  3.152037e-02 -8.437399e-01  7.683231e-02 -3.311715e-02 -8.277274e-01 -6.611292e-01
1.182440e+00 -7.405402e-09  2.294555e-02 -7.719372e-01  4.524062e-02 -2.462344e-02 -7.672347e-01 -6.281160e-01
1.233448e+00 -7.418706e-09  1.630970e-02 -6.992444e-01  1.343929e-02 -1.791111e-02 -7.053020e-01 -5.942944e-01
1.287854e+00 -6.697213e-09  1.133348e-02 -6.272662e-01 -1.787058e-02 -1.276089e-02 -6.431707e-01 -5.601391e-01
1.345437e+00 -2.535318e-09  7.711492e-03 -5.574967e-01 -4.802326e-02 -8.918129e-03 -5.820421e-01 -5.261164e-01
1.405925e+00  2.473903e-09  5.147608e-03 -4.912187e-01 -7.643159e-02 -6.124676e-03 -5.229991e-01 -4.926619e-01
1.468998e+00  4.399742e-09  3.378532e-03 -4.294359e-01 -1.026195e-01 -4.142003e-03 -4.669476e-01 -4.601622e-01
1.534295e+00  2.114265e-09  2.185656e-03 -3.728423e-01 -1.262412e-01 -2.764783e-03 -4.145818e-01 -4.289429e-01
1.601419e+00 -1.757110e-09  1.397474e-03 -3.218251e-01 -1.470867e-01 -1.826128e-03 -3.663724e-01 -3.992615e-01
1.669940e+00 -3.518109e-09  8.857018e-04 -2.764952e-01 -1.650756e-01 -1.196724e-03 -3.225766e-01 -3.713071e-01
1.739407e+00 -1.845378e-09  5.581757e-04 -2.367345e-01 -1.802419e-01 -7.803385e-04 -2.832625e-01 -3.452030e-01
1.809349e+00  1.298473e-09  3.509079e-04 -2.022513e-01 -1.927126e-01 -5.077670e-04 -2.483424e-01 -3.210136e-01
1.879292e+00  2.862737e-09  2.207568e-04 -1.726360e-01 -2.026848e-01 -3.306725e-04 -2.176102e-01 -2.987522e-01
1.948758e+00  1.623056e-09  1.393779e-04 -1.474114e-01 -2.104024e-01 -2.161264e-04 -1.907781e-01 -2.783908e-01
2.017280e+00 -9.531604e-10  8.856077e-05 -1.260735e-01 -2.161350e-01 -1.421623e-04 -1.675087e-01 -2.598690e-01
2.084403e+00 -2.392888e-09  5.680447e-05 -1.081230e-01 -2.201610e-01 -9.436678e-05 -1.474423e-01 -2.431031e-01
2.149701e+00 -1.555273e-09  3.691166e-05 -9.308749e-02 -2.227532e-01 -6.338861e-05 -1.302180e-01 -2.279935e-01
2.212774e+00  5.633381e-10  2.438417e-05 -8.053421e-02 -2.241697e-01 -4.320002e-05 -1.154883e-01 -2.144312e-01
2.273262e+00  2.005636e-09  1.641138e-05 -7.007746e-02 -2.246468e-01 -2.993157e-05 -1.029295e-01 -2.023035e-01
2.330845e+00  1.647359e-09  1.125340e-05 -6.138026e-02 -2.243958e-01 -2.111223e-05 -9.224689e-02 -1.914973e-01
2.385251e+00 -1.625098e-11  7.855567e-06 -5.415294e-02 -2.236008e-01 -1.517488e-05 -8.317725e-02 -1.819022e-01
2.436259e+00 -1.535639e-09  5.589641e-06 -4.814973e-02 -2.224195e-01 -1.112913e-05 -7.548910e-02 -1.734127e-01
2.483700e+00 -1.786961e-09  4.074438e-06 -4.316412e-02 -2.209838e-01 -8.343677e-06 -6.898113e-02 -1.659290e-01
2.527458e+00 -7.412447e-10  3.061708e-06 -3.902392e-02 -2.194021e-01 -6.406409e-06 -6.347984e-02 -1.593578e-01
2.567472e+00  7.288684e-10  2.376977e-06 -3.558637e-02 -2.177612e-01 -5.041006e-06 -5.883667e-02 -1.536124e-01
2.603732e+00  1.623311e-09  1.897044e-06 -3.273350e-02 -2.161287e-01 -4.060561e-06 -5.492508e-02 -1.486127e-01
2.636282e+00  1.481603e-09  1.542393e-06 -3.036806e-02 -2.145560e-01 -3.341096e-06 -5.163750e-02 -1.442848e-01
2.665208e+00  5.342504e-10  1.269396e-06 -2.840986e-02 -2.130801e-01 -2.803276e-06 -4.888265e-02 -1.405608e-01
2.690643e+00 -6.012326e-10  1.058208e-06 -2.679274e-02 -2.117261e-01 -2.397381e-06 -4.658300e-02 -1.373779e-01
2.712755e+00 -1.352772e-09  8.997914e-07 -2.546194e-02 -2.105090e-01 -2.091169e-06 -4.467255e-02 -1.346783e-01
2.731747e+00 -1.465655e-09  7.867604e-07 -2.437191e-02 -2.094358e-01 -1.861586e-06 -4.309490e-02 -1.324085e-01
2.747846e+00 -1.024233e-09  7.098211e-07 -2.348460e-02 -2.085070e-01 -1.690414e-06 -4.180165e-02 -1.305189e-01
2.761300e+00 -3.056152e-10  6.584160e-07 -2.276796e-02 -2.077180e-01 -1.562756e-06 -4.075098e-02 -1.289637e-01
2.772369e+00  3.981836e-10  6.229085e-07 -2.219480e-02 -2.070605e-01 -1.466826e-06 -3.990654e-02 -1.277000e-01
2.781321e+00  8.952691e-10  5.962430e-07 -2.174185e-02 -2.065233e-01 -1.393897e-06 -3.923653e-02 -1.266885e-01
2.788424e+00  1.122907e-09  5.743354e-07 -2.138907e-02 -2.060938e-01 -1.337934e-06 -3.871302e-02 -1.258925e-01
2.793940e+00  1.116605e-09  5.554595e-07 -2.111906e-02 -2.057583e-01 -1.294937e-06 -3.831132e-02 -1.252783e-01
2.798121e+00  9.586093e-10  5.392541e-07 -2.091670e-02 -2.055028e-01 -1.262220e-06 -3.800968e-02 -1.248151e-01
2.801202e+00  7.344194e-10  5.258538e-07 -2.076880e-02 -2.053139e-01 -1.237840e-06 -3.778890e-02 -1.244749e-01
2.803400e+00  5.085473e-10  5.153605e-07 -2.066393e-02 -2.051789e-01 -1.220223e-06 -3.763219e-02 -1.242329e-01
2.804909e+00  3.179343e-10  5.076403e-07 -2.059226e-02 -2.050860e-01 -1.207991e-06 -3.752500e-02 -1.240671e-01
2.805897e+00  1.761143e-10  5.023317e-07 -2.054543e-02 -2.050251e-01 -1.199904e-06 -3.745494e-02 -1.239586e-01
2.806509e+00  8.134093e-11  4.989427e-07 -2.051652e-02 -2.049874e-01 -1.194870e-06 -3.741166e-02 -1.238916e-01
2.806861e+00  2.433577e-11  4.969563e-07 -2.049991e-02 -2.049657e-01 -1.191964e-06 -3.738681e-02 -1.238530e-01
2.807044e+00 -6.170239e-12  4.959080e-07 -2.049125e-02 -2.049544e-01 -1.190443e-06 -3.737384e-02 -1.238329e-01
2.807128e+00 -2.028025e-11  4.954265e-07 -2.048729e-02 -2.049492e-01 -1.189747e-06 -3.736791e-02 -1.238237e-01
2.807159e+00 -2.560128e-11  4.952454e-07 -2.048581e-02 -2.049473e-01 -1.189486e-06 -3.736569e-02 -1.238203e-01
2.807168e+00 -2.705137e-11  4.951961e-07 -2.048540e-02 -2.049467e-01 -1.189415e-06 -3.736508e-02 -1.238194e-01
2.807169e+00 -2.726550e-11  4.951888e-07 -2.048534e-02 -2.049467e-01 -1.189405e-06 -3.736499e-02 -1.238192e-01
2.807169e+00 -2.727237e-11  4.951881e-07 -2.048533e-02 -2.049466e-01 -1.189403e-06 -3.736498e-02 -1.238192e-01
2.807174e+00 -2.727077e-11  4.951741e-07 -2.048513e-02 -2.049464e-01 -1.189372e-06 -3.736467e-02 -1.238187e-01
2.807204e+00 -2.725994e-11  4.950789e-07 -2.048372e-02 -2.049445e-01 -1.189161e-06 -3.736256e-02 -1.238154e-01
2.807313e+00 -2.722017e-11  4.947291e-07 -2.047854e-02 -2.049378e-01 -1.188383e-06 -3.735481e-02 -1.238034e-01
2.807606e+00 -2.711437e-11  4.937980e-07 -2.046474e-02 -2.049197e-01 -1.186314e-06 -3.733415e-02 -1.237714e-01
2.808246e+00 -2.688389e-11  4.917659e-07 -2.043459e-02 -2.048802e-01 -1.181796e-06 -3.728898e-02 -1.237013e-01
2.809473e+00 -2.644658e-11  4.878964e-07 -2.037695e-02 -2.048044e-01 -1.173191e-06 -3.720262e-02 -1.235671e-01
2.811606e+00 -2.569876e-11  4.812359e-07 -2.027709e-02 -2.046723e-01 -1.158369e-06 -3.705291e-02 -1.233342e-01
2.815055e+00 -2.452346e-11  4.706528e-07 -2.011669e-02 -2.044584e-01 -1.134792e-06 -3.681216e-02 -1.229588e-01
2.820318e+00 -2.280754e-11  4.549299e-07 -1.987433e-02 -2.041307e-01 -1.099703e-06 -3.644775e-02 -1.223883e-01
2.827987e+00 -2.046894e-11  4.329248e-07 -1.952647e-02 -2.036507e-01 -1.050466e-06 -3.592336e-02 -1.215626e-01
2.838736e+00 -1.749290e-11  4.037977e-07 -1.904910e-02 -2.029729e-01 -9.850463e-07 -3.520109e-02 -1.204159e-01
2.853321e+00 -1.397022e-11  3.672863e-07 -1.842006e-02 -2.020443e-01 -9.026051e-07 -3.424447e-02 -1.188798e-01
2.872564e+00 -1.012431e-11  3.239736e-07 -1.762184e-02 -2.008042e-01 -8.040910e-07 -3.302232e-02 -1.168874e-01
2.897343e+00 -6.308345e-12  2.754610e-07 -1.664487e-02 -1.991839e-01 -6.926577e-07 -3.151319e-02 -1.143779e-01
2.928573e+00 -2.954994e-12  2.243452e-07 -1.549052e-02 -1.971074e-01 -5.736939e-07 -2.970990e-02 -1.113025e-01
2.967189e+00 -4.740922e-13  1.739201e-07 -1.417357e-02 -1.944926e-01 -4.542893e-07 -2.762345e-02 -1.076297e-01
3.014123e+00  8.811369e-13  1.276064e-07 -1.272315e-02 -1.912545e-01 -3.421160e-07 -2.528554e-02 -1.033505e-01
3.070287e+00  1.129006e-12  8.823097e-08 -1.118184e-02 -1.873091e-01 -2.439356e-07 -2.274880e-02 -9.848230e-02
3.136542e+00  5.900248e-13  5.739242e-08 -9.602566e-03 -1.825805e-01 -1.641838e-07 -2.008425e-02 -9.307101e-02
3.213683e+00 -2.116966e-13  3.517321e-08 -8.043460e-03 -1.770085e-01 -1.041646e-07 -1.737584e-02 -8.719032e-02
3.302415e+00 -7.596513e-13  2.034948e-08 -6.561514e-03 -1.705577e-01 -6.221031e-08 -1.471278e-02 -8.093869e-02
3.403327e+00 -7.751612e-13  1.101801e-08 -5.206124e-03 -1.632262e-01 -3.474329e-08 -1.218057e-02 -7.443377e-02
3.516879e+00 -3.341944e-13  5.336127e-09 -4.013811e-03 -1.550520e-01 -1.772353e-08 -9.852475e-03 -6.780485e-02
3.643378e+00  2.157768e-13  2.006764e-09 -3.005170e-03 -1.461170e-01 -7.784303e-09 -7.782818e-03 -6.118431e-02
3.782971e+00  5.024196e-13  3.126135e-10 -2.184521e-03 -1.365460e-01 -2.601886e-09 -6.003281e-03 -5.469915e-02
3.935625e+00  3.803335e-13 -1.883768e-10 -1.542057e-03 -1.265006e-01 -5.817552e-10 -4.522637e-03 -4.846337e-02
4.101127e+00  1.063780e-14  2.264879e-11 -1.057712e-03 -1.161695e-01 -3.756767e-10 -3.329548e-03 -4.257227e-02
4.279073e+00 -2.887616e-13  3.788089e-10 -7.056841e-04 -1.057556e-01 -7.345876e-10 -2.397494e-03 -3.709875e-02
4.468875e+00 -3.011993e-13  4.479229e-10 -4.586422e-04 -9.546090e-02 -7.746744e-10 -1.690609e-03 -3.209207e-02
4.669759e+00 -6.836475e-14  1.612342e-10 -2.909280e-04 -8.547375e-02 -2.864793e-10 -1.169276e-03 -2.757850e-02
4.880776e+00  1.759387e-13 -2.104855e-10 -1.805229e-04 -7.595691e-02  3.331001e-10 -7.946613e-04 -2.356370e-02
5.100813e+00  2.244638e-13 -3.424955e-10 -1.098561e-04 -6.704006e-02  5.626118e-10 -5.318068e-04 -2.003611e-02
5.328610e+00  6.858187e-14 -1.538611e-10 -6.574512e-05 -5.881582e-02  2.615553e-10 -3.512760e-04 -1.697085e-02
5.562778e+00 -1.214084e-13  1.441090e-10 -3.881214e-05 -5.133966e-02 -2.302577e-10 -2.296006e-04 -1.433369e-02
5.801821e+00 -1.707396e-13  2.695300e-10 -2.268075e-05 -4.463280e-02 -4.459439e-10 -1.489093e-04 -1.208469e-02
6.044160e+00 -5.646991e-14  1.324652e-10 -1.317419e-05 -3.868726e-02 -2.269744e-10 -9.610811e-05 -1.018131e-02
6.288163e+00  9.313890e-14 -1.075126e-10 -7.639290e-06 -3.347200e-02  1.707869e-10 -6.191280e-05 -8.580893e-03
6.532165e+00  1.359675e-13 -2.183853e-10 -4.437071e-06 -2.893943e-02  3.621701e-10 -3.992457e-05 -7.242478e-03
6.774505e+00  4.708607e-14 -1.158385e-10 -2.584642e-06 -2.503139e-02  1.993497e-10 -2.584190e-05 -6.128052e-03
7.013547e+00 -7.500347e-14  8.053777e-11 -1.510639e-06 -2.168439e-02 -1.263492e-10 -1.683429e-05 -5.203260e-03
7.247715e+00 -1.147371e-13  1.828534e-10 -8.897459e-07 -1.883376e-02 -3.028750e-10 -1.106889e-05 -4.437721e-03
7.475513e+00 -4.565133e-14  1.114659e-10 -5.347617e-07 -1.641676e-02 -1.915125e-10 -7.369300e-06 -3.805043e-03
7.695550e+00  5.859810e-14 -5.102087e-11 -3.330767e-07 -1.437463e-02  7.696277e-11 -4.982460e-06 -3.282635e-03
7.906566e+00  1.027542e-13 -1.550296e-10 -2.150673e-07 -1.265385e-02  2.550087e-10 -3.427460e-06 -2.851394e-03
8.107450e+00  5.474577e-14 -1.201971e-10 -1.402470e-07 -1.120673e-02  2.044508e-10 -2.400084e-06 -2.495329e-03
8.297252e+00 -3.656657e-14  9.736561e-12 -8.908637e-08 -9.991486e-03 -7.902709e-12 -1.711040e-06 -2.201162e-03
8.475199e+00 -9.312246e-14  1.222726e-10 -5.466261e-08 -8.972027e-03 -1.975878e-10 -1.243747e-06 -1.957940e-03
8.640700e+00 -7.361421e-14  1.345301e-10 -3.451619e-08 -8.117497e-03 -2.246393e-10 -9.251020e-07 -1.756666e-03
8.793354e+00  9.321802e-16  4.915332e-11 -2.546394e-08 -7.401748e-03 -8.874428e-11 -7.068041e-07 -1.589978e-03
8.932947e+00  7.264107e-14 -6.392749e-11 -2.259056e-08 -6.802757e-03  9.760587e-11 -5.552539e-07 -1.451859e-03
9.059447e+00  9.319887e-14 -1.283000e-10 -2.101240e-08 -6.302055e-03  2.080529e-10 -4.470638e-07 -1.337402e-03
9.172998e+00  5.381000e-14 -1.113461e-10 -1.788138e-08 -5.884190e-03  1.861398e-10 -3.669699e-07 -1.242599e-03
9.273910e+00 -1.701581e-14 -3.387765e-11 -1.295308e-08 -5.536249e-03  6.311050e-11 -3.060039e-07 -1.164171e-03
9.362642e+00 -7.769275e-14  5.480849e-11 -7.659797e-09 -5.247430e-03 -8.164009e-11 -2.593337e-07 -1.099434e-03
9.439784e+00 -9.889187e-14  1.106489e-10 -3.654998e-09 -5.008671e-03 -1.756232e-10 -2.241907e-07 -1.046172e-03
9.506039e+00 -7.524356e-14  1.152511e-10 -1.795513e-09 -4.812347e-03 -1.873608e-10 -1.984477e-07 -1.002554e-03
9.562202e+00 -2.156250e-14  7.671817e-11 -1.924276e-09 -4.652001e-03 -1.285735e-10 -1.800266e-07 -9.670501e-04
9.609136e+00  3.916915e-14  1.769169e-11 -3.240958e-09 -4.522132e-03 -3.519723e-11 -1.669072e-07 -9.383755e-04
9.647752e+00  8.733694e-14 -3.866388e-11 -4.833667e-09 -4.418022e-03  5.534724e-11 -1.573587e-07 -9.154412e-04
9.678982e+00  1.127458e-13 -7.750058e-11 -6.052775e-09 -4.335591e-03  1.187075e-10 -1.501141e-07 -8.973163e-04
9.703762e+00  1.148134e-13 -9.431899e-11 -6.628735e-09 -4.271290e-03  1.471446e-10 -1.443857e-07 -8.831986e-04
9.723005e+00  9.926330e-14 -9.234738e-11 -6.598856e-09 -4.222018e-03  1.454637e-10 -1.397575e-07 -8.723928e-04
9.737589e+00  7.407258e-14 -7.839194e-11 -6.160069e-09 -4.185055e-03  1.243760e-10 -1.360347e-07 -8.642937e-04
9.748339e+00  4.643847e-14 -5.938955e-11 -5.537683e-09 -4.158022e-03  9.492961e-11 -1.331172e-07 -8.583741e-04
9.756007e+00  2.130539e-14 -4.051564e-11 -4.908377e-09 -4.138844e-03  6.542419e-11 -1.309218e-07 -8.541765e-04
9.761270e+00  1.174049e-15 -2.469725e-11 -4.375663e-09 -4.125732e-03  4.059010e-11 -1.293508e-07 -8.513075e-04
9.764719e+00 -1.337340e-14 -1.297207e-11 -3.978441e-09 -4.117164e-03  2.213946e-11 -1.282903e-07 -8.494332e-04
9.766852e+00 -2.293370e-14 -5.153124e-12 -3.712610e-09 -4.111873e-03  9.819524e-12 -1.276211e-07 -8.482759e-04
9.768079e+00 -2.863013e-14 -4.556862e-13 -3.552576e-09 -4.108834e-03  2.412566e-12 -1.272316e-07 -8.476112e-04
9.768719e+00 -3.166319e-14  2.056533e-12 -3.466893e-09 -4.107248e-03 -1.550270e-12 -1.270269e-07 -8.472643e-04
9.769012e+00 -3.306260e-14  3.218155e-12 -3.427253e-09 -4.106524e-03 -3.382993e-12 -1.269330e-07 -8.471059e-04
9.769122e+00 -3.358978e-14  3.656157e-12 -3.412302e-09 -4.106252e-03 -4.074097e-12 -1.268977e-07 -8.470465e-04
9.769151e+00 -3.373339e-14  3.775516e-12 -3.408228e-09 -4.106178e-03 -4.262433e-12 -1.268881e-07 -8.470303e-04
9.769156e+00 -3.375459e-14  3.793141e-12 -3.407626e-09 -4.106167e-03 -4.290244e-12 -1.268867e-07 -8.470279e-04
9.769157e+00 -3.375520e-14  3.793703e-12 -3.407602e-09 -4.106165e-03 -4.291134e-12 -1.268865e-07 -8.470275e-04
9.769176e+00 -3.375277e-14  3.793456e-12 -3.407468e-09 -4.106118e-03 -4.290860e-12 -1.268823e-07 -8.470172e-04
9.769305e+00 -3.373631e-14  3.791784e-12 -3.406555e-09 -4.105797e-03 -4.289004e-12 -1.268542e-07 -8.469470e-04
9.769782e+00 -3.367584e-14  3.785641e-12 -3.403203e-09 -4.104617e-03 -4.282184e-12 -1.267506e-07 -8.466891e-04
9.771053e+00 -3.351502e-14  3.769302e-12 -3.394282e-09 -4.101474e-03 -4.264043e-12 -1.264748e-07 -8.460019e-04
9.773833e+00 -3.316486e-14  3.733719e-12 -3.374830e-09 -4.094604e-03 -4.224536e-12 -1.258734e-07 -8.445000e-04
9.779159e+00 -3.250117e-14  3.666243e-12 -3.337853e-09 -4.081479e-03 -4.149611e-12 -1.247288e-07 -8.416311e-04
9.788423e+00 -3.136832e-14  3.550973e-12 -3.274400e-09 -4.058752e-03 -4.021596e-12 -1.227615e-07 -8.366654e-04
9.803397e+00 -2.959354e-14  3.370126e-12 -3.174095e-09 -4.022281e-03 -3.820701e-12 -1.196425e-07 -8.287014e-04
9.826253e+00 -2.701545e-14  3.106818e-12 -3.026285e-09 -3.967250e-03 -3.528080e-12 -1.150253e-07 -8.166963e-04
9.859551e+00 -2.352932e-14  2.749486e-12 -2.821940e-09 -3.888434e-03 -3.130706e-12 -1.085976e-07 -7.995262e-04
9.906227e+00 -1.914561e-14  2.297664e-12 -2.556258e-09 -3.780601e-03 -2.627748e-12 -1.001551e-07 -7.760815e-04
9.969557e+00 -1.404979e-14  1.767968e-12 -2.231605e-09 -3.639093e-03 -2.037194e-12 -8.968696e-08 -7.453978e-04
1.005312e+01 -8.639531e-15  1.198026e-12 -1.859979e-09 -3.460520e-03 -1.400245e-12 -7.745398e-08 -7.068137e-04
1.016071e+01 -3.507534e-15  6.453000e-13 -1.463841e-09 -3.243519e-03 -7.801202e-13 -6.402930e-08 -6.601371e-04
1.029632e+01  6.576297e-16  1.780515e-13 -1.074088e-09 -2.989447e-03 -2.522382e-13 -5.026756e-08 -6.057903e-04
1.046400e+01  3.255297e-15 -1.419663e-13 -7.245576e-10 -2.702848e-03  1.147202e-13 -3.718164e-08 -5.448956e-04
1.066781e+01  3.997525e-15 -2.812051e-13 -4.438517e-10 -2.391530e-03  2.826575e-13 -2.573728e-08 -4.792672e-04
1.091168e+01  3.081508e-15 -2.517128e-13 -2.469788e-10 -2.066132e-03  2.633280e-13 -1.661920e-08 -4.112847e-04
1.119938e+01  1.197571e-15 -1.135434e-13 -1.305099e-10 -1.739163e-03  1.213251e-13 -1.005713e-08 -3.436540e-04
1.153435e+01 -6.911436e-16  4.431477e-14 -7.434537e-11 -1.423606e-03 -4.642314e-14 -5.796761e-09 -2.790889e-04
1.191965e+01 -1.743635e-15  1.402110e-13 -5.039766e-11 -1.131352e-03 -1.501183e-13 -3.246149e-09 -2.199751e-04
1.235784e+01 -1.625557e-15  1.365905e-13 -3.454171e-11 -8.717754e-04 -1.473871e-13 -1.738122e-09 -1.680900e-04
1.285091e+01 -6.512263e-16  5.552361e-14 -1.557368e-11 -6.507592e-04 -6.069754e-14 -7.775613e-10 -1.244377e-04
1.340020e+01  4.392255e-16 -3.932946e-14  3.948125e-12 -4.703676e-04  4.173580e-14 -1.449914e-10 -8.922688e-05
1.400635e+01  9.586516e-16 -8.560159e-14  1.513458e-11 -3.291834e-04  9.232593e-14  1.818024e-10 -6.198126e-05
1.466922e+01  7.007722e-16 -6.241676e-14  1.292510e-11 -2.231500e-04  6.795142e-14  2.036496e-10 -4.173795e-05
1.538787e+01  1.824418e-17  1.418316e-16  1.463818e-12 -1.466516e-04  6.758315e-16  2.652883e-11 -2.727636e-05
1.616056e+01 -5.013799e-16  4.871204e-14 -8.991132e-12 -9.356024e-05 -5.189706e-14 -1.555471e-10 -1.732548e-05
1.698474e+01 -5.033568e-16  4.927874e-14 -1.040723e-11 -5.805263e-05 -5.276436e-14 -1.875776e-10 -1.071627e-05
1.785703e+01 -1.045419e-16  1.072765e-14 -3.122292e-12 -3.511631e-05 -1.126495e-14 -6.250186e-11 -6.468633e-06
1.877332e+01  2.724949e-16 -2.825283e-14  5.419919e-12 -2.076475e-05  3.084628e-14  9.296589e-11 -3.820158e-06
1.972878e+01  2.983033e-16 -3.512050e-14  7.803035e-12 -1.203489e-05  3.825372e-14  1.424959e-10 -2.213740e-06
2.071794e+01  6.989774e-18 -9.870033e-15  2.981227e-12 -6.853324e-06  1.079493e-14  5.958831e-11 -1.263200e-06
2.173476e+01 -2.841720e-16  1.978765e-14 -3.663493e-12 -3.844309e-06 -2.157219e-14 -6.271055e-11 -7.125656e-07
2.277275e+01 -2.973024e-16  2.672513e-14 -5.942711e-12 -2.133274e-06 -2.935696e-14 -1.096533e-10 -3.987726e-07
2.382505e+01 -4.162643e-17  8.317786e-15 -2.480111e-12 -1.179912e-06 -9.550417e-15 -5.020425e-11 -2.218515e-07
2.488458e+01  2.301731e-16 -1.483979e-14  2.737543e-12 -6.562299e-07  1.560518e-14  4.651459e-11 -1.228013e-07
2.594410e+01  2.823885e-16 -2.091044e-14  4.718313e-12 -3.677061e-07  2.236636e-14  8.751833e-11 -6.786344e-08
2.699641e+01  1.080475e-16 -6.741153e-15  2.110761e-12 -2.048611e-07  7.171224e-15  4.321090e-11 -3.788411e-08
2.803440e+01 -9.561843e-17  1.200982e-14 -2.108827e-12 -1.111318e-07 -1.307391e-14 -3.508966e-11 -2.175636e-08
2.905122e+01 -1.339124e-16  1.771652e-14 -3.933169e-12 -5.901934e-08 -1.918638e-14 -7.278004e-11 -1.291775e-08
3.004038e+01  9.246445e-18  6.848759e-15 -2.031037e-12 -3.330456e-08 -7.200913e-15 -4.144139e-11 -7.689470e-09
3.099584e+01  1.796950e-16 -8.935839e-15  1.484671e-12 -2.246177e-08  1.029506e-14  2.325390e-11 -4.340778e-09
3.191213e+01  2.109477e-16 -1.516804e-14  3.397181e-12 -1.716855e-08  1.749551e-14  6.195353e-11 -2.264516e-09
3.278442e+01  7.089682e-17 -7.385248e-15  2.271183e-12 -1.194505e-08  9.334823e-15  4.522074e-11 -1.227778e-09
3.360859e+01 -1.260717e-16  6.582747e-15 -6.446019e-13 -5.851472e-09 -5.876393e-15 -7.137892e-12 -9.227756e-10
3.438128e+01 -2.289655e-16  1.481110e-14 -2.849799e-12 -7.790054e-10 -1.521024e-14 -5.000298e-11 -9.167379e-10
3.509994e+01 -1.718951e-16  1.130831e-14 -2.735285e-12  1.364214e-09 -1.198877e-14 -5.200701e-11 -8.428617e-10
3.576280e+01 -1.081048e-17 -3.503899e-16 -6.252243e-13  4.789621e-10  1.646096e-16 -1.626317e-11 -5.695487e-10
3.636895e+01  1.348768e-16 -1.116471e-14  1.806927e-12 -1.812528e-09  1.167205e-14  2.837032e-11 -1.958595e-10
3.691825e+01  1.731644e-16 -1.386129e-14  2.934027e-12 -3.505749e-09  1.467307e-14  5.191917e-11  9.352935e-11
3.741132e+01  9.296441e-17 -7.359702e-15  2.212620e-12 -3.495960e-09  7.882032e-15  4.271687e-11  1.820237e-10
3.784951e+01 -4.525865e-17  3.729374e-15  2.772318e-13 -1.964329e-09 -3.872451e-15  1.031649e-11  8.294361e-11
3.823481e+01 -1.589037e-16  1.291552e-14 -1.694608e-12  9.836633e-11 -1.368909e-14 -2.505454e-11 -9.866778e-11
3.856978e+01 -1.919895e-16  1.571888e-14 -2.744379e-12  1.664372e-09 -1.676141e-14 -4.600238e-11 -2.466451e-10
3.885747e+01 -1.362019e-16  1.141441e-14 -2.549389e-12  2.199270e-09 -1.227088e-14 -4.581314e-11 -2.946417e-10
3.910135e+01 -2.214086e-17  2.393497e-15 -1.389359e-12  1.755587e-09 -2.731580e-15 -2.840092e-11 -2.408006e-10
3.930515e+01  1.045833e-16 -7.718567e-15  1.577985e-13  7.516859e-10  8.007486e-15 -3.280773e-12 -1.261378e-10
3.947283e+01  2.056350e-16 -1.584644e-14  1.542632e-12 -3.289525e-10  1.666696e-14  2.010311e-11 -1.842703e-12
3.960844e+01  2.613368e-16 -2.039078e-14  2.436543e-12 -1.145584e-09  2.153197e-14  3.585635e-11  9.457525e-11
3.971604e+01  2.707441e-16 -2.124916e-14  2.763322e-12 -1.564650e-09  2.248143e-14  4.234534e-11  1.475869e-10
3.979960e+01  2.450926e-16 -1.930031e-14  2.626397e-12 -1.618780e-09  2.044225e-14  4.105767e-11  1.599471e-10
3.986293e+01  1.999249e-16 -1.577620e-14  2.206095e-12 -1.425589e-09  1.672130e-14  3.488446e-11  1.440886e-10
3.990960e+01  1.492474e-16 -1.179302e-14  1.677729e-12 -1.115776e-09  1.250519e-14  2.671746e-11  1.142230e-10
3.994290e+01  1.027102e-16 -8.122925e-15  1.168485e-12 -7.912946e-10  8.616041e-15  1.869135e-11  8.162861e-11
3.996576e+01  6.525091e-17 -5.163360e-15  7.480506e-13 -5.124120e-10  5.477876e-15  1.200007e-11  5.310892e-11
3.998073e+01  3.810862e-17 -3.016649e-15  4.389950e-13 -3.028591e-10  3.200796e-15  7.054760e-12  3.148014e-11
3.999000e+01  2.024401e-17 -1.602847e-15  2.338796e-13 -1.620412e-10  1.700818e-15  3.762502e-12  1.687176e-11
3.999532e+01  9.590454e-18 -7.594308e-16  1.109807e-13 -7.707711e-11  8.058833e-16  1.786457e-12  8.032939e-12
3.999810e+01  3.915428e-18 -3.100673e-16  4.534783e-14 -3.153364e-11  3.290406e-16  7.301906e-13  3.288034e-12
3.999937e+01  1.296463e-18 -1.026714e-16  1.502122e-14 -1.045124e-11  1.089550e-16  2.419057e-13  1.090001e-12
3.999985e+01  3.097750e-19 -2.453242e-17  3.589668e-15 -2.498095e-12  2.603394e-17  5.781202e-14  2.605578e-13
3.999998e+01  4.097272e-20 -3.244816e-18  4.748098e-16 -3.304452e-13  3.443420e-18  7.646977e-15  3.446707e-14
4.000000e+01  1.283587e-21 -1.016531e-19  1.487485e-17 -1.035228e-14  1.078750e-19  2.395652e-16  1.079798e-15
