376 7
 0 0 0 0 1 1 2
 2 2 2 2 6 6 3
 -1.951419e+02 -2.175623e+01 -2.478989e+00 -1.430877e-01 -1.837434e+01 -1.563150e+00 -1.607054e-01
0.000000e+00 -2.156005e+02  6.374343e+01 -2.389498e+01  6.348666e+00  1.288000e-06 -4.606828e-07 -7.075223e-09
3.278564e-09 -2.156005e+02  6.374342e+01 -2.389498e+01  6.348665e+00  7.116495e-08 -1.917954e-08 -7.075200e-09
1.046582e-07 -2.156000e+02  6.374327e+01 -2.389492e+01  6.348651e+00 -3.755573e-05  1.363296e-05 -7.075265e-09
7.915214e-07 -2.155966e+02  6.374227e+01 -2.389454e+01  6.348550e+00 -2.924815e-04  1.061275e-04 -7.118845e-09
3.316517e-06 -2.155840e+02  6.373857e+01 -2.389315e+01  6.348182e+00 -1.229586e-03  4.461364e-04 -7.924741e-09
1.004733e-05 -2.155507e+02  6.372870e+01 -2.388946e+01  6.347199e+00 -3.727336e-03  1.352393e-03 -1.503265e-08
2.477810e-05 -2.154777e+02  6.370711e+01 -2.388136e+01  6.345049e+00 -9.192453e-03  3.335298e-03 -5.575260e-08
5.299135e-05 -2.153379e+02  6.366577e+01 -2.386587e+01  6.340932e+00 -1.965440e-02  7.131199e-03 -2.301428e-07
1.020609e-04 -2.150950e+02  6.359393e+01 -2.383894e+01  6.333776e+00 -3.783405e-02  1.372731e-02 -8.349669e-07
1.813877e-04 -2.147029e+02  6.347793e+01 -2.379545e+01  6.322222e+00 -6.718025e-02  2.437496e-02 -2.621590e-06
3.024627e-04 -2.141059e+02  6.330121e+01 -2.372919e+01  6.304618e+00 -1.118676e-01  4.058884e-02 -7.271666e-06
4.788527e-04 -2.132391e+02  6.304443e+01 -2.363292e+01  6.279038e+00 -1.767485e-01  6.412948e-02 -1.819306e-05
7.261078e-04 -2.120300e+02  6.268589e+01 -2.349847e+01  6.243314e+00 -2.672525e-01  9.696685e-02 -4.174617e-05
1.061591e-03 -2.104006e+02  6.220198e+01 -2.331698e+01  6.195091e+00 -3.892282e-01  1.412228e-01 -8.900053e-05
1.504231e-03 -2.082701e+02  6.156802e+01 -2.307916e+01  6.131901e+00 -5.487243e-01  1.990917e-01 -1.780865e-04
2.074209e-03 -2.055588e+02  6.075920e+01 -2.277566e+01  6.051254e+00 -7.517113e-01  2.727389e-01 -3.371433e-04
2.792580e-03 -2.021924e+02  5.975173e+01 -2.239749e+01  5.950762e+00 -1.003750e+00  3.641803e-01 -6.077708e-04
3.680838e-03 -1.981069e+02  5.852417e+01 -2.193651e+01  5.828257e+00 -1.309621e+00  4.751471e-01 -1.048776e-03
4.760448e-03 -1.932536e+02  5.705883e+01 -2.138594e+01  5.681936e+00 -1.672935e+00  6.069431e-01 -1.739878e-03
6.052333e-03 -1.876041e+02  5.534312e+01 -2.074090e+01  5.510493e+00 -2.095751e+00  7.603048e-01 -2.784907e-03
7.576358e-03 -1.811542e+02  5.337084e+01 -1.999885e+01  5.313250e+00 -2.578236e+00  9.352755e-01 -4.313960e-03
9.350803e-03 -1.739273e+02  5.114323e+01 -1.916002e+01  5.090260e+00 -3.118400e+00  1.131106e+00 -6.483929e-03
1.139185e-02 -1.659755e+02  4.866965e+01 -1.822769e+01  4.842384e+00 -3.711945e+00  1.346197e+00 -9.476878e-03
1.371307e-02 -1.573797e+02  4.596788e+01 -1.720826e+01  4.571317e+00 -4.352248e+00  1.578089e+00 -1.349588e-02
1.632504e-02 -1.482466e+02  4.306382e+01 -1.611123e+01  4.279577e+00 -5.030500e+00  1.823508e+00 -1.875818e-02
1.923484e-02 -1.387047e+02  3.999079e+01 -1.494892e+01  3.970429e+00 -5.736005e+00  2.078471e+00 -2.548580e-02
2.244580e-02 -1.288978e+02  3.678817e+01 -1.373600e+01  3.647771e+00 -6.456618e+00  2.338448e+00 -3.389409e-02
2.595722e-02 -1.189779e+02  3.349983e+01 -1.248892e+01  3.315973e+00 -7.179302e+00  2.598555e+00 -4.417903e-02
2.976415e-02 -1.090976e+02  3.017206e+01 -1.122518e+01  2.979686e+00 -7.890746e+00  2.853793e+00 -5.650416e-02
3.385735e-02 -9.940219e+01  2.685160e+01 -9.962530e+00  2.643638e+00 -8.578015e+00  3.099277e+00 -7.098852e-02
3.822326e-02 -9.002337e+01  2.358351e+01 -8.718250e+00  2.312432e+00 -9.229156e+00  3.330475e+00 -8.769649e-02
4.284407e-02 -8.107370e+01  2.040938e+01 -7.508415e+00  1.990355e+00 -9.833729e+00  3.543404e+00 -1.066305e-01
4.769797e-02 -7.264326e+01  1.736582e+01 -6.347314e+00  1.681221e+00 -1.038322e+01  3.734796e+00 -1.277276e-01
5.275935e-02 -6.479803e+01  1.448330e+01 -5.247001e+00  1.388255e+00 -1.087132e+01  3.902210e+00 -1.508596e-01
5.799924e-02 -5.757990e+01  1.178557e+01 -4.217007e+00  1.114009e+00 -1.129402e+01  4.044083e+00 -1.758373e-01
6.338567e-02 -5.100830e+01  9.289384e+00 -3.264219e+00  8.603335e-01 -1.164962e+01  4.159737e+00 -2.024180e-01
6.888423e-02 -4.508286e+01  7.004684e+00 -2.392911e+00  6.283814e-01 -1.193856e+01  4.249328e+00 -2.303162e-01
7.445863e-02 -3.978675e+01  4.935137e+00 -1.604902e+00  4.186506e-01 -1.216318e+01  4.313760e+00 -2.592149e-01
8.007127e-02 -3.509034e+01  3.078865e+00 -8.998178e-01  2.310519e-01 -1.232737e+01  4.354568e+00 -2.887792e-01
8.568391e-02 -3.095483e+01  1.429362e+00 -2.754138e-01  6.499527e-02 -1.243624e+01  4.373780e+00 -3.186686e-01
9.125831e-02 -2.733559e+01 -2.353798e-02  2.720583e-01 -8.051377e-02 -1.249575e+01  4.373783e+00 -3.485489e-01
9.675688e-02 -2.418502e+01 -1.292684e+00  7.474830e-01 -2.067758e-01 -1.251236e+01  4.357184e+00 -3.781026e-01
1.021433e-01 -2.145493e+01 -2.392706e+00  1.156526e+00 -3.153029e-01 -1.249271e+01  4.326687e+00 -4.070372e-01
1.073832e-01 -1.909831e+01 -3.339204e+00  1.505314e+00 -4.077324e-01 -1.244336e+01  4.284982e+00 -4.350916e-01
1.124446e-01 -1.707064e+01 -4.148073e+00  1.800154e+00 -4.857527e-01 -1.237061e+01  4.234659e+00 -4.620400e-01
1.172985e-01 -1.533069e+01 -4.834955e+00  2.047311e+00 -5.510416e-01 -1.228028e+01  4.178141e+00 -4.876947e-01
1.219193e-01 -1.384101e+01 -5.414827e+00  2.252825e+00 -6.052183e-01 -1.217767e+01  4.117632e+00 -5.119062e-01
1.262852e-01 -1.256808e+01 -5.901704e+00  2.422379e+00 -6.498077e-01 -1.206745e+01  4.055088e+00 -5.345625e-01
1.303784e-01 -1.148223e+01 -6.308456e+00  2.561214e+00 -6.862162e-01 -1.195364e+01  3.992199e+00 -5.555875e-01
1.341853e-01 -1.055751e+01 -6.646706e+00  2.674077e+00 -7.157173e-01 -1.183964e+01  3.930387e+00 -5.749374e-01
1.376967e-01 -9.771377e+00 -6.926797e+00  2.765192e+00 -7.394454e-01 -1.172822e+01  3.870811e+00 -5.925984e-01
1.409077e-01 -9.104342e+00 -7.157819e+00  2.838269e+00 -7.583959e-01 -1.162157e+01  3.814382e+00 -6.085829e-01
1.438175e-01 -8.539656e+00 -7.347668e+00  2.896518e+00 -7.734296e-01 -1.152134e+01  3.761779e+00 -6.229258e-01
1.464295e-01 -8.062942e+00 -7.503129e+00  2.942681e+00 -7.852813e-01 -1.142872e+01  3.713471e+00 -6.356814e-01
1.487507e-01 -7.661880e+00 -7.629986e+00  2.979071e+00 -7.945700e-01 -1.134447e+01  3.669744e+00 -6.469199e-01
1.507917e-01 -7.325898e+00 -7.733123e+00  3.007616e+00 -8.018111e-01 -1.126899e+01  3.630720e+00 -6.567245e-01
1.525662e-01 -7.045907e+00 -7.816641e+00  3.029905e+00 -8.074280e-01 -1.120238e+01  3.596385e+00 -6.651885e-01
1.540902e-01 -6.814067e+00 -7.883960e+00  3.047233e+00 -8.117650e-01 -1.114448e+01  3.566611e+00 -6.724130e-01
1.553821e-01 -6.623581e+00 -7.937925e+00  3.060645e+00 -8.150988e-01 -1.109492e+01  3.541176e+00 -6.785040e-01
1.564617e-01 -6.468522e+00 -7.980895e+00  3.070977e+00 -8.176494e-01 -1.105319e+01  3.519789e+00 -6.835707e-01
1.573500e-01 -6.343697e+00 -8.014826e+00  3.078891e+00 -8.195906e-01 -1.101865e+01  3.502107e+00 -6.877232e-01
1.580683e-01 -6.244527e+00 -8.041345e+00  3.084910e+00 -8.210583e-01 -1.099058e+01  3.487752e+00 -6.910709e-01
1.586383e-01 -6.166956e+00 -8.061807e+00  3.089448e+00 -8.221588e-01 -1.096822e+01  3.476329e+00 -6.937201e-01
1.590810e-01 -6.107386e+00 -8.077347e+00  3.092827e+00 -8.229746e-01 -1.095081e+01  3.467437e+00 -6.957733e-01
1.594164e-01 -6.062625e+00 -8.088924e+00  3.095305e+00 -8.235706e-01 -1.093759e+01  3.460686e+00 -6.973270e-01
1.596637e-01 -6.029848e+00 -8.097346e+00  3.097086e+00 -8.239976e-01 -1.092783e+01  3.455704e+00 -6.984707e-01
1.598401e-01 -6.006574e+00 -8.103296e+00  3.098332e+00 -8.242959e-01 -1.092086e+01  3.452147e+00 -6.992859e-01
1.599612e-01 -5.990651e+00 -8.107354e+00  3.099177e+00 -8.244976e-01 -1.091607e+01  3.449704e+00 -6.998452e-01
1.600405e-01 -5.980242e+00 -8.110000e+00  3.099725e+00 -8.246285e-01 -1.091293e+01  3.448102e+00 -7.002114e-01
1.600896e-01 -5.973812e+00 -8.111632e+00  3.100062e+00 -8.247089e-01 -1.091099e+01  3.447111e+00 -7.004379e-01
1.601178e-01 -5.970118e+00 -8.112569e+00  3.100255e+00 -8.247549e-01 -1.090987e+01  3.446541e+00 -7.005681e-01
1.601325e-01 -5.968191e+00 -8.113057e+00  3.100356e+00 -8.247789e-01 -1.090929e+01  3.446244e+00 -7.006361e-01
1.601392e-01 -5.967310e+00 -8.113280e+00  3.100402e+00 -8.247898e-01 -1.090902e+01  3.446108e+00 -7.006672e-01
1.601418e-01 -5.966980e+00 -8.113364e+00  3.100419e+00 -8.247939e-01 -1.090892e+01  3.446057e+00 -7.006788e-01
1.601424e-01 -5.966890e+00 -8.113387e+00  3.100424e+00 -8.247950e-01 -1.090889e+01  3.446043e+00 -7.006820e-01
1.601425e-01 -5.966877e+00 -8.113390e+00  3.100425e+00 -8.247952e-01 -1.090889e+01  3.446041e+00 -7.006825e-01
1.601426e-01 -5.966874e+00 -8.113391e+00  3.100425e+00 -8.247952e-01 -1.090889e+01  3.446041e+00 -7.006825e-01
1.601430e-01 -5.966820e+00 -8.113404e+00  3.100427e+00 -8.247959e-01 -1.090887e+01  3.446032e+00 -7.006844e-01
1.601458e-01 -5.966455e+00 -8.113497e+00  3.100447e+00 -8.248004e-01 -1.090876e+01  3.445976e+00 -7.006973e-01
1.601560e-01 -5.965112e+00 -8.113837e+00  3.100517e+00 -8.248171e-01 -1.090836e+01  3.445768e+00 -7.007447e-01
1.601834e-01 -5.961533e+00 -8.114743e+00  3.100703e+00 -8.248615e-01 -1.090727e+01  3.445215e+00 -7.008710e-01
1.602433e-01 -5.953707e+00 -8.116723e+00  3.101109e+00 -8.249582e-01 -1.090490e+01  3.444005e+00 -7.011474e-01
1.603581e-01 -5.938747e+00 -8.120499e+00  3.101881e+00 -8.251417e-01 -1.090035e+01  3.441685e+00 -7.016766e-01
1.605577e-01 -5.912820e+00 -8.127019e+00  3.103203e+00 -8.254555e-01 -1.089243e+01  3.437648e+00 -7.025964e-01
1.608803e-01 -5.871146e+00 -8.137433e+00  3.105289e+00 -8.259490e-01 -1.087961e+01  3.431114e+00 -7.040818e-01
1.613728e-01 -5.808111e+00 -8.153030e+00  3.108349e+00 -8.266689e-01 -1.086001e+01  3.421126e+00 -7.063451e-01
1.620903e-01 -5.717498e+00 -8.175111e+00  3.112543e+00 -8.276468e-01 -1.083137e+01  3.406538e+00 -7.096341e-01
1.630960e-01 -5.592878e+00 -8.204803e+00  3.117901e+00 -8.288778e-01 -1.079106e+01  3.386023e+00 -7.142279e-01
1.644606e-01 -5.428161e+00 -8.242786e+00  3.124219e+00 -8.302924e-01 -1.073606e+01  3.358067e+00 -7.204299e-01
1.662611e-01 -5.218297e+00 -8.288952e+00  3.130920e+00 -8.317203e-01 -1.066302e+01  3.320980e+00 -7.285577e-01
1.685795e-01 -4.960069e+00 -8.342015e+00  3.136908e+00 -8.328501e-01 -1.056821e+01  3.272917e+00 -7.389305e-01
1.715015e-01 -4.652890e+00 -8.399123e+00  3.140409e+00 -8.331882e-01 -1.044764e+01  3.211900e+00 -7.518528e-01
1.751145e-01 -4.299455e+00 -8.455541e+00  3.138853e+00 -8.320275e-01 -1.029714e+01  3.135873e+00 -7.675957e-01
1.795059e-01 -3.906114e+00 -8.504481e+00  3.128820e+00 -8.284325e-01 -1.011250e+01  3.042781e+00 -7.863753e-01
1.847607e-01 -3.482799e+00 -8.537194e+00  3.106088e+00 -8.212538e-01 -9.889755e+00  2.930671e+00 -8.083299e-01
1.909597e-01 -3.042441e+00 -8.543359e+00  3.065814e+00 -8.091784e-01 -9.625450e+00  2.797845e+00 -8.334967e-01
1.981774e-01 -2.599872e+00 -8.511824e+00  3.002872e+00 -7.908207e-01 -9.317042e+00  2.643036e+00 -8.617906e-01
2.064794e-01 -2.170360e+00 -8.431639e+00  2.912317e+00 -7.648494e-01 -8.963301e+00  2.465593e+00 -8.929870e-01
2.159211e-01 -1.767999e+00 -8.293269e+00  2.789937e+00 -7.301392e-01 -8.564695e+00  2.265680e+00 -9.267113e-01
2.265454e-01 -1.404256e+00 -8.089811e+00  2.632825e+00 -6.859258e-01 -8.123685e+00  2.044422e+00 -9.624380e-01
2.383811e-01 -1.086937e+00 -7.818024e+00  2.439872e+00 -6.319427e-01 -7.644858e+00  1.804002e+00 -9.995016e-01
2.514418e-01 -8.197551e-01 -7.478957e+00  2.212101e+00 -5.685124e-01 -7.134861e+00  1.547653e+00 -1.037119e+00
2.657247e-01 -6.025140e-01 -7.078074e+00  1.952769e+00 -4.965766e-01 -6.602108e+00  1.279563e+00 -1.074423e+00
2.812096e-01 -4.318130e-01 -6.624839e+00  1.667220e+00 -4.176562e-01 -6.056286e+00  1.004662e+00 -1.110509e+00
2.978589e-01 -3.020473e-01 -6.131820e+00  1.362494e+00 -3.337446e-01 -5.507716e+00  7.283402e-01 -1.144482e+00
3.156174e-01 -2.064774e-01 -5.613489e+00  1.046753e+00 -2.471501e-01 -4.966657e+00  4.561069e-01 -1.175509e+00
3.344127e-01 -1.381695e-01 -5.084892e+00  7.286171e-01 -1.603100e-01 -4.442641e+00  1.932444e-01 -1.202866e+00
3.541562e-01 -9.068966e-02 -4.560403e+00  4.164873e-01 -7.560095e-02 -3.943919e+00 -5.550918e-02 -1.225979e+00
3.747436e-01 -5.851844e-02 -4.052709e+00  1.179517e-01  4.829265e-03 -3.477067e+00 -2.862148e-01 -1.244453e+00
3.960570e-01 -3.721366e-02 -3.572115e+00 -1.606682e-01  7.919254e-02 -3.046789e+00 -4.959010e-01 -1.258081e+00
4.179666e-01 -2.338706e-02 -3.126206e+00 -4.145966e-01  1.461426e-01 -2.655897e+00 -6.826394e-01 -1.266846e+00
4.403322e-01 -1.456884e-02 -2.719823e+00 -6.407046e-01  2.048073e-01 -2.305448e+00 -8.455299e-01 -1.270904e+00
4.630064e-01 -9.025848e-03 -2.355295e+00 -8.374543e-01  2.547755e-01 -1.994988e+00 -9.846110e-01 -1.270559e+00
4.858360e-01 -5.580156e-03 -2.032835e+00 -1.004723e+00  2.960495e-01 -1.722868e+00 -1.100717e+00 -1.266229e+00
5.086657e-01 -3.453470e-03 -1.751011e+00 -1.143551e+00  3.289742e-01 -1.486570e+00 -1.195306e+00 -1.258412e+00
5.313398e-01 -2.144997e-03 -1.507233e+00 -1.255859e+00  3.541551e-01 -1.283026e+00 -1.270277e+00 -1.247656e+00
5.537055e-01 -1.340280e-03 -1.298187e+00 -1.344162e+00  3.723766e-01 -1.108888e+00 -1.327802e+00 -1.234523e+00
5.756150e-01 -8.452927e-04 -1.120208e+00 -1.411316e+00  3.845256e-01 -9.607465e-01 -1.370176e+00 -1.219573e+00
5.969285e-01 -5.407782e-04 -9.695541e-01 -1.460302e+00  3.915276e-01 -8.352972e-01 -1.399693e+00 -1.203337e+00
6.175159e-01 -3.527526e-04 -8.426123e-01 -1.494060e+00  3.942951e-01 -7.294473e-01 -1.418553e+00 -1.186306e+00
6.372593e-01 -2.350402e-04 -7.360242e-01 -1.515364e+00  3.936900e-01 -6.403813e-01 -1.428796e+00 -1.168922e+00
6.560547e-01 -1.594086e-04 -6.467581e-01 -1.526745e+00  3.904981e-01 -5.655916e-01 -1.432260e+00 -1.151567e+00
6.738132e-01 -1.094824e-04 -5.721372e-01 -1.530445e+00  3.854144e-01 -5.028828e-01 -1.430560e+00 -1.134566e+00
6.904625e-01 -7.623012e-05 -5.098394e-01 -1.528400e+00  3.790373e-01 -4.503595e-01 -1.425083e+00 -1.118185e+00
7.059474e-01 -5.447094e-05 -4.578774e-01 -1.522243e+00  3.718684e-01 -4.064030e-01 -1.416994e+00 -1.102631e+00
7.202302e-01 -4.062888e-05 -4.145680e-01 -1.513324e+00  3.643179e-01 -3.696428e-01 -1.407250e+00 -1.088063e+00
7.332910e-01 -3.180391e-05 -3.784973e-01 -1.502728e+00  3.567116e-01 -3.389260e-01 -1.396622e+00 -1.074590e+00
7.451267e-01 -2.573226e-05 -3.484840e-01 -1.491312e+00  3.493006e-01 -3.132868e-01 -1.385711e+00 -1.062280e+00
7.557510e-01 -2.098730e-05 -3.235444e-01 -1.479734e+00  3.422706e-01 -2.919190e-01 -1.374978e+00 -1.051166e+00
7.651927e-01 -1.697434e-05 -3.028611e-01 -1.468480e+00  3.357516e-01 -2.741495e-01 -1.364758e+00 -1.041249e+00
7.734947e-01 -1.364955e-05 -2.857549e-01 -1.457894e+00  3.298268e-01 -2.594165e-01 -1.355283e+00 -1.032505e+00
7.807123e-01 -1.114490e-05 -2.716598e-01 -1.448205e+00  3.245413e-01 -2.472501e-01 -1.346701e+00 -1.024890e+00
7.869114e-01 -9.501032e-06 -2.601032e-01 -1.439545e+00  3.199092e-01 -2.372552e-01 -1.339091e+00 -1.018342e+00
7.921662e-01 -8.586863e-06 -2.506880e-01 -1.431975e+00  3.159199e-01 -2.290987e-01 -1.332477e+00 -1.012788e+00
7.965576e-01 -8.159354e-06 -2.430787e-01 -1.425495e+00  3.125446e-01 -2.224971e-01 -1.326840e+00 -1.008145e+00
8.001706e-01 -7.967977e-06 -2.369895e-01 -1.420064e+00  3.097406e-01 -2.172079e-01 -1.322131e+00 -1.004325e+00
8.030926e-01 -7.830729e-06 -2.321754e-01 -1.415607e+00  3.074559e-01 -2.130222e-01 -1.318278e+00 -1.001236e+00
8.054110e-01 -7.657176e-06 -2.284247e-01 -1.412031e+00  3.056326e-01 -2.097584e-01 -1.315192e+00 -9.987845e-01
8.072115e-01 -7.430846e-06 -2.255533e-01 -1.409231e+00  3.042105e-01 -2.072581e-01 -1.312779e+00 -9.968811e-01
8.085761e-01 -7.175727e-06 -2.234008e-01 -1.407096e+00  3.031291e-01 -2.053830e-01 -1.310941e+00 -9.954386e-01
8.095818e-01 -6.926377e-06 -2.218274e-01 -1.405514e+00  3.023302e-01 -2.040118e-01 -1.309580e+00 -9.943755e-01
8.102992e-01 -6.710056e-06 -2.207117e-01 -1.404382e+00  3.017593e-01 -2.030392e-01 -1.308607e+00 -9.936172e-01
8.107917e-01 -6.540533e-06 -2.199491e-01 -1.403604e+00  3.013669e-01 -2.023743e-01 -1.307938e+00 -9.930967e-01
8.111144e-01 -6.419361e-06 -2.194508e-01 -1.403093e+00  3.011097e-01 -2.019398e-01 -1.307499e+00 -9.927557e-01
8.113140e-01 -6.340178e-06 -2.191432e-01 -1.402776e+00  3.009504e-01 -2.016716e-01 -1.307228e+00 -9.925448e-01
8.114287e-01 -6.293137e-06 -2.189665e-01 -1.402594e+00  3.008589e-01 -2.015175e-01 -1.307071e+00 -9.924235e-01
8.114887e-01 -6.268129e-06 -2.188743e-01 -1.402499e+00  3.008110e-01 -2.014371e-01 -1.306990e+00 -9.923602e-01
8.115160e-01 -6.256598e-06 -2.188322e-01 -1.402456e+00  3.007892e-01 -2.014003e-01 -1.306952e+00 -9.923312e-01
8.115263e-01 -6.252256e-06 -2.188164e-01 -1.402440e+00  3.007810e-01 -2.013865e-01 -1.306938e+00 -9.923204e-01
8.115291e-01 -6.251073e-06 -2.188121e-01 -1.402435e+00  3.007788e-01 -2.013828e-01 -1.306934e+00 -9.923174e-01
8.115295e-01 -6.250899e-06 -2.188115e-01 -1.402435e+00  3.007784e-01 -2.013822e-01 -1.306934e+00 -9.923170e-01
8.115296e-01 -6.250888e-06 -2.188114e-01 -1.402434e+00  3.007784e-01 -2.013822e-01 -1.306934e+00 -9.923169e-01
8.115308e-01 -6.250726e-06 -2.188094e-01 -1.402432e+00  3.007774e-01 -2.013805e-01 -1.306932e+00 -9.923156e-01
8.115394e-01 -6.249628e-06 -2.187963e-01 -1.402419e+00  3.007705e-01 -2.013690e-01 -1.306920e+00 -9.923066e-01
8.115709e-01 -6.245593e-06 -2.187479e-01 -1.402369e+00  3.007454e-01 -2.013268e-01 -1.306878e+00 -9.922733e-01
8.116547e-01 -6.234849e-06 -2.186190e-01 -1.402236e+00  3.006785e-01 -2.012144e-01 -1.306763e+00 -9.921847e-01
8.118383e-01 -6.211400e-06 -2.183371e-01 -1.401944e+00  3.005319e-01 -2.009685e-01 -1.306513e+00 -9.919907e-01
8.121899e-01 -6.166726e-06 -2.177981e-01 -1.401385e+00  3.002510e-01 -2.004984e-01 -1.306033e+00 -9.916191e-01
8.128014e-01 -6.089772e-06 -2.168639e-01 -1.400411e+00  2.997620e-01 -1.996834e-01 -1.305197e+00 -9.909730e-01
8.137899e-01 -5.967337e-06 -2.153621e-01 -1.398832e+00  2.989702e-01 -1.983729e-01 -1.303843e+00 -9.899284e-01
8.152987e-01 -5.785071e-06 -2.130897e-01 -1.396411e+00  2.977590e-01 -1.963891e-01 -1.301767e+00 -9.883344e-01
8.174968e-01 -5.529203e-06 -2.098215e-01 -1.392861e+00  2.959885e-01 -1.935345e-01 -1.298728e+00 -9.860126e-01
8.205780e-01 -5.189029e-06 -2.053237e-01 -1.387840e+00  2.934950e-01 -1.896025e-01 -1.294434e+00 -9.827592e-01
8.247587e-01 -4.759975e-06 -1.993731e-01 -1.380947e+00  2.900911e-01 -1.843946e-01 -1.288551e+00 -9.783473e-01
8.302747e-01 -4.246666e-06 -1.917825e-01 -1.371716e+00  2.855657e-01 -1.777409e-01 -1.280692e+00 -9.725313e-01
8.373776e-01 -3.665128e-06 -1.824285e-01 -1.359616e+00  2.796855e-01 -1.695248e-01 -1.270419e+00 -9.650525e-01
8.463297e-01 -3.043004e-06 -1.712807e-01 -1.344055e+00  2.721986e-01 -1.597076e-01 -1.257247e+00 -9.556465e-01
8.573988e-01 -2.416903e-06 -1.584265e-01 -1.324384e+00  2.628408e-01 -1.483499e-01 -1.240651e+00 -9.440531e-01
8.708525e-01 -1.826710e-06 -1.440855e-01 -1.299930e+00  2.513467e-01 -1.356263e-01 -1.220083e+00 -9.300278e-01
8.869516e-01 -1.307932e-06 -1.286096e-01 -1.270027e+00  2.374653e-01 -1.218259e-01 -1.195003e+00 -9.133563e-01
9.059434e-01 -8.843425e-07 -1.124639e-01 -1.234079e+00  2.209823e-01 -1.073394e-01 -1.164919e+00 -8.938708e-01
9.280559e-01 -5.636551e-07 -9.618895e-02 -1.191628e+00  2.017464e-01 -9.262891e-02 -1.129439e+00 -8.714668e-01
9.534907e-01 -3.380988e-07 -8.034833e-02 -1.142432e+00  1.796980e-01 -7.818547e-02 -1.088331e+00 -8.461205e-01
9.824170e-01 -1.896519e-07 -6.546931e-02 -1.086547e+00  1.548969e-01 -6.447925e-02 -1.041581e+00 -8.179019e-01
1.014966e+00 -9.739964e-08 -5.198755e-02 -1.024378e+00  1.275427e-01 -5.191191e-02 -9.894345e-01 -7.869846e-01
1.051227e+00 -4.347927e-08 -4.020609e-02 -9.567045e-01  9.798464e-02 -4.077905e-02 -9.324238e-01 -7.536472e-01
1.091241e+00 -1.524045e-08 -3.027598e-02 -8.846648e-01  6.671544e-02 -3.124952e-02 -8.713603e-01 -7.182657e-01
1.134999e+00 -3.907387e-09 -2.220061e-02 -8.096880e-01  3.434870e-02 -2.336424e-02 -8.072956e-01 -6.812984e-01
1.182440e+00 -2.241948e-09 -1.586021e-02 -7.333929e-01  1.581516e-03 -1.705238e-02 -7.414545e-01 -6.432617e-01
1.233448e+00 -3.744469e-09 -1.104894e-02 -6.574614e-01 -3.085349e-02 -1.215981e-02 -6.751465e-01 -6.047023e-01
1.287854e+00 -3.862039e-09 -7.515630e-03 -5.835062e-01 -6.224003e-02 -8.482375e-03 -6.096713e-01 -5.661664e-01
1.345437e+00 -1.444054e-09 -5.000056e-03 -5.129548e-01 -9.192704e-02 -5.797607e-03 -5.462290e-01 -5.281724e-01
1.405925e+00  1.616606e-09 -3.260123e-03 -4.469623e-01 -1.193686e-01 -3.890022e-03 -4.858484e-01 -4.911868e-01
1.468998e+00  2.766247e-09 -2.088136e-03 -3.863622e-01 -1.441507e-01 -2.567923e-03 -4.293386e-01 -4.556074e-01
1.534295e+00  1.299963e-09 -1.317274e-03 -3.316560e-01 -1.660037e-01 -1.671863e-03 -3.772679e-01 -4.217534e-01
1.601419e+00 -1.121609e-09 -8.207652e-04 -2.830350e-01 -1.848008e-01 -1.076381e-03 -3.299661e-01 -3.898620e-01
1.669940e+00 -2.195921e-09 -5.066849e-04 -2.404257e-01 -2.005455e-01 -6.872652e-04 -2.875465e-01 -3.600910e-01
1.739407e+00 -1.127853e-09 -3.109591e-04 -2.035482e-01 -2.133506e-01 -4.365137e-04 -2.499401e-01 -3.325255e-01
1.809349e+00  8.323849e-10 -1.903866e-04 -1.719778e-01 -2.234137e-01 -2.766585e-04 -2.169367e-01 -3.071879e-01
1.879292e+00  1.784636e-09 -1.166687e-04 -1.452022e-01 -2.309916e-01 -1.755049e-04 -1.882264e-01 -2.840486e-01
1.948758e+00  9.900809e-10 -7.175388e-05 -1.226707e-01 -2.363764e-01 -1.117583e-04 -1.634372e-01 -2.630378e-01
2.017280e+00 -6.156717e-10 -4.440169e-05 -1.038314e-01 -2.398746e-01 -7.163387e-05 -1.421677e-01 -2.440563e-01
2.084403e+00 -1.492800e-09 -2.773712e-05 -8.815870e-02 -2.417911e-01 -4.635424e-05 -1.240119e-01 -2.269850e-01
2.149701e+00 -9.500654e-10 -1.757766e-05 -7.517009e-02 -2.424161e-01 -3.038254e-05 -1.085780e-01 -2.116933e-01
2.212774e+00  3.733403e-10 -1.135964e-05 -6.443509e-02 -2.420177e-01 -2.023501e-05 -9.550028e-02 -1.980455e-01
2.273262e+00  1.256257e-09 -7.501867e-06 -5.557829e-02 -2.408360e-01 -1.372246e-05 -8.444640e-02 -1.859059e-01
2.330845e+00  1.012352e-09 -5.046030e-06 -4.827806e-02 -2.390814e-01 -9.480071e-06 -7.512034e-02 -1.751425e-01
2.385251e+00 -3.335205e-11 -3.438895e-06 -4.226277e-02 -2.369339e-01 -6.670790e-06 -6.726271e-02 -1.656293e-01
2.436259e+00 -9.717371e-10 -2.376347e-06 -3.730555e-02 -2.345443e-01 -4.787500e-06 -6.064915e-02 -1.572479e-01
2.483700e+00 -1.109714e-09 -1.685474e-06 -3.321856e-02 -2.320363e-01 -3.518025e-06 -5.508746e-02 -1.498884e-01
2.527458e+00 -4.423438e-10 -1.248946e-06 -2.984730e-02 -2.295087e-01 -2.659255e-06 -5.041436e-02 -1.434493e-01
2.567472e+00  4.771165e-10 -9.729052e-07 -2.706527e-02 -2.270385e-01 -2.070921e-06 -4.649184e-02 -1.378378e-01
2.603732e+00  1.024668e-09 -7.844408e-07 -2.476919e-02 -2.246835e-01 -1.655546e-06 -4.320376e-02 -1.329690e-01
2.636282e+00  9.198612e-10 -6.376030e-07 -2.287487e-02 -2.224853e-01 -1.349829e-06 -4.045256e-02 -1.287655e-01
2.665208e+00  3.150661e-10 -5.132285e-07 -2.131363e-02 -2.204715e-01 -1.117301e-06 -3.815632e-02 -1.251571e-01
2.690643e+00 -3.987773e-10 -4.099792e-07 -2.002935e-02 -2.186582e-01 -9.392237e-07 -3.624619e-02 -1.220793e-01
2.712755e+00 -8.637661e-10 -3.322773e-07 -1.897604e-02 -2.170521e-01 -8.055413e-07 -3.466418e-02 -1.194735e-01
2.731747e+00 -9.237803e-10 -2.816424e-07 -1.811583e-02 -2.156524e-01 -7.085644e-07 -3.336119e-02 -1.172860e-01
2.747846e+00 -6.358127e-10 -2.540329e-07 -1.741735e-02 -2.144522e-01 -6.403412e-07 -3.229548e-02 -1.154673e-01
2.761300e+00 -1.766257e-10 -2.417400e-07 -1.685440e-02 -2.134402e-01 -5.927691e-07 -3.143129e-02 -1.139721e-01
2.772369e+00  2.693346e-10 -2.367608e-07 -1.640494e-02 -2.126016e-01 -5.587487e-07 -3.073781e-02 -1.127583e-01
2.781321e+00  5.818378e-10 -2.332717e-07 -1.605025e-02 -2.119198e-01 -5.330755e-07 -3.018829e-02 -1.117875e-01
2.788424e+00  7.224964e-10 -2.283916e-07 -1.577431e-02 -2.113765e-01 -5.125895e-07 -2.975934e-02 -1.110239e-01
2.793940e+00  7.147989e-10 -2.216241e-07 -1.556331e-02 -2.109533e-01 -4.957344e-07 -2.943048e-02 -1.104350e-01
2.798121e+00  6.114153e-10 -2.137786e-07 -1.540528e-02 -2.106317e-01 -4.819029e-07 -2.918368e-02 -1.099911e-01
2.801202e+00  4.667411e-10 -2.060038e-07 -1.528984e-02 -2.103943e-01 -4.708723e-07 -2.900313e-02 -1.096652e-01
2.803400e+00  3.216680e-10 -1.992084e-07 -1.520802e-02 -2.102248e-01 -4.624589e-07 -2.887501e-02 -1.094333e-01
2.804909e+00  1.995183e-10 -1.938603e-07 -1.515211e-02 -2.101083e-01 -4.563797e-07 -2.878740e-02 -1.092745e-01
2.805897e+00  1.087481e-10 -1.900280e-07 -1.511559e-02 -2.100319e-01 -4.522489e-07 -2.873015e-02 -1.091706e-01
2.806509e+00  4.813171e-11 -1.875200e-07 -1.509305e-02 -2.099846e-01 -4.496313e-07 -2.869479e-02 -1.091064e-01
2.806861e+00  1.168576e-11 -1.860289e-07 -1.508010e-02 -2.099575e-01 -4.481040e-07 -2.867448e-02 -1.090695e-01
2.807044e+00 -7.814054e-12 -1.852357e-07 -1.507335e-02 -2.099433e-01 -4.472998e-07 -2.866388e-02 -1.090502e-01
2.807128e+00 -1.683243e-11 -1.848700e-07 -1.507026e-02 -2.099368e-01 -4.469309e-07 -2.865904e-02 -1.090414e-01
2.807159e+00 -2.023321e-11 -1.847322e-07 -1.506910e-02 -2.099343e-01 -4.467922e-07 -2.865722e-02 -1.090381e-01
2.807168e+00 -2.115997e-11 -1.846947e-07 -1.506879e-02 -2.099337e-01 -4.467545e-07 -2.865673e-02 -1.090372e-01
2.807169e+00 -2.129682e-11 -1.846892e-07 -1.506874e-02 -2.099336e-01 -4.467489e-07 -2.865666e-02 -1.090371e-01
2.807169e+00 -2.130121e-11 -1.846888e-07 -1.506873e-02 -2.099336e-01 -4.467483e-07 -2.865665e-02 -1.090371e-01
2.807174e+00 -2.129994e-11 -1.846833e-07 -1.506857e-02 -2.099332e-01 -4.467359e-07 -2.865639e-02 -1.090366e-01
2.807204e+00 -2.129134e-11 -1.846459e-07 -1.506747e-02 -2.099309e-01 -4.466518e-07 -2.865467e-02 -1.090335e-01
2.807313e+00 -2.125976e-11 -1.845086e-07 -1.506344e-02 -2.099224e-01 -4.463429e-07 -2.864833e-02 -1.090220e-01
2.807606e+00 -2.117574e-11 -1.841430e-07 -1.505268e-02 -2.098998e-01 -4.455204e-07 -2.863146e-02 -1.089913e-01
2.808246e+00 -2.099273e-11 -1.833454e-07 -1.502917e-02 -2.098503e-01 -4.437254e-07 -2.859455e-02 -1.089242e-01
2.809473e+00 -2.064551e-11 -1.818268e-07 -1.498424e-02 -2.097554e-01 -4.403070e-07 -2.852401e-02 -1.087957e-01
2.811606e+00 -2.005183e-11 -1.792141e-07 -1.490641e-02 -2.095902e-01 -4.344218e-07 -2.840174e-02 -1.085728e-01
2.815055e+00 -1.911901e-11 -1.750657e-07 -1.478146e-02 -2.093228e-01 -4.250678e-07 -2.820520e-02 -1.082134e-01
2.820318e+00 -1.775762e-11 -1.689101e-07 -1.459277e-02 -2.089139e-01 -4.111643e-07 -2.790786e-02 -1.076675e-01
2.827987e+00 -1.590331e-11 -1.603102e-07 -1.432219e-02 -2.083166e-01 -3.916917e-07 -2.748033e-02 -1.068778e-01
2.838736e+00 -1.354571e-11 -1.489563e-07 -1.395136e-02 -2.074760e-01 -3.658899e-07 -2.689216e-02 -1.057818e-01
2.853321e+00 -1.075888e-11 -1.347758e-07 -1.346358e-02 -2.063299e-01 -3.334996e-07 -2.611440e-02 -1.043151e-01
2.872564e+00 -7.722744e-12 -1.180384e-07 -1.284607e-02 -2.048085e-01 -2.949981e-07 -2.512286e-02 -1.024150e-01
2.897343e+00 -4.720311e-12 -9.941973e-08 -1.209261e-02 -2.028354e-01 -2.517565e-07 -2.390188e-02 -1.000257e-01
2.928573e+00 -2.096903e-12 -7.998243e-08 -1.120584e-02 -2.003291e-01 -2.060276e-07 -2.244800e-02 -9.710365e-02
2.967189e+00 -1.776880e-13 -6.104323e-08 -1.019907e-02 -1.972051e-01 -1.606970e-07 -2.077315e-02 -9.362292e-02
3.014123e+00  8.396483e-13 -4.393135e-08 -9.096827e-03 -1.933801e-01 -1.187953e-07 -1.890640e-02 -8.958025e-02
3.070287e+00  9.764481e-13 -2.969367e-08 -7.933851e-03 -1.887770e-01 -8.287350e-08 -1.689378e-02 -8.499852e-02
3.136542e+00  4.962518e-13 -1.884791e-08 -6.752239e-03 -1.833321e-01 -5.444074e-08 -1.479564e-02 -7.992830e-02
3.213683e+00 -1.762715e-13 -1.129231e-08 -5.597136e-03 -1.770024e-01 -3.369189e-08 -1.268165e-02 -7.444685e-02
3.302415e+00 -6.265557e-13 -6.426515e-09 -4.511561e-03 -1.697749e-01 -1.965865e-08 -1.062397e-02 -6.865445e-02
3.403327e+00 -6.354355e-13 -3.437775e-09 -3.531396e-03 -1.616730e-01 -1.072714e-08 -8.689780e-03 -6.266828e-02
3.516879e+00 -2.715387e-13 -1.612257e-09 -2.681562e-03 -1.527621e-01 -5.270841e-09 -6.934345e-03 -5.661451e-02
3.643378e+00  1.784547e-13 -5.134053e-10 -1.974141e-03 -1.431508e-01 -2.086729e-09 -5.396065e-03 -5.061968e-02
3.782971e+00  4.110460e-13  4.530373e-11 -1.408708e-03 -1.329873e-01 -4.590955e-10 -4.094210e-03 -4.480221e-02
3.935625e+00  3.096689e-13  1.661846e-10 -9.745553e-04 -1.224523e-01  6.900233e-11 -3.029589e-03 -3.926532e-02
4.101127e+00  7.483300e-15  1.472645e-11 -6.540593e-04 -1.117468e-01 -4.971835e-11 -2.187629e-03 -3.409188e-02
4.279073e+00 -2.359883e-13 -1.730004e-10 -4.263192e-04 -1.010786e-01 -3.193238e-10 -1.542959e-03 -2.934161e-02
4.468875e+00 -2.450623e-13 -2.097981e-10 -2.702984e-04 -9.064813e-02 -3.692421e-10 -1.064376e-03 -2.505066e-02
4.669759e+00 -5.484166e-14 -7.369866e-11 -1.670404e-04 -8.063515e-02 -1.336513e-10 -7.193066e-04 -2.123311e-02
4.880776e+00  1.437975e-13  1.016476e-10 -1.008593e-04 -7.118930e-02  1.709324e-10 -4.771603e-04 -1.788402e-02
5.100813e+00  1.825500e-13  1.619250e-10 -5.966137e-05 -6.242377e-02  2.801342e-10 -3.113989e-04 -1.498326e-02
5.328610e+00  5.519706e-14  7.098636e-11 -3.467389e-05 -5.441321e-02  1.268036e-10 -2.004222e-04 -1.249967e-02
5.562778e+00 -9.922803e-14 -6.954540e-11 -1.986139e-05 -4.719512e-02 -1.171734e-10 -1.275622e-04 -1.039504e-02
5.801821e+00 -1.387681e-13 -1.269910e-10 -1.125481e-05 -4.077401e-02 -2.208662e-10 -8.052237e-05 -8.627619e-03
6.044160e+00 -4.538429e-14 -6.088607e-11 -6.338619e-06 -3.512731e-02 -1.094655e-10 -5.056943e-05 -7.154894e-03
6.288163e+00  7.618694e-14  5.203722e-11 -3.565588e-06 -3.021197e-02  8.726688e-11 -3.169765e-05 -5.935762e-03
6.532165e+00  1.105109e-13  1.027452e-10 -2.010089e-06 -2.597107e-02  1.790859e-10 -1.989100e-05 -4.931963e-03
6.774505e+00  3.783450e-14  5.311839e-11 -1.135565e-06 -2.233973e-02  9.589470e-11 -1.253060e-05 -4.108945e-03
7.013547e+00 -6.136160e-14 -3.925875e-11 -6.418253e-07 -1.925001e-02 -6.513276e-11 -7.945734e-06 -3.436262e-03
7.247715e+00 -9.320737e-14 -8.609598e-11 -3.647335e-07 -1.663475e-02 -1.499027e-10 -5.087504e-06 -2.887622e-03
7.475513e+00 -3.664486e-14 -5.118807e-11 -2.126148e-07 -1.443019e-02 -9.227733e-11 -3.301841e-06 -2.440691e-03
7.695550e+00  4.805233e-14  2.543554e-11 -1.305423e-07 -1.257769e-02  4.082500e-11 -2.180222e-06 -2.076755e-03
7.906566e+00  8.346229e-14  7.331798e-11 -8.426014e-08 -1.102465e-02  1.268467e-10 -1.467349e-06 -1.780310e-03
8.107450e+00  4.391155e-14  5.558086e-11 -5.432431e-08 -9.724774e-03  9.925788e-11 -1.005749e-06 -1.538632e-03
8.297252e+00 -3.044745e-14 -6.121475e-12 -3.258872e-08 -8.637963e-03 -6.850602e-12 -7.009759e-07 -1.341348e-03
8.475199e+00 -7.604120e-14 -5.847593e-11 -1.758053e-08 -7.729921e-03 -9.954067e-11 -4.975919e-07 -1.180057e-03
8.640700e+00 -5.956465e-14 -6.297360e-11 -9.539413e-09 -6.971595e-03 -1.105269e-10 -3.621336e-07 -1.047977e-03
8.793354e+00  1.445767e-15 -2.174780e-11 -7.321187e-09 -6.338562e-03 -4.132882e-11 -2.723879e-07 -9.396468e-04
8.932947e+00  5.964722e-14  3.164950e-11 -8.093946e-09 -5.810405e-03  5.121526e-11 -2.122211e-07 -8.506785e-04
9.059447e+00  7.580048e-14  6.121064e-11 -8.832709e-09 -5.370120e-03  1.045208e-10 -1.700239e-07 -7.775443e-04
9.172998e+00  4.307031e-14  5.204784e-11 -7.845142e-09 -5.003573e-03  9.151666e-11 -1.384105e-07 -7.174069e-04
9.273910e+00 -1.498127e-14  1.457801e-11 -5.199488e-09 -4.699020e-03  2.879512e-11 -1.135987e-07 -6.679794e-04
9.362642e+00 -6.430213e-14 -2.755960e-11 -2.070438e-09 -4.446694e-03 -4.357525e-11 -9.415250e-08 -6.274125e-04
9.439784e+00 -8.104096e-14 -5.353016e-11  2.814145e-10 -4.238445e-03 -8.956194e-11 -7.958379e-08 -5.942037e-04
9.506039e+00 -6.102283e-14 -5.487568e-11  1.208590e-09 -4.067449e-03 -9.394722e-11 -6.938540e-08 -5.671247e-04
9.562202e+00 -1.656329e-14 -3.574432e-11  8.066927e-10 -3.927957e-03 -6.312166e-11 -6.269922e-08 -5.451645e-04
9.609136e+00  3.342010e-14 -7.100833e-12 -3.654141e-10 -3.815091e-03 -1.540632e-11 -5.844908e-08 -5.274834e-04
9.647752e+00  7.285539e-14  1.996571e-11 -1.670500e-09 -3.724686e-03  3.035879e-11 -5.562787e-08 -5.133781e-04
9.678982e+00  9.344546e-14  3.842040e-11 -2.659390e-09 -3.653155e-03  6.204354e-11 -5.350599e-08 -5.022542e-04
9.703762e+00  9.479223e-14  4.620376e-11 -3.153003e-09 -3.597386e-03  7.591843e-11 -5.168260e-08 -4.936042e-04
9.723005e+00  8.166129e-14  4.494416e-11 -3.188676e-09 -3.554671e-03  7.454744e-11 -5.001664e-08 -4.869922e-04
9.737589e+00  6.064647e-14  3.795791e-11 -2.914790e-09 -3.522637e-03  6.342290e-11 -4.851322e-08 -4.820414e-04
9.748339e+00  3.768052e-14  2.859848e-11 -2.497549e-09 -3.499214e-03  4.816224e-11 -4.722464e-08 -4.784256e-04
9.756007e+00  1.683032e-14  1.935624e-11 -2.066708e-09 -3.482601e-03  3.296505e-11 -4.619096e-08 -4.758631e-04
9.761270e+00  1.458011e-16  1.163219e-11 -1.698658e-09 -3.471243e-03  2.021197e-11 -4.541842e-08 -4.741124e-04
9.764719e+00 -1.190409e-14  5.915717e-12 -1.422954e-09 -3.463822e-03  1.075236e-11 -4.488191e-08 -4.729689e-04
9.766852e+00 -1.982043e-14  2.107040e-12 -1.237990e-09 -3.459240e-03  4.441746e-12 -4.453729e-08 -4.722629e-04
9.768079e+00 -2.453643e-14 -1.799965e-13 -1.126490e-09 -3.456608e-03  6.496461e-13 -4.433459e-08 -4.718575e-04
9.768719e+00 -2.704721e-14 -1.402796e-12 -1.066751e-09 -3.455235e-03 -1.378630e-12 -4.422740e-08 -4.716460e-04
9.769012e+00 -2.820559e-14 -1.968132e-12 -1.039103e-09 -3.454607e-03 -2.316536e-12 -4.417812e-08 -4.715494e-04
9.769122e+00 -2.864196e-14 -2.181286e-12 -1.028675e-09 -3.454372e-03 -2.670192e-12 -4.415958e-08 -4.715132e-04
9.769151e+00 -2.876083e-14 -2.239371e-12 -1.025832e-09 -3.454308e-03 -2.766567e-12 -4.415453e-08 -4.715033e-04
9.769156e+00 -2.877838e-14 -2.247948e-12 -1.025413e-09 -3.454299e-03 -2.780798e-12 -4.415378e-08 -4.715018e-04
9.769157e+00 -2.877888e-14 -2.248221e-12 -1.025398e-09 -3.454297e-03 -2.781252e-12 -4.415371e-08 -4.715016e-04
9.769176e+00 -2.877681e-14 -2.248073e-12 -1.025355e-09 -3.454256e-03 -2.781072e-12 -4.415218e-08 -4.714953e-04
9.769305e+00 -2.876273e-14 -2.247071e-12 -1.025069e-09 -3.453978e-03 -2.779851e-12 -4.414184e-08 -4.714525e-04
9.769782e+00 -2.871102e-14 -2.243392e-12 -1.024017e-09 -3.452956e-03 -2.775366e-12 -4.410384e-08 -4.712952e-04
9.771053e+00 -2.857350e-14 -2.233604e-12 -1.021216e-09 -3.450235e-03 -2.763436e-12 -4.400268e-08 -4.708762e-04
9.773833e+00 -2.827408e-14 -2.212291e-12 -1.015110e-09 -3.444286e-03 -2.737456e-12 -4.378205e-08 -4.699605e-04
9.779159e+00 -2.770657e-14 -2.171875e-12 -1.003505e-09 -3.432921e-03 -2.688188e-12 -4.336233e-08 -4.682117e-04
9.788423e+00 -2.673792e-14 -2.102838e-12 -9.835996e-10 -3.413244e-03 -2.604020e-12 -4.264122e-08 -4.651862e-04
9.803397e+00 -2.522044e-14 -1.994542e-12 -9.521541e-10 -3.381676e-03 -2.471964e-12 -4.149893e-08 -4.603373e-04
9.826253e+00 -2.301630e-14 -1.836904e-12 -9.058643e-10 -3.334061e-03 -2.279680e-12 -3.981009e-08 -4.530363e-04
9.859551e+00 -2.003617e-14 -1.623054e-12 -8.419721e-10 -3.265901e-03 -2.018703e-12 -3.746361e-08 -4.426116e-04
9.906227e+00 -1.628944e-14 -1.352808e-12 -7.590988e-10 -3.172719e-03 -1.688654e-12 -3.439035e-08 -4.284112e-04
9.969557e+00 -1.193532e-14 -1.036258e-12 -6.581783e-10 -3.050563e-03 -1.301608e-12 -3.059510e-08 -4.098870e-04
1.005312e+01 -7.314574e-15 -6.961213e-13 -5.432257e-10 -2.896624e-03 -8.849633e-13 -2.618515e-08 -3.866950e-04
1.016071e+01 -2.934679e-15 -3.669954e-13 -4.215603e-10 -2.709891e-03 -4.805902e-13 -2.138365e-08 -3.587982e-04
1.029632e+01  6.153313e-16 -8.989000e-14 -3.030916e-10 -2.491749e-03 -1.382609e-13 -1.651512e-08 -3.265515e-04
1.046400e+01  2.822449e-15  9.822978e-14 -1.984864e-10 -2.246363e-03  9.695536e-14 -1.195549e-08 -2.907445e-04
1.066781e+01  3.442255e-15  1.775146e-13 -1.164934e-10 -1.980708e-03  2.004935e-13 -8.051694e-09 -2.525780e-04
1.091168e+01  2.646218e-15  1.556676e-13 -6.127321e-11 -1.704150e-03  1.809664e-13 -5.033147e-09 -2.135648e-04
1.119938e+01  1.027641e-15  6.930348e-14 -3.095058e-11 -1.427557e-03  8.193743e-14 -2.949955e-09 -1.753607e-04
1.153435e+01 -5.884272e-16 -2.767195e-14 -1.838249e-11 -1.162057e-03 -3.193743e-14 -1.670407e-09 -1.395544e-04
1.191965e+01 -1.484835e-15 -8.603548e-14 -1.417932e-11 -9.176725e-04 -1.012790e-13 -9.469583e-10 -1.074612e-04
1.235784e+01 -1.381996e-15 -8.343877e-14 -1.069820e-11 -7.021095e-04 -9.870285e-14 -5.237082e-10 -7.996789e-05
1.285091e+01 -5.577423e-16 -3.368765e-14 -4.893382e-12 -5.199746e-04 -4.009779e-14 -2.309748e-10 -5.746208e-05
1.340020e+01  3.477829e-16  2.431339e-14  1.646509e-12 -3.725710e-04  2.848217e-14 -1.649722e-11 -3.985651e-05
1.400635e+01  7.474948e-16  5.261755e-14  5.422717e-12 -2.582666e-04  6.194507e-14  9.788028e-11 -2.668937e-05
1.466922e+01  4.769361e-16  3.858408e-14  4.544530e-12 -1.732758e-04  4.528185e-14  9.473205e-11 -1.726623e-05
1.538787e+01 -1.415021e-16  5.438384e-16  4.754537e-13 -1.126154e-04  3.395457e-16  1.237556e-11 -1.080448e-05
1.616056e+01 -5.854306e-16 -2.905968e-14 -3.177662e-12 -7.099747e-05 -3.433103e-14 -6.801954e-11 -6.550528e-06
1.698474e+01 -5.450949e-16 -2.955278e-14 -3.633739e-12 -4.350129e-05 -3.434957e-14 -8.127730e-11 -3.855252e-06
1.785703e+01 -1.348799e-16 -6.307339e-15 -1.060867e-12 -2.596748e-05 -6.412331e-15 -2.628936e-11 -2.207080e-06
1.877332e+01  2.535228e-16  1.722455e-14  1.914201e-12 -1.514355e-05  2.140410e-14  4.092987e-11 -1.231888e-06
1.972878e+01  3.087084e-16  2.132064e-14  2.716690e-12 -8.651309e-06  2.575889e-14  6.155753e-11 -6.726347e-07
2.071794e+01  4.898400e-17  5.984461e-15  1.015448e-12 -4.853326e-06  7.008603e-15  2.507978e-11 -3.613123e-07
2.173476e+01 -2.396396e-16 -1.198911e-14 -1.293702e-12 -2.680494e-06 -1.456407e-14 -2.763411e-11 -1.923506e-07
2.277275e+01 -2.899535e-16 -1.617313e-14 -2.064175e-12 -1.464004e-06 -1.941372e-14 -4.723203e-11 -1.019024e-07
2.382505e+01 -8.638208e-17 -4.997412e-15 -8.420680e-13 -7.971770e-07 -5.951487e-15 -2.106264e-11 -5.331686e-08
2.488458e+01  1.567129e-16  9.045831e-15  9.688885e-13 -4.369555e-07  1.067573e-14  2.054072e-11 -2.703206e-08
2.594410e+01  2.194863e-16  1.273006e-14  1.638207e-12 -2.414820e-07  1.471782e-14  3.764147e-11 -1.323448e-08
2.699641e+01  7.499959e-17  4.163849e-15  7.159616e-13 -1.323874e-07  4.196838e-15  1.808084e-11 -6.736380e-09
2.803440e+01 -1.133183e-16 -7.149506e-15 -7.487467e-13 -7.015823e-08 -9.275858e-15 -1.558790e-11 -4.137560e-09
2.905122e+01 -1.639572e-16 -1.053305e-14 -1.366501e-12 -3.612267e-08 -1.293844e-14 -3.131875e-11 -2.975053e-09
3.004038e+01 -4.061082e-17 -3.870159e-15 -6.909526e-13 -2.001351e-08 -4.503883e-15 -1.735300e-11 -1.879425e-09
3.099584e+01  1.358349e-16  5.746612e-15  5.300953e-13 -1.382542e-08  7.288370e-15  1.053639e-11 -6.427313e-10
3.191213e+01  2.121553e-16  9.530047e-15  1.179469e-12 -1.097368e-08  1.188595e-14  2.678876e-11  2.695652e-10
3.278442e+01  1.345138e-16  4.772551e-15  7.714825e-13 -7.668945e-09  6.254749e-15  1.908823e-11  4.609364e-10
3.360859e+01 -2.388842e-17 -3.771833e-15 -2.460791e-13 -3.458816e-09 -3.646112e-15 -3.642571e-12  3.740760e-11
3.438128e+01 -1.413935e-16 -8.862078e-15 -1.000494e-12  8.224656e-11 -9.046925e-15 -2.185027e-11 -5.044286e-10
3.509994e+01 -1.484906e-16 -6.852224e-15 -9.406616e-13  1.466617e-09 -5.746135e-15 -2.222710e-11 -6.987982e-10
3.576280e+01 -6.825822e-17  1.058782e-16 -1.923980e-13  6.254851e-10  3.344175e-15 -6.454564e-12 -4.305700e-10
3.636895e+01  1.949743e-17  6.572967e-15  6.536831e-13 -1.206481e-09  1.140121e-14  1.280133e-11  6.623330e-11
3.691825e+01  4.584640e-17  8.155175e-15  1.032178e-12 -2.526169e-09  1.304201e-14  2.262647e-11  4.484537e-10
3.741132e+01 -3.107239e-18  4.206813e-15  7.620368e-13 -2.526083e-09  7.597723e-15  1.818737e-11  5.114285e-10
3.784951e+01 -8.872681e-17 -2.477535e-15  7.390149e-14 -1.369980e-09 -1.336355e-15  3.847068e-12  2.790362e-10
3.823481e+01 -1.542863e-16 -7.973907e-15 -6.159940e-13  1.785254e-10 -8.797283e-15 -1.151118e-11 -7.083489e-11
3.856978e+01 -1.609787e-16 -9.583989e-15 -9.732137e-13  1.341008e-09 -1.137547e-14 -2.036323e-11 -3.456558e-10
3.885747e+01 -1.042050e-16 -6.887036e-15 -8.892428e-13  1.719349e-09 -8.509531e-15 -1.990386e-11 -4.396802e-10
3.910135e+01 -7.626469e-18 -1.347795e-15 -4.672164e-13  1.360013e-09 -1.993689e-15 -1.195950e-11 -3.559274e-10
3.930515e+01  9.442005e-17  4.827728e-15  8.657603e-14  5.832639e-10  5.442429e-15 -7.570441e-13 -1.678684e-10
3.947283e+01  1.735072e-16  9.773982e-15  5.779003e-13 -2.446628e-10  1.147539e-14  9.558404e-12  3.610720e-11
3.960844e+01  2.155651e-16  1.252556e-14  8.917786e-13 -8.674949e-10  1.488485e-14  1.642931e-11  1.923401e-10
3.971604e+01  2.207901e-16  1.302730e-14  1.002834e-12 -1.186225e-09  1.557196e-14  1.917724e-11  2.750702e-10
3.979960e+01  1.985427e-16  1.181927e-14  9.490389e-13 -1.227216e-09  1.417549e-14  1.848934e-11  2.895633e-10
3.986293e+01  1.612788e-16  9.654431e-15  7.951606e-13 -1.080504e-09  1.160325e-14  1.565894e-11  2.572650e-10
3.990960e+01  1.200732e-16  7.213643e-15  6.037720e-13 -8.454907e-10  8.681407e-15  1.196929e-11  2.023843e-10
3.994290e+01  8.248781e-17  4.967242e-15  4.200890e-13 -5.995015e-10  5.983145e-15  8.363191e-12  1.439765e-10
3.996576e+01  5.234446e-17  3.156845e-15  2.687653e-13 -3.881625e-10  3.804624e-15  5.365018e-12  9.341451e-11
3.998073e+01  3.054905e-17  1.844141e-15  1.576629e-13 -2.294014e-10  2.223341e-15  3.152504e-12  5.527817e-11
3.999000e+01  1.622125e-17  9.797840e-16  8.397667e-14 -1.227316e-10  1.181503e-15  1.680823e-12  2.959694e-11
3.999532e+01  7.682832e-18  4.642039e-16  3.984332e-14 -5.837708e-11  5.598423e-16  7.979311e-13  1.408381e-11
3.999810e+01  3.136221e-18  1.895254e-16  1.627924e-14 -2.388271e-11  2.285870e-16  3.261156e-13  5.763126e-12
3.999937e+01  1.038395e-18  6.275619e-17  5.392237e-15 -7.915423e-12  7.569253e-17  1.080350e-13  1.910261e-12
3.999985e+01  2.481073e-19  1.499499e-17  1.288585e-15 -1.891968e-12  1.808619e-17  2.581845e-14  4.566136e-13
3.999998e+01  3.281599e-20  1.983332e-18  1.704422e-16 -2.502672e-13  2.392201e-18  3.415074e-15  6.040089e-14
4.000000e+01  1.028053e-21  6.213352e-20  5.339614e-18 -7.840443e-15  7.494255e-20  1.069877e-16  1.892259e-15
