376 7
 0 0 0 0 1 1 2
 2 2 2 2 6 6 10
 -3.448860e+02 -4.147117e+01 -4.519852e+00 -1.853669e-01 -3.658668e+01 -2.969457e+00 -3.482349e-01
0.000000e+00  3.227386e+02  9.917616e+01 -3.814328e+01  8.889703e+00  5.079789e-06 -1.800659e-06 -2.223630e-07
3.278564e-09  3.227386e+02  9.917615e+01 -3.814327e+01  8.889702e+00  2.526619e-06 -8.310577e-07 -2.223623e-07
1.046582e-07  3.227376e+02  9.917585e+01 -3.814316e+01  8.889675e+00 -7.642233e-05  2.915087e-05 -2.223437e-07
7.915214e-07  3.227310e+02  9.917381e+01 -3.814237e+01  8.889492e+00 -6.113075e-04  2.322807e-04 -2.223825e-07
3.316517e-06  3.227065e+02  9.916629e+01 -3.813948e+01  8.888818e+00 -2.577518e-03  9.789756e-04 -2.249919e-07
1.004733e-05  3.226414e+02  9.914627e+01 -3.813178e+01  8.887023e+00 -7.818068e-03  2.969145e-03 -2.508921e-07
2.477810e-05  3.224988e+02  9.910246e+01 -3.811493e+01  8.883096e+00 -1.928361e-02  7.323340e-03 -4.036907e-07
5.299135e-05  3.222260e+02  9.901859e+01 -3.808267e+01  8.875579e+00 -4.122896e-02  1.565738e-02 -1.064503e-06
1.020609e-04  3.217520e+02  9.887286e+01 -3.802662e+01  8.862515e+00 -7.935291e-02  3.013546e-02 -3.365089e-06
1.813877e-04  3.209872e+02  9.863762e+01 -3.793614e+01  8.841426e+00 -1.408662e-01  5.349594e-02 -1.017154e-05
3.024627e-04  3.198235e+02  9.827943e+01 -3.779835e+01  8.809312e+00 -2.344706e-01  8.904343e-02 -2.789632e-05
4.788527e-04  3.181356e+02  9.775941e+01 -3.759829e+01  8.762684e+00 -3.702314e-01  1.406003e-01 -6.952359e-05
7.261078e-04  3.157849e+02  9.703409e+01 -3.731919e+01  8.697634e+00 -5.593254e-01  2.124107e-01 -1.592543e-04
1.061591e-03  3.126233e+02  9.605669e+01 -3.694301e+01  8.609953e+00 -8.136509e-01  3.089927e-01 -3.391238e-04
1.504231e-03  3.085006e+02  9.477886e+01 -3.645104e+01  8.495280e+00 -1.145293e+00  4.349339e-01 -6.777903e-04
2.074209e-03  3.032726e+02  9.315296e+01 -3.582481e+01  8.349306e+00 -1.565846e+00  5.946340e-01 -1.281415e-03
2.792580e-03  2.968108e+02  9.113469e+01 -3.504706e+01  8.168000e+00 -2.085619e+00  7.920002e-01 -2.306169e-03
3.680838e-03  2.890127e+02  8.868609e+01 -3.410287e+01  7.947881e+00 -2.712754e+00  1.030110e+00 -3.971404e-03
4.760448e-03  2.798129e+02  8.577857e+01 -3.298087e+01  7.686284e+00 -3.452325e+00  1.310865e+00 -6.572038e-03
6.052333e-03  2.691923e+02  8.239595e+01 -3.167435e+01  7.381634e+00 -4.305488e+00  1.634657e+00 -1.048822e-02
7.576358e-03  2.571862e+02  7.853704e+01 -3.018230e+01  7.033678e+00 -5.268775e+00  2.000097e+00 -1.619008e-02
9.350803e-03  2.438880e+02  7.421750e+01 -2.851014e+01  6.643667e+00 -6.333624e+00  2.403821e+00 -2.423538e-02
1.139185e-02  2.294501e+02  6.947087e+01 -2.667019e+01  6.214453e+00 -7.486230e+00  2.840421e+00 -3.525815e-02
1.371307e-02  2.140788e+02  6.434836e+01 -2.468161e+01  5.750488e+00 -8.707776e+00  3.302520e+00 -4.994743e-02
1.632504e-02  1.980254e+02  5.891734e+01 -2.256994e+01  5.257717e+00 -9.975068e+00  3.781000e+00 -6.901596e-02
1.923484e-02  1.815726e+02  5.325873e+01 -2.036615e+01  4.743351e+00 -1.126155e+01  4.265383e+00 -9.316039e-02
2.244580e-02  1.650186e+02  4.746320e+01 -1.810525e+01  4.215555e+00 -1.253862e+01  4.744330e+00 -1.230157e-01
2.595722e-02  1.486596e+02  4.162667e+01 -1.582462e+01  3.683055e+00 -1.377720e+01  5.206235e+00 -1.591078e-01
2.976415e-02  1.327730e+02  3.584549e+01 -1.356217e+01  3.154710e+00 -1.494928e+01  5.639849e+00 -2.018085e-01
3.385735e-02  1.176027e+02  3.021165e+01 -1.135449e+01  2.639084e+00 -1.602948e+01  6.034890e+00 -2.512985e-01
3.822326e-02  1.033488e+02  2.480849e+01 -9.235154e+00  2.144043e+00 -1.699635e+01  6.382572e+00 -3.075411e-01
4.284407e-02  9.016040e+01  1.970721e+01 -7.233291e+00  1.676425e+00 -1.783333e+01  6.676028e+00 -3.702706e-01
4.769797e-02  7.813414e+01  1.496450e+01 -5.372539e+00  1.241792e+00 -1.852937e+01  6.910584e+00 -4.389964e-01
5.275935e-02  6.731604e+01  1.062120e+01 -3.670431e+00  8.442805e-01 -1.907911e+01  7.083868e+00 -5.130225e-01
5.799924e-02  5.770693e+01  6.702193e+00 -2.138196e+00  4.865545e-01 -1.948269e+01  7.195768e+00 -5.914799e-01
6.338567e-02  4.927006e+01  3.217192e+00 -7.809697e-01  1.698491e-01 -1.974515e+01  7.248246e+00 -6.733692e-01
6.888423e-02  4.193981e+01  1.623868e-01  4.016791e-01 -1.059079e-01 -1.987569e+01  7.245052e+00 -7.576087e-01
7.445863e-02  3.563045e+01 -2.477412e+00  1.414975e+00 -3.419184e-01 -1.988674e+01  7.191358e+00 -8.430846e-01
8.007127e-02  3.024436e+01 -4.726331e+00  2.268018e+00 -5.403002e-01 -1.979292e+01  7.093360e+00 -9.286981e-01
8.568391e-02  2.567897e+01 -6.614937e+00  2.972813e+00 -7.038602e-01 -1.961014e+01  6.957887e+00 -1.013408e+00
9.125831e-02  2.183232e+01 -8.177881e+00  3.543315e+00 -8.358715e-01 -1.935470e+01  6.792033e+00 -1.096264e+00
9.675688e-02  1.860714e+01 -9.451799e+00  3.994565e+00 -9.398680e-01 -1.904261e+01  6.602836e+00 -1.176433e+00
1.021433e-01  1.591354e+01 -1.047356e+01  4.341930e+00 -1.019467e+00 -1.868897e+01  6.397018e+00 -1.253215e+00
1.073832e-01  1.367054e+01 -1.127891e+01  4.600498e+00 -1.078226e+00 -1.830761e+01  6.180794e+00 -1.326049e+00
1.124446e-01  1.180669e+01 -1.190142e+01  4.784607e+00 -1.119527e+00 -1.791080e+01  5.959730e+00 -1.394516e+00
1.172985e-01  1.026003e+01 -1.237190e+01  4.907517e+00 -1.146501e+00 -1.750912e+01  5.738672e+00 -1.458326e+00
1.219193e-01  8.977553e+00 -1.271792e+01  4.981203e+00 -1.161979e+00 -1.711146e+01  5.521711e+00 -1.517313e+00
1.262852e-01  7.914419e+00 -1.296376e+01  5.016251e+00 -1.168462e+00 -1.672504e+01  5.312193e+00 -1.571418e+00
1.303784e-01  7.033066e+00 -1.313036e+01  5.021831e+00 -1.168119e+00 -1.635553e+01  5.112756e+00 -1.620670e+00
1.341853e-01  6.302240e+00 -1.323552e+01  5.005744e+00 -1.162792e+00 -1.600721e+01  4.925382e+00 -1.665177e+00
1.376967e-01  5.696085e+00 -1.329414e+01  4.974495e+00 -1.154019e+00 -1.568312e+01  4.751470e+00 -1.705104e+00
1.409077e-01  5.193289e+00 -1.331847e+01  4.933409e+00 -1.143055e+00 -1.538521e+01  4.591899e+00 -1.740661e+00
1.438175e-01  4.776332e+00 -1.331844e+01  4.886748e+00 -1.130904e+00 -1.511452e+01  4.447108e+00 -1.772093e+00
1.464295e-01  4.430823e+00 -1.330196e+01  4.837847e+00 -1.118349e+00 -1.487133e+01  4.317163e+00 -1.799666e+00
1.487507e-01  4.144934e+00 -1.327520e+01  4.789232e+00 -1.105981e+00 -1.465529e+01  4.201817e+00 -1.823659e+00
1.507917e-01  3.908930e+00 -1.324287e+01  4.742749e+00 -1.094231e+00 -1.446555e+01  4.100576e+00 -1.844359e+00
1.525662e-01  3.714766e+00 -1.320848e+01  4.699670e+00 -1.083390e+00 -1.430088e+01  4.012744e+00 -1.862053e+00
1.540902e-01  3.555769e+00 -1.317452e+01  4.660799e+00 -1.073642e+00 -1.415970e+01  3.937474e+00 -1.877027e+00
1.553821e-01  3.426363e+00 -1.314267e+01  4.626558e+00 -1.065076e+00 -1.404026e+01  3.873808e+00 -1.889557e+00
1.564617e-01  3.321863e+00 -1.311399e+01  4.597074e+00 -1.057714e+00 -1.394062e+01  3.820711e+00 -1.899915e+00
1.573500e-01  3.238293e+00 -1.308904e+01  4.572243e+00 -1.051524e+00 -1.385878e+01  3.777103e+00 -1.908359e+00
1.580683e-01  3.172257e+00 -1.306798e+01  4.551793e+00 -1.046431e+00 -1.379268e+01  3.741891e+00 -1.915137e+00
1.586383e-01  3.120826e+00 -1.305073e+01  4.535340e+00 -1.042338e+00 -1.374030e+01  3.713989e+00 -1.920483e+00
1.590810e-01  3.081466e+00 -1.303700e+01  4.522426e+00 -1.039127e+00 -1.369967e+01  3.692344e+00 -1.924614e+00
1.594164e-01  3.051967e+00 -1.302641e+01  4.512560e+00 -1.036675e+00 -1.366889e+01  3.675952e+00 -1.927734e+00
1.596637e-01  3.030408e+00 -1.301851e+01  4.505246e+00 -1.034858e+00 -1.364622e+01  3.663879e+00 -1.930026e+00
1.598401e-01  3.015122e+00 -1.301281e+01  4.500006e+00 -1.033556e+00 -1.363006e+01  3.655270e+00 -1.931659e+00
1.599612e-01  3.004674e+00 -1.300888e+01  4.496399e+00 -1.032661e+00 -1.361897e+01  3.649362e+00 -1.932778e+00
1.600405e-01  2.997849e+00 -1.300629e+01  4.494031e+00 -1.032073e+00 -1.361170e+01  3.645493e+00 -1.933510e+00
1.600896e-01  2.993635e+00 -1.300469e+01  4.492564e+00 -1.031708e+00 -1.360721e+01  3.643100e+00 -1.933963e+00
1.601178e-01  2.991215e+00 -1.300376e+01  4.491720e+00 -1.031499e+00 -1.360462e+01  3.641724e+00 -1.934223e+00
1.601325e-01  2.989952e+00 -1.300328e+01  4.491280e+00 -1.031390e+00 -1.360328e+01  3.641005e+00 -1.934359e+00
1.601392e-01  2.989375e+00 -1.300306e+01  4.491078e+00 -1.031340e+00 -1.360266e+01  3.640677e+00 -1.934421e+00
1.601418e-01  2.989158e+00 -1.300298e+01  4.491003e+00 -1.031321e+00 -1.360243e+01  3.640554e+00 -1.934444e+00
1.601424e-01  2.989100e+00 -1.300296e+01  4.490982e+00 -1.031316e+00 -1.360237e+01  3.640521e+00 -1.934450e+00
1.601425e-01  2.989091e+00 -1.300295e+01  4.490979e+00 -1.031315e+00 -1.360236e+01  3.640516e+00 -1.934451e+00
1.601426e-01  2.989089e+00 -1.300295e+01  4.490978e+00 -1.031315e+00 -1.360235e+01  3.640515e+00 -1.934452e+00
1.601430e-01  2.989054e+00 -1.300294e+01  4.490966e+00 -1.031312e+00 -1.360232e+01  3.640495e+00 -1.934455e+00
1.601458e-01  2.988815e+00 -1.300285e+01  4.490882e+00 -1.031291e+00 -1.360206e+01  3.640358e+00 -1.934481e+00
1.601560e-01  2.987935e+00 -1.300251e+01  4.490575e+00 -1.031215e+00 -1.360112e+01  3.639858e+00 -1.934576e+00
1.601834e-01  2.985590e+00 -1.300161e+01  4.489755e+00 -1.031011e+00 -1.359861e+01  3.638523e+00 -1.934828e+00
1.602433e-01  2.980466e+00 -1.299964e+01  4.487959e+00 -1.030565e+00 -1.359313e+01  3.635601e+00 -1.935380e+00
1.603581e-01  2.970676e+00 -1.299585e+01  4.484514e+00 -1.029710e+00 -1.358262e+01  3.630007e+00 -1.936437e+00
1.605577e-01  2.953727e+00 -1.298921e+01  4.478504e+00 -1.028219e+00 -1.356436e+01  3.620282e+00 -1.938271e+00
1.608803e-01  2.926531e+00 -1.297837e+01  4.468739e+00 -1.025796e+00 -1.353486e+01  3.604568e+00 -1.941230e+00
1.613728e-01  2.885509e+00 -1.296155e+01  4.453724e+00 -1.022073e+00 -1.348986e+01  3.580609e+00 -1.945727e+00
1.620903e-01  2.826778e+00 -1.293647e+01  4.431608e+00 -1.016592e+00 -1.342440e+01  3.545753e+00 -1.952242e+00
1.630960e-01  2.746473e+00 -1.290019e+01  4.400142e+00 -1.008802e+00 -1.333283e+01  3.496999e+00 -1.961297e+00
1.644606e-01  2.641171e+00 -1.284894e+01  4.356611e+00 -9.980368e-01 -1.320895e+01  3.431051e+00 -1.973441e+00
1.662611e-01  2.508426e+00 -1.277793e+01  4.297774e+00 -9.835077e-01 -1.304618e+01  3.344415e+00 -1.989214e+00
1.685795e-01  2.347330e+00 -1.268115e+01  4.219819e+00 -9.642907e-01 -1.283781e+01  3.233525e+00 -2.009108e+00
1.715015e-01  2.159030e+00 -1.255127e+01  4.118360e+00 -9.393288e-01 -1.257729e+01  3.094914e+00 -2.033515e+00
1.751145e-01  1.947064e+00 -1.237973e+01  3.988522e+00 -9.074539e-01 -1.225866e+01  2.925425e+00 -2.062676e+00
1.795059e-01  1.717394e+00 -1.215705e+01  3.825146e+00 -8.674381e-01 -1.187704e+01  2.722479e+00 -2.096618e+00
1.847607e-01  1.478059e+00 -1.187347e+01  3.623154e+00 -8.180830e-01 -1.142915e+01  2.484372e+00 -2.135101e+00
1.909597e-01  1.238427e+00 -1.151990e+01  3.378072e+00 -7.583488e-01 -1.091396e+01  2.210598e+00 -2.177563e+00
1.981774e-01  1.008133e+00 -1.108922e+01  3.086701e+00 -6.875157e-01 -1.033317e+01  1.902168e+00 -2.223098e+00
2.064794e-01  7.959041e-01 -1.057759e+01  2.747832e+00 -6.053603e-01 -9.691687e+00  1.561869e+00 -2.270438e+00
2.159211e-01  6.085075e-01 -9.985671e+00  2.362922e+00 -5.123183e-01 -8.997793e+00  1.194411e+00 -2.317982e+00
2.265454e-01  4.500497e-01 -9.319478e+00  1.936563e+00 -4.096001e-01 -8.263019e+00  8.064174e-01 -2.363856e+00
2.383811e-01  3.217713e-01 -8.590537e+00  1.476628e+00 -2.992269e-01 -7.501647e+00  4.062129e-01 -2.406009e+00
2.514418e-01  2.223385e-01 -7.815317e+00  9.940042e-01 -1.839662e-01 -6.729860e+00  3.402946e-03 -2.442338e+00
2.657247e-01  1.485058e-01 -7.013938e+00  5.019110e-01 -6.716298e-02 -5.964610e+00 -3.917303e-01 -2.470841e+00
2.812096e-01  9.594377e-02 -6.208342e+00  1.486311e-02  4.751582e-02 -5.222364e+00 -7.689489e-01 -2.489763e+00
2.978589e-01  6.002678e-02 -5.420247e+00 -4.525599e-01  1.563884e-01 -4.517903e+00 -1.118807e+00 -2.497732e+00
3.156174e-01  3.643307e-02 -4.669224e+00 -8.869575e-01  2.560711e-01 -3.863331e+00 -1.433325e+00 -2.493865e+00
3.344127e-01  2.150316e-02 -3.971194e+00 -1.277179e+00  3.437517e-01 -3.267427e+00 -1.706507e+00 -2.477821e+00
3.541562e-01  1.237613e-02 -3.337522e+00 -1.615081e+00  4.173858e-01 -2.735407e+00 -1.934636e+00 -2.449814e+00
3.747436e-01  6.965377e-03 -2.774765e+00 -1.895893e+00  4.757972e-01 -2.269052e+00 -2.116336e+00 -2.410565e+00
3.960570e-01  3.842016e-03 -2.284980e+00 -2.118200e+00  5.186803e-01 -1.867153e+00 -2.252410e+00 -2.361232e+00
4.179666e-01  2.081461e-03 -1.866452e+00 -2.283594e+00  5.465170e-01 -1.526146e+00 -2.345520e+00 -2.303299e+00
4.403322e-01  1.112431e-03 -1.514638e+00 -2.396097e+00  5.604332e-01 -1.240825e+00 -2.399741e+00 -2.238466e+00
4.630064e-01  5.922197e-04 -1.223144e+00 -2.461471e+00  5.620220e-01 -1.005029e+00 -2.420092e+00 -2.168523e+00
4.858360e-01  3.182302e-04 -9.846231e-01 -2.486518e+00  5.531601e-01 -8.122332e-01 -2.412071e+00 -2.095249e+00
5.086657e-01  1.731596e-04 -7.914876e-01 -2.478438e+00  5.358392e-01 -6.560085e-01 -2.381253e+00 -2.020322e+00
5.313398e-01  9.313794e-05 -6.364370e-01 -2.444316e+00  5.120257e-01 -5.303413e-01 -2.332969e+00 -1.945250e+00
5.537055e-01  4.731489e-05 -5.127924e-01 -2.390740e+00  4.835555e-01 -4.298275e-01 -2.272081e+00 -1.871331e+00
5.756150e-01  2.241996e-05 -4.146764e-01 -2.323558e+00  4.520650e-01 -3.497629e-01 -2.202847e+00 -1.799634e+00
5.969285e-01  1.156646e-05 -3.370725e-01 -2.247759e+00  4.189541e-01 -2.861568e-01 -2.128861e+00 -1.731001e+00
6.175159e-01  8.653907e-06 -2.758024e-01 -2.167444e+00  3.853759e-01 -2.356938e-01 -2.053051e+00 -1.666056e+00
6.372593e-01  7.950008e-06 -2.274515e-01 -2.085869e+00  3.522444e-01 -1.956656e-01 -1.977724e+00 -1.605232e+00
6.560547e-01  5.961050e-06 -1.892712e-01 -2.005524e+00  3.202556e-01 -1.638887e-01 -1.904628e+00 -1.548796e+00
6.738132e-01  2.406820e-06 -1.590740e-01 -1.928240e+00  2.899146e-01 -1.386208e-01 -1.835033e+00 -1.496877e+00
6.904625e-01 -8.931427e-07 -1.351352e-01 -1.855296e+00  2.615652e-01 -1.184831e-01 -1.769809e+00 -1.449493e+00
7.059474e-01 -2.174975e-06 -1.161037e-01 -1.787523e+00  2.354194e-01 -1.023911e-01 -1.709503e+00 -1.406575e+00
7.202302e-01 -1.188584e-06 -1.009270e-01 -1.725402e+00  2.115840e-01 -8.949533e-02 -1.654407e+00 -1.367987e+00
7.332910e-01  8.597358e-07 -8.878724e-02 -1.669140e+00  1.900846e-01 -7.913216e-02 -1.604616e+00 -1.333546e+00
7.451267e-01  2.392035e-06 -7.904965e-02 -1.618743e+00  1.708856e-01 -7.078345e-02 -1.560075e+00 -1.303034e+00
7.557510e-01  2.519007e-06 -7.122074e-02 -1.574068e+00  1.539063e-01 -6.404421e-02 -1.520622e+00 -1.276211e+00
7.651927e-01  1.380594e-06 -6.491605e-02 -1.534868e+00  1.390344e-01 -5.859717e-02 -1.486016e+00 -1.252821e+00
7.734947e-01 -2.221544e-07 -5.983503e-02 -1.500821e+00  1.261359e-01 -5.419294e-02 -1.455963e+00 -1.232601e+00
7.807123e-01 -1.449429e-06 -5.574176e-02 -1.471562e+00  1.150633e-01 -5.063469e-02 -1.430135e+00 -1.215283e+00
7.869114e-01 -1.857133e-06 -5.245011e-02 -1.446696e+00  1.056612e-01 -4.776617e-02 -1.408181e+00 -1.200603e+00
7.921662e-01 -1.478468e-06 -4.981222e-02 -1.425815e+00  9.777109e-02 -4.546250e-02 -1.389740e+00 -1.188299e+00
7.965576e-01 -6.474260e-07 -4.770959e-02 -1.408507e+00  9.123462e-02 -4.362298e-02 -1.374452e+00 -1.178113e+00
8.001706e-01  2.453768e-07 -4.604624e-02 -1.394366e+00  8.589620e-02 -4.216559e-02 -1.361957e+00 -1.169799e+00
8.030926e-01  9.230122e-07 -4.474352e-02 -1.382995e+00  8.160516e-02 -4.102275e-02 -1.351908e+00 -1.163119e+00
8.054110e-01  1.276137e-06 -4.373623e-02 -1.374016e+00  7.821740e-02 -4.013817e-02 -1.343972e+00 -1.157847e+00
8.072115e-01  1.330609e-06 -4.296972e-02 -1.367069e+00  7.559686e-02 -3.946448e-02 -1.337830e+00 -1.153769e+00
8.085761e-01  1.181795e-06 -4.239780e-02 -1.361819e+00  7.361678e-02 -3.896148e-02 -1.333188e+00 -1.150688e+00
8.095818e-01  9.360655e-07 -4.198122e-02 -1.357958e+00  7.216079e-02 -3.859492e-02 -1.329774e+00 -1.148423e+00
8.102992e-01  6.766286e-07 -4.168657e-02 -1.355208e+00  7.112384e-02 -3.833555e-02 -1.327342e+00 -1.146810e+00
8.107917e-01  4.528612e-07 -4.148554e-02 -1.353322e+00  7.041291e-02 -3.815854e-02 -1.325675e+00 -1.145704e+00
8.111144e-01  2.844143e-07 -4.135436e-02 -1.352088e+00  6.994750e-02 -3.804301e-02 -1.324583e+00 -1.144980e+00
8.113140e-01  1.711055e-07 -4.127343e-02 -1.351325e+00  6.965975e-02 -3.797173e-02 -1.323908e+00 -1.144532e+00
8.114287e-01  1.027015e-07 -4.122697e-02 -1.350886e+00  6.949435e-02 -3.793080e-02 -1.323520e+00 -1.144275e+00
8.114887e-01  6.602409e-08 -4.120273e-02 -1.350657e+00  6.940801e-02 -3.790945e-02 -1.323318e+00 -1.144140e+00
8.115160e-01  4.904343e-08 -4.119166e-02 -1.350552e+00  6.936856e-02 -3.789970e-02 -1.323225e+00 -1.144079e+00
8.115263e-01  4.263723e-08 -4.118751e-02 -1.350513e+00  6.935377e-02 -3.789604e-02 -1.323191e+00 -1.144056e+00
8.115291e-01  4.089117e-08 -4.118638e-02 -1.350503e+00  6.934974e-02 -3.789505e-02 -1.323181e+00 -1.144050e+00
8.115295e-01  4.063333e-08 -4.118621e-02 -1.350501e+00  6.934915e-02 -3.789490e-02 -1.323180e+00 -1.144049e+00
8.115296e-01  4.062495e-08 -4.118619e-02 -1.350501e+00  6.934907e-02 -3.789488e-02 -1.323180e+00 -1.144049e+00
8.115308e-01  4.062359e-08 -4.118568e-02 -1.350496e+00  6.934725e-02 -3.789443e-02 -1.323175e+00 -1.144046e+00
8.115394e-01  4.061439e-08 -4.118222e-02 -1.350463e+00  6.933492e-02 -3.789138e-02 -1.323146e+00 -1.144027e+00
8.115709e-01  4.058059e-08 -4.116950e-02 -1.350343e+00  6.928958e-02 -3.788018e-02 -1.323040e+00 -1.143956e+00
8.116547e-01  4.049060e-08 -4.113560e-02 -1.350022e+00  6.916876e-02 -3.785033e-02 -1.322757e+00 -1.143768e+00
8.118383e-01  4.029431e-08 -4.106151e-02 -1.349321e+00  6.890439e-02 -3.778507e-02 -1.322136e+00 -1.143357e+00
8.121899e-01  3.992083e-08 -4.091999e-02 -1.347979e+00  6.839832e-02 -3.766041e-02 -1.320949e+00 -1.142570e+00
8.128014e-01  3.927890e-08 -4.067501e-02 -1.345647e+00  6.751899e-02 -3.744458e-02 -1.318886e+00 -1.141202e+00
8.137899e-01  3.826139e-08 -4.028207e-02 -1.341882e+00  6.609968e-02 -3.709828e-02 -1.315556e+00 -1.138994e+00
8.152987e-01  3.675552e-08 -3.968964e-02 -1.336149e+00  6.393879e-02 -3.657592e-02 -1.310484e+00 -1.135633e+00
8.174968e-01  3.466015e-08 -3.884211e-02 -1.327826e+00  6.080230e-02 -3.582810e-02 -1.303120e+00 -1.130754e+00
8.205780e-01  3.190987e-08 -3.768449e-02 -1.316220e+00  5.642904e-02 -3.480561e-02 -1.292848e+00 -1.123952e+00
8.247587e-01  2.850327e-08 -3.616879e-02 -1.300583e+00  5.053904e-02 -3.346494e-02 -1.279003e+00 -1.114791e+00
8.302747e-01  2.452867e-08 -3.426189e-02 -1.280150e+00  4.284532e-02 -3.177503e-02 -1.260903e+00 -1.102821e+00
8.373776e-01  2.017734e-08 -3.195383e-02 -1.254175e+00  3.306932e-02 -2.972453e-02 -1.237875e+00 -1.087606e+00
8.463297e-01  1.573295e-08 -2.926521e-02 -1.221982e+00  2.096002e-02 -2.732830e-02 -1.209305e+00 -1.068742e+00
8.573988e-01  1.153017e-08 -2.625170e-02 -1.183024e+00  6.316230e-03 -2.463175e-02 -1.174681e+00 -1.045893e+00
8.708525e-01  7.885558e-09 -2.300404e-02 -1.136948e+00 -1.098879e-02 -2.171127e-02 -1.133653e+00 -1.018819e+00
8.869516e-01  5.018942e-09 -1.964204e-02 -1.083660e+00 -3.098225e-02 -1.866970e-02 -1.086080e+00 -9.874043e-01
9.059434e-01  2.995135e-09 -1.630272e-02 -1.023385e+00 -5.356880e-02 -1.562669e-02 -1.032086e+00 -9.516852e-01
9.280559e-01  1.715516e-09 -1.312410e-02 -9.567060e-01 -7.851299e-02 -1.270509e-02 -9.720954e-01 -9.118630e-01
9.534907e-01  9.702736e-10 -1.022773e-02 -8.845813e-01 -1.054310e-01 -1.001590e-02 -9.068457e-01 -8.683112e-01
9.824170e-01  5.309293e-10 -7.703690e-03 -8.083211e-01 -1.337951e-01 -7.644774e-03 -8.373789e-01 -8.215671e-01
1.014966e+00  2.367873e-10 -5.601555e-03 -7.295251e-01 -1.629530e-01 -5.643210e-03 -7.649963e-01 -7.723088e-01
1.051227e+00  2.902011e-11 -3.928971e-03 -6.499802e-01 -1.921622e-01 -4.026072e-03 -6.911834e-01 -7.213200e-01
1.091241e+00 -8.180693e-11 -2.657570e-03 -5.715306e-01 -2.206372e-01 -2.775449e-03 -6.175110e-01 -6.694453e-01
1.134999e+00 -8.368749e-11 -1.733874e-03 -4.959360e-01 -2.476031e-01 -1.849226e-03 -5.455241e-01 -6.175396e-01
1.182440e+00 -1.134416e-11 -1.091930e-03 -4.247399e-01 -2.723506e-01 -1.191719e-03 -4.766337e-01 -5.664206e-01
1.233448e+00  6.173402e-11 -6.646173e-04 -3.591664e-01 -2.942847e-01 -7.437514e-04 -4.120260e-01 -5.168257e-01
1.287854e+00  7.480663e-11 -3.916958e-04 -3.000578e-01 -3.129598e-01 -4.503155e-04 -3.526001e-01 -4.693804e-01
1.345437e+00  2.480453e-11 -2.240607e-04 -2.478593e-01 -3.281002e-01 -2.651066e-04 -2.989395e-01 -4.245784e-01
1.405925e+00 -3.773186e-11 -1.247518e-04 -2.026453e-01 -3.396027e-01 -1.521585e-04 -2.513169e-01 -3.827748e-01
1.468998e+00 -5.771276e-11 -6.781140e-05 -1.641782e-01 -3.475248e-01 -8.539275e-05 -2.097263e-01 -3.441895e-01
1.534295e+00 -2.399246e-11 -3.609621e-05 -1.319847e-01 -3.520609e-01 -4.700568e-05 -1.739330e-01 -3.089202e-01
1.601419e+00  2.587171e-11 -1.888034e-05 -1.054374e-01 -3.535115e-01 -2.546751e-05 -1.435342e-01 -2.769599e-01
1.669940e+00  4.498391e-11 -9.751386e-06 -8.383078e-02 -3.522500e-01 -1.363938e-05 -1.180181e-01 -2.482181e-01
1.739407e+00  2.042311e-11 -5.009572e-06 -6.644346e-02 -3.486906e-01 -7.260415e-06 -9.681787e-02 -2.225417e-01
1.809349e+00 -1.948044e-11 -2.579801e-06 -5.258463e-02 -3.432602e-01 -3.863281e-06 -7.935608e-02 -1.997346e-01
1.879292e+00 -3.630063e-11 -1.333392e-06 -4.162404e-02 -3.363754e-01 -2.060506e-06 -6.507661e-02 -1.795749e-01
1.948758e+00 -1.772222e-11 -6.835174e-07 -3.300811e-02 -3.284255e-01 -1.098459e-06 -5.346645e-02 -1.618290e-01
2.017280e+00  1.491444e-11 -3.417813e-07 -2.626512e-02 -3.197618e-01 -5.828491e-07 -4.406778e-02 -1.462622e-01
2.084403e+00  3.047996e-11 -1.692646e-07 -2.100291e-02 -3.106909e-01 -3.107317e-07 -3.648277e-02 -1.326469e-01
2.149701e+00  1.712988e-11 -9.144544e-08 -1.690201e-02 -3.014725e-01 -1.728881e-07 -3.037304e-02 -1.207678e-01
2.212774e+00 -1.009365e-11 -6.000224e-08 -1.370645e-02 -2.923202e-01 -1.048304e-07 -2.545582e-02 -1.104254e-01
2.273262e+00 -2.620799e-11 -4.334367e-08 -1.121375e-02 -2.834046e-01 -6.767969e-08 -2.149813e-02 -1.014376e-01
2.330845e+00 -1.888627e-11 -2.675825e-08 -9.265395e-03 -2.748567e-01 -4.173652e-08 -1.831010e-02 -9.364022e-02
2.385251e+00  3.376048e-12 -9.631219e-09 -7.738236e-03 -2.667733e-01 -2.132630e-08 -1.573840e-02 -8.688673e-02
2.436259e+00  2.141667e-11  2.377650e-09 -6.537125e-03 -2.592219e-01 -7.670056e-09 -1.366004e-02 -8.104732e-02
2.483700e+00  2.199376e-11  5.424661e-09 -5.588860e-03 -2.522450e-01 -2.167648e-09 -1.197688e-02 -7.600766e-02
2.527458e+00  6.570080e-12  1.033632e-09 -4.837263e-03 -2.458649e-01 -3.152292e-09 -1.061085e-02 -7.166748e-02
2.567472e+00 -1.245962e-11 -5.555585e-09 -4.239260e-03 -2.400875e-01 -6.577016e-09 -9.500021e-03 -6.793907e-02
2.603732e+00 -2.230848e-11 -9.319246e-09 -3.761800e-03 -2.349055e-01 -8.585966e-09 -8.595252e-03 -6.474582e-02
2.636282e+00 -1.808420e-11 -8.263069e-09 -3.379459e-03 -2.303017e-01 -7.490471e-09 -7.857533e-03 -6.202080e-02
2.665208e+00 -3.989504e-12 -3.648335e-09 -3.072612e-03 -2.262510e-01 -3.982781e-09 -7.255825e-03 -5.970546e-02
2.690643e+00  1.123989e-11  1.672522e-09 -2.826050e-03 -2.227225e-01  1.386006e-11 -6.765357e-03 -5.774846e-02
2.712755e+00  2.014596e-11  5.216052e-09 -2.627919e-03 -2.196812e-01  2.753819e-09 -6.366266e-03 -5.610460e-02
2.731747e+00  1.990353e-11  5.955945e-09 -2.468932e-03 -2.170892e-01  3.485150e-09 -6.042543e-03 -5.473393e-02
2.747846e+00  1.226868e-11  4.309248e-09 -2.341750e-03 -2.149070e-01  2.478423e-09 -5.781189e-03 -5.360094e-02
2.761300e+00  1.390254e-12  1.463989e-09 -2.240527e-03 -2.130940e-01  5.675366e-10 -5.571559e-03 -5.267395e-02
2.772369e+00 -8.643967e-12 -1.365851e-09 -2.160550e-03 -2.116098e-01 -1.379236e-09 -5.404857e-03 -5.192450e-02
2.781321e+00 -1.530388e-11 -3.394983e-09 -2.097973e-03 -2.104143e-01 -2.790175e-09 -5.273732e-03 -5.132697e-02
2.788424e+00 -1.791324e-11 -4.366178e-09 -2.049624e-03 -2.094690e-01 -3.468479e-09 -5.171987e-03 -5.085827e-02
2.793940e+00 -1.714645e-11 -4.415317e-09 -2.012854e-03 -2.087368e-01 -3.500447e-09 -5.094345e-03 -5.049752e-02
2.798121e+00 -1.427885e-11 -3.862699e-09 -1.985431e-03 -2.081830e-01 -3.107833e-09 -5.036287e-03 -5.022599e-02
2.801202e+00 -1.057705e-11 -3.041215e-09 -1.965463e-03 -2.077754e-01 -2.524614e-09 -4.993927e-03 -5.002689e-02
2.803400e+00 -6.971325e-12 -2.202067e-09 -1.951342e-03 -2.074850e-01 -1.928543e-09 -4.963928e-03 -4.988539e-02
2.804909e+00 -3.978200e-12 -1.489683e-09 -1.941709e-03 -2.072858e-01 -1.422246e-09 -4.943443e-03 -4.978852e-02
2.805897e+00 -1.771240e-12 -9.580739e-10 -1.935424e-03 -2.071554e-01 -1.044278e-09 -4.930068e-03 -4.972516e-02
2.806509e+00 -3.039203e-13 -6.022561e-10 -1.931547e-03 -2.070748e-01 -7.912282e-10 -4.921813e-03 -4.968601e-02
2.806861e+00  5.761348e-13 -3.880535e-10 -1.929321e-03 -2.070284e-01 -6.388671e-10 -4.917073e-03 -4.966352e-02
2.807044e+00  1.046373e-12 -2.733734e-10 -1.928160e-03 -2.070042e-01 -5.572883e-10 -4.914600e-03 -4.965178e-02
2.807128e+00  1.263710e-12 -2.203188e-10 -1.927630e-03 -2.069931e-01 -5.195458e-10 -4.913470e-03 -4.964642e-02
2.807159e+00  1.345644e-12 -2.003096e-10 -1.927431e-03 -2.069890e-01 -5.053111e-10 -4.913047e-03 -4.964441e-02
2.807168e+00  1.367970e-12 -1.948565e-10 -1.927377e-03 -2.069879e-01 -5.014317e-10 -4.912931e-03 -4.964386e-02
2.807169e+00  1.371267e-12 -1.940513e-10 -1.927369e-03 -2.069877e-01 -5.008588e-10 -4.912914e-03 -4.964378e-02
2.807169e+00  1.371371e-12 -1.940250e-10 -1.927368e-03 -2.069877e-01 -5.008397e-10 -4.912912e-03 -4.964377e-02
2.807174e+00  1.371283e-12 -1.940174e-10 -1.927340e-03 -2.069871e-01 -5.008210e-10 -4.912853e-03 -4.964348e-02
2.807204e+00  1.370685e-12 -1.939661e-10 -1.927151e-03 -2.069832e-01 -5.006947e-10 -4.912451e-03 -4.964158e-02
2.807313e+00  1.368491e-12 -1.937775e-10 -1.926458e-03 -2.069687e-01 -5.002304e-10 -4.910973e-03 -4.963456e-02
2.807606e+00  1.362653e-12 -1.932757e-10 -1.924609e-03 -2.069301e-01 -4.989946e-10 -4.907036e-03 -4.961586e-02
2.808246e+00  1.349940e-12 -1.921813e-10 -1.920570e-03 -2.068457e-01 -4.962997e-10 -4.898431e-03 -4.957496e-02
2.809473e+00  1.325828e-12 -1.901008e-10 -1.912859e-03 -2.066841e-01 -4.911749e-10 -4.881992e-03 -4.949673e-02
2.811606e+00  1.284627e-12 -1.865300e-10 -1.899520e-03 -2.064033e-01 -4.823753e-10 -4.853535e-03 -4.936100e-02
2.815055e+00  1.219962e-12 -1.808834e-10 -1.878155e-03 -2.059498e-01 -4.684503e-10 -4.807884e-03 -4.914244e-02
2.820318e+00  1.125752e-12 -1.725584e-10 -1.846010e-03 -2.052590e-01 -4.478963e-10 -4.739043e-03 -4.881090e-02
2.827987e+00  9.977811e-13 -1.610404e-10 -1.800165e-03 -2.042554e-01 -4.194093e-10 -4.640530e-03 -4.833228e-02
2.838736e+00  8.357503e-13 -1.460493e-10 -1.737823e-03 -2.028544e-01 -3.822364e-10 -4.505913e-03 -4.767004e-02
2.853321e+00  6.454279e-13 -1.277039e-10 -1.656690e-03 -2.009640e-01 -3.365759e-10 -4.329548e-03 -4.678738e-02
2.872564e+00  4.400970e-13 -1.066633e-10 -1.555438e-03 -1.984890e-01 -2.839277e-10 -4.107476e-03 -4.565014e-02
2.897343e+00  2.402194e-13 -8.417855e-11 -1.434164e-03 -1.953340e-01 -2.272369e-10 -3.838379e-03 -4.423017e-02
2.928573e+00  7.031867e-14 -6.198564e-11 -1.294760e-03 -1.914099e-01 -1.706676e-10 -3.524433e-03 -4.250906e-02
2.967189e+00 -4.712991e-14 -4.200403e-11 -1.141070e-03 -1.866391e-01 -1.189134e-10 -3.171848e-03 -4.048157e-02
3.014123e+00 -9.949729e-14 -2.587829e-11 -9.787374e-04 -1.809631e-01 -7.612296e-11 -2.790877e-03 -3.815844e-02
3.070287e+00 -9.044254e-14 -1.450010e-11 -8.146899e-04 -1.743492e-01 -4.475108e-11 -2.395171e-03 -3.556790e-02
3.136542e+00 -4.113342e-14 -7.717834e-12 -6.563085e-04 -1.667974e-01 -2.481388e-11 -2.000454e-03 -3.275545e-02
3.213683e+00  1.628081e-14 -4.415817e-12 -5.104329e-04 -1.583458e-01 -1.398545e-11 -1.622707e-03 -2.978172e-02
3.302415e+00  5.168395e-14 -2.994197e-12 -3.824260e-04 -1.490743e-01 -8.634948e-12 -1.276186e-03 -2.671836e-02
3.403327e+00  5.063556e-14 -2.054069e-12 -2.755253e-04 -1.391040e-01 -5.387390e-12 -9.717113e-04 -2.364259e-02
3.516879e+00  2.063359e-14 -9.308936e-13 -1.906323e-04 -1.285942e-01 -2.404415e-12 -7.155868e-04 -2.063104e-02
3.643378e+00 -1.495519e-14  2.331448e-13 -1.265561e-04 -1.177344e-01  3.392963e-13 -5.093584e-04 -1.775378e-02
3.782971e+00 -3.260705e-14  9.088633e-13 -8.059391e-05 -1.067335e-01  1.900854e-12 -3.503900e-04 -1.506933e-02
3.935625e+00 -2.398700e-14  7.819703e-13 -4.925230e-05 -9.580635e-02  1.680414e-12 -2.330156e-04 -1.262132e-02
4.101127e+00 -1.258832e-16  8.918711e-14 -2.891663e-05 -8.515986e-02  2.040970e-13 -1.499249e-04 -1.043712e-02
4.279073e+00  1.863159e-14 -5.513864e-13 -1.633897e-05 -7.497996e-02 -1.186854e-12 -9.344981e-05 -8.528139e-03
4.468875e+00  1.894382e-14 -6.423886e-13 -8.901729e-06 -6.542128e-02 -1.399153e-12 -5.652690e-05 -6.891752e-03
4.669759e+00  3.957829e-15 -1.939384e-13 -4.682169e-06 -5.660033e-02 -4.341344e-13 -3.325356e-05 -5.514107e-03
4.880776e+00 -1.134278e-14  3.386588e-13 -2.379210e-06 -4.859280e-02  7.288004e-13 -1.907359e-05 -4.373377e-03
5.100813e+00 -1.407005e-14  4.904048e-13 -1.171553e-06 -4.143457e-02  1.071507e-12 -1.069904e-05 -3.442950e-03
5.328610e+00 -4.037022e-15  1.885422e-13 -5.661897e-07 -3.512588e-02  4.214129e-13 -5.890410e-06 -2.694234e-03
5.562778e+00  7.840321e-15 -2.323099e-13 -2.756465e-07 -2.963759e-02 -4.999212e-13 -3.196359e-06 -2.098859e-03
5.801821e+00  1.068182e-14 -3.788507e-13 -1.371620e-07 -2.491840e-02 -8.299856e-13 -1.716578e-06 -1.630243e-03
6.044160e+00  3.325296e-15 -1.588580e-13 -6.588077e-08 -2.090222e-02 -3.564248e-13 -9.148843e-07 -1.264550e-03
6.288163e+00 -5.998871e-15  1.759700e-13 -2.552595e-08 -1.751481e-02  3.776837e-13 -4.843912e-07 -9.811457e-04
6.532165e+00 -8.451508e-15  3.045765e-13 -5.049387e-09 -1.467940e-02  6.675634e-13 -2.554388e-07 -7.626758e-04
6.774505e+00 -2.712388e-15  1.369839e-13 -1.698820e-10 -1.232090e-02  3.074957e-13 -1.357373e-07 -5.948893e-04
7.013547e+00  4.870365e-15 -1.364934e-13 -4.001961e-09 -1.036891e-02 -2.924178e-13 -7.433894e-08 -4.663143e-04
7.247715e+00  7.108123e-15 -2.557096e-13 -7.738607e-09 -8.759531e-03 -5.611471e-13 -4.245648e-08 -3.678668e-04
7.475513e+00  2.566249e-15 -1.323280e-13 -6.072719e-09 -7.436240e-03 -2.978968e-13 -2.442918e-08 -2.924503e-04
7.695550e+00 -3.952895e-15  9.725071e-14 -1.507441e-10 -6.350075e-03  2.049064e-13 -1.307540e-08 -2.345808e-04
7.906566e+00 -6.491660e-15  2.227559e-13  4.918402e-09 -5.459338e-03  4.866884e-13 -6.074979e-09 -1.900565e-04
8.107450e+00 -3.231382e-15  1.491827e-13  5.233419e-09 -4.729001e-03  3.335830e-13 -2.765683e-09 -1.556788e-04
8.297252e+00  2.561399e-15 -4.241426e-14  1.215825e-09 -4.129959e-03 -8.324893e-14 -2.156328e-09 -1.290242e-04
8.475199e+00  5.940072e-15 -1.877949e-13 -3.424029e-09 -3.638239e-03 -4.061000e-13 -2.623561e-09 -1.082613e-04
8.640700e+00  4.444594e-15 -1.805082e-13 -5.119450e-09 -3.234225e-03 -3.984758e-13 -2.697936e-09 -9.200832e-05
8.793354e+00 -4.001708e-16 -4.133508e-14 -3.047032e-09 -2.901943e-03 -1.001368e-13 -1.829316e-09 -7.922262e-05
8.932947e+00 -4.830125e-15  1.195033e-13  8.603945e-10 -2.628428e-03  2.515801e-13 -4.332710e-10 -6.911639e-05
9.059447e+00 -5.834610e-15  1.943236e-13  3.827183e-09 -2.403174e-03  4.209165e-13  6.891372e-10 -6.109304e-05
9.172998e+00 -3.009868e-15  1.468249e-13  4.216252e-09 -2.217673e-03  3.250224e-13  1.007288e-09 -5.469934e-05
9.273910e+00  1.676139e-15  1.869411e-14  2.242783e-09 -2.065023e-03  5.080945e-14  5.441750e-10 -4.958946e-05
9.362642e+00  5.500108e-15 -1.122349e-13 -6.387771e-10 -1.939615e-03 -2.342771e-13 -2.713876e-10 -4.549814e-05
9.439784e+00  6.616654e-15 -1.824664e-13 -2.867866e-09 -1.836873e-03 -3.916873e-13 -9.470033e-10 -4.222060e-05
9.506039e+00  4.775036e-15 -1.705679e-13 -3.598530e-09 -1.753041e-03 -3.728184e-13 -1.194183e-09 -3.959754e-05
9.562202e+00  1.028928e-15 -9.503540e-14 -2.872487e-09 -1.685021e-03 -2.155312e-13 -9.991772e-10 -3.750397e-05
9.609136e+00 -3.071928e-15  5.858386e-15 -1.302200e-09 -1.630232e-03 -1.249077e-15 -5.348420e-10 -3.584083e-05
9.647752e+00 -6.237496e-15  9.574525e-14  3.841150e-10 -1.586510e-03  1.917818e-13 -2.099610e-11 -3.452875e-05
9.678982e+00 -7.821768e-15  1.529376e-13  1.665700e-09 -1.552021e-03  3.163369e-13  3.793768e-10 -3.350335e-05
9.703762e+00 -7.820316e-15  1.725137e-13  2.335013e-09 -1.525198e-03  3.610695e-13  5.973731e-10 -3.271180e-05
9.723005e+00 -6.641581e-15  1.614676e-13  2.439524e-09 -1.504691e-03  3.403327e-13  6.431926e-10 -3.211019e-05
9.737589e+00 -4.834354e-15  1.318668e-13  2.158800e-09 -1.489336e-03  2.795807e-13  5.693421e-10 -3.166171e-05
9.748339e+00 -2.886730e-15  9.540267e-14  1.693953e-09 -1.478120e-03  2.036654e-13  4.364895e-10 -3.133524e-05
9.756007e+00 -1.130331e-15  6.052801e-14  1.202667e-09 -1.470171e-03  1.306446e-13  2.929388e-10 -3.110443e-05
9.761270e+00  2.699686e-16  3.184368e-14  7.786823e-10 -1.464740e-03  7.041144e-14  1.678210e-10 -3.094700e-05
9.764719e+00  1.279115e-15  1.080135e-14  4.594052e-10 -1.461193e-03  2.615415e-14  7.310900e-11 -3.084429e-05
9.766852e+00  1.941250e-15 -3.148063e-15  2.445925e-10 -1.459003e-03 -3.212010e-15  9.200269e-12 -3.078093e-05
9.768079e+00  2.335419e-15 -1.150077e-14  1.148950e-10 -1.457745e-03 -2.080518e-14 -2.944829e-11 -3.074456e-05
9.768719e+00  2.545191e-15 -1.595993e-14  4.534794e-11 -1.457089e-03 -3.020005e-14 -5.019042e-11 -3.072558e-05
9.769012e+00  2.641954e-15 -1.802001e-14  1.314846e-11 -1.456790e-03 -3.454096e-14 -5.979781e-11 -3.071692e-05
9.769122e+00  2.678402e-15 -1.879650e-14  1.000575e-12 -1.456677e-03 -3.617723e-14 -6.342304e-11 -3.071367e-05
9.769151e+00  2.688330e-15 -1.900807e-14 -2.310446e-12 -1.456647e-03 -3.662308e-14 -6.441119e-11 -3.071278e-05
9.769156e+00  2.689796e-15 -1.903931e-14 -2.799382e-12 -1.456642e-03 -3.668891e-14 -6.455711e-11 -3.071265e-05
9.769157e+00  2.689837e-15 -1.904027e-14 -2.815190e-12 -1.456641e-03 -3.669096e-14 -6.456174e-11 -3.071263e-05
9.769176e+00  2.689631e-15 -1.903895e-14 -2.815049e-12 -1.456622e-03 -3.668848e-14 -6.455890e-11 -3.071206e-05
9.769305e+00  2.688236e-15 -1.902995e-14 -2.814096e-12 -1.456489e-03 -3.667169e-14 -6.453966e-11 -3.070823e-05
9.769782e+00  2.683112e-15 -1.899691e-14 -2.810592e-12 -1.456001e-03 -3.661000e-14 -6.446895e-11 -3.069414e-05
9.771053e+00  2.669485e-15 -1.890904e-14 -2.801270e-12 -1.454701e-03 -3.644591e-14 -6.428081e-11 -3.065661e-05
9.773833e+00  2.639825e-15 -1.871772e-14 -2.780957e-12 -1.451860e-03 -3.608864e-14 -6.387069e-11 -3.057463e-05
9.779159e+00  2.583638e-15 -1.835509e-14 -2.742388e-12 -1.446434e-03 -3.541136e-14 -6.309150e-11 -3.041825e-05
9.788423e+00  2.487835e-15 -1.773615e-14 -2.676348e-12 -1.437046e-03 -3.425504e-14 -6.175575e-11 -3.014818e-05
9.803397e+00  2.338009e-15 -1.676655e-14 -2.572335e-12 -1.421999e-03 -3.244266e-14 -5.964777e-11 -2.971669e-05
9.826253e+00  2.120986e-15 -1.535823e-14 -2.419951e-12 -1.399341e-03 -2.980801e-14 -5.654970e-11 -2.907010e-05
9.859551e+00  1.828807e-15 -1.345415e-14 -2.211151e-12 -1.366984e-03 -2.624112e-14 -5.228403e-11 -2.815344e-05
9.906227e+00  1.463833e-15 -1.106024e-14 -1.943251e-12 -1.322900e-03 -2.174711e-14 -4.677130e-11 -2.691743e-05
9.969557e+00  1.043806e-15 -8.277976e-15 -1.622183e-12 -1.265379e-03 -1.650624e-14 -4.009373e-11 -2.532755e-05
1.005312e+01  6.046852e-16 -5.324306e-15 -1.264929e-12 -1.193343e-03 -1.091114e-14 -3.254621e-11 -2.337407e-05
1.016071e+01  1.984090e-16 -2.521755e-15 -8.996704e-13 -1.106665e-03 -5.549656e-15 -2.464733e-11 -2.108117e-05
1.029632e+01 -1.167441e-16 -2.434644e-16 -5.622252e-13 -1.006440e-03 -1.106083e-15 -1.708339e-11 -1.851237e-05
1.046400e+01 -2.930503e-16  1.187819e-15 -2.883046e-13 -8.951175e-04  1.820909e-15 -1.057405e-11 -1.576940e-05
1.066781e+01 -3.129986e-16  1.622470e-15 -1.030572e-13 -7.764444e-04  2.938961e-15 -5.681759e-12 -1.298289e-05
1.091168e+01 -2.028149e-16  1.176701e-15 -1.162998e-14 -6.551548e-04  2.427967e-15 -2.627955e-12 -1.029517e-05
1.119938e+01 -2.986343e-17  2.337317e-16  4.312529e-15 -5.364469e-04  9.419265e-16 -1.204017e-12 -7.838500e-06
1.153435e+01  1.206813e-16 -6.808581e-16 -1.941788e-14 -4.253211e-04 -6.113035e-16 -8.455548e-13 -5.714198e-06
1.191965e+01  1.829295e-16 -1.118406e-15 -4.412637e-14 -3.259225e-04 -1.452111e-15 -8.661673e-13 -3.978714e-06
1.235784e+01  1.424207e-16 -9.173567e-16 -4.496101e-14 -2.410382e-04 -1.286784e-15 -7.502022e-13 -2.640370e-06
1.285091e+01  4.223646e-17 -2.757450e-16 -2.044545e-14 -1.718648e-04 -4.191251e-16 -3.468238e-13 -1.666827e-06
1.340020e+01 -4.501331e-17  3.801782e-16  1.147308e-14 -1.180801e-04  4.848312e-16  1.527419e-13 -9.994398e-07
1.400635e+01 -6.437985e-17  6.677662e-16  2.881599e-14 -7.816827e-05  8.503307e-16  4.401031e-13 -5.690052e-07
1.466922e+01 -1.337307e-17  4.870338e-16  2.210690e-14 -4.988247e-05  5.608382e-16  3.601957e-13 -3.084160e-07
1.538787e+01  6.143362e-17  5.976972e-17  3.481363e-16 -3.071575e-05 -2.618432e-17  3.318576e-14 -1.603997e-07
1.616056e+01  1.038703e-16 -2.591366e-16 -1.754445e-14 -1.827831e-05 -4.168725e-16 -2.541267e-13 -8.090502e-08
1.698474e+01  9.232227e-17 -2.514936e-16 -1.842276e-14 -1.053316e-05 -3.879863e-16 -2.860251e-13 -3.952435e-08
1.785703e+01  5.252413e-17  2.379268e-17 -4.650624e-15 -5.892407e-06 -1.231481e-16 -8.100413e-14 -1.791328e-08
1.877332e+01  2.961190e-17  3.199716e-16  9.760828e-15 -3.208658e-06  1.877290e-17  1.521652e-13 -6.711179e-09
1.972878e+01  4.584397e-17  4.269750e-16  1.235273e-14 -1.705945e-06 -1.326838e-16  2.130966e-13 -1.709945e-09
2.071794e+01  8.251911e-17  3.299210e-16  2.644448e-15 -8.888558e-07 -4.109039e-16  7.892985e-14 -5.476890e-10
2.173476e+01  1.010765e-16  1.759748e-16 -9.014243e-15 -4.561496e-07 -5.055031e-16 -1.006133e-13 -1.064745e-09
2.277275e+01  8.127967e-17  1.063857e-16 -1.194126e-14 -2.319575e-07 -2.879190e-16 -1.590364e-13 -1.402025e-09
2.382505e+01  3.940533e-17  1.253610e-16 -4.585136e-15 -1.173485e-07  6.051069e-17 -6.318730e-14 -7.748797e-10
2.488458e+01  1.038219e-17  1.224992e-16  5.377171e-15 -5.891841e-08  2.368836e-16  7.645257e-14  3.369717e-10
2.594410e+01  1.317781e-17  7.124086e-18  9.167132e-15 -2.916254e-08  1.196766e-16  1.261583e-13  9.516174e-10
2.699641e+01  3.351564e-17 -1.887519e-16  4.805996e-15 -1.435120e-08 -1.204686e-16  5.300165e-14  6.104587e-10
2.803440e+01  3.922241e-17 -3.362079e-16 -2.267795e-15 -7.396103e-09 -2.033659e-16 -6.017781e-14 -2.486247e-10
2.905122e+01  1.163459e-17 -3.283817e-16 -5.272056e-15 -4.256607e-09 -2.227267e-17 -1.059491e-13 -7.937613e-10
3.004038e+01 -3.708717e-17 -1.735863e-16 -2.320537e-15 -2.593667e-09  2.530782e-16 -5.138664e-14 -5.842262e-10
3.099584e+01 -7.528473e-17  1.880147e-17  2.741983e-15 -1.360005e-09  3.445892e-16  4.400623e-14  1.072317e-10
3.191213e+01 -7.926060e-17  1.345764e-16  4.697493e-15 -4.128734e-10  1.353628e-16  9.343511e-14  6.383205e-10
3.278442e+01 -5.179327e-17  1.402658e-16  1.777834e-15  6.154375e-11 -2.100835e-16  6.032238e-14  5.923604e-10
3.360859e+01 -1.753046e-17  8.981731e-17 -3.270149e-15  3.386963e-11 -3.732102e-16 -1.935408e-14  7.836996e-11
3.438128e+01 -2.151925e-18  6.209367e-17 -6.075712e-15 -2.432435e-10 -1.341444e-16 -7.751789e-14 -4.477884e-10
3.509994e+01 -1.387015e-17  9.266375e-17 -4.377059e-15 -4.309217e-10  4.614307e-16 -7.207361e-14 -5.947066e-10
3.576280e+01 -4.051834e-17  1.538854e-16  5.181578e-16 -3.540946e-10  1.137490e-15 -1.382729e-14 -3.093736e-10
3.636895e+01 -6.119185e-17  1.875439e-16  5.180953e-15 -8.118618e-11  1.573394e-15  5.079851e-14  1.556312e-10
3.691825e+01 -6.130809e-17  1.539606e-16  6.723629e-15  1.875886e-10  1.592187e-15  7.818307e-14  4.781663e-10
3.741132e+01 -4.040405e-17  5.877748e-17  4.546684e-15  2.909515e-10  1.232986e-15  5.516685e-14  4.876247e-10
3.784951e+01 -9.641795e-18 -5.548985e-17  2.527569e-16  2.016172e-10  6.907132e-16  6.154280e-16  2.302173e-10
3.823481e+01  1.666120e-17 -1.389486e-16 -3.719482e-15  7.548065e-12  1.906545e-16 -5.262955e-14 -1.142263e-10
3.856978e+01  2.890752e-17 -1.615081e-16 -5.560326e-15 -1.702453e-10 -1.172709e-16 -7.868984e-14 -3.655332e-10
3.885747e+01  2.544025e-17 -1.230211e-16 -4.802950e-15 -2.514910e-10 -1.976588e-16 -6.969695e-14 -4.333523e-10
3.910135e+01  1.101411e-17 -4.619560e-17 -2.158500e-15 -2.230479e-10 -1.061080e-16 -3.437723e-14 -3.310559e-10
3.930515e+01 -7.066892e-18  3.859840e-17  1.135716e-15 -1.219966e-10  6.345291e-17  1.065759e-14 -1.352623e-10
3.947283e+01 -2.250925e-17  1.067591e-16  3.966447e-15 -1.601524e-12  2.264918e-16  5.000965e-14  6.766032e-11
3.960844e+01 -3.186584e-17  1.459341e-16  5.704089e-15  9.616531e-11  3.329336e-16  7.472191e-14  2.180132e-10
3.971604e+01 -3.460338e-17  1.556268e-16  6.239142e-15  1.518476e-10  3.693474e-16  8.299625e-14  2.935598e-10
3.979960e+01 -3.213155e-17  1.429141e-16  5.818707e-15  1.660098e-10  3.476225e-16  7.804134e-14  3.016924e-10
3.986293e+01 -2.661088e-17  1.175049e-16  4.832823e-15  1.504925e-10  2.904597e-16  6.513992e-14  2.646582e-10
3.990960e+01 -2.005532e-17  8.813080e-17  3.649386e-15  1.198306e-10  2.202029e-16  4.934377e-14  2.066386e-10
3.994290e+01 -1.388591e-17  6.082377e-17  2.530122e-15  8.589983e-11  1.530646e-16  3.427984e-14  1.463166e-10
3.996576e+01 -8.855816e-18  3.870880e-17  1.615027e-15  5.600351e-11  9.786903e-17  2.191025e-14  9.465397e-11
3.998073e+01 -5.184587e-18  2.263141e-17  9.460464e-16  3.324028e-11  5.739040e-17  1.284513e-14  5.590964e-11
3.999000e+01 -2.758143e-18  1.202983e-17  5.034614e-16  1.782971e-11  3.056126e-17  6.839253e-15  2.990246e-11
3.999532e+01 -1.307720e-18  5.701066e-18  2.387538e-16  8.493013e-12  1.449817e-17  3.244259e-15  1.422046e-11
3.999810e+01 -5.341194e-19  2.327958e-18  9.752568e-17  3.477199e-12  5.923294e-18  1.325402e-15  5.817202e-12
3.999937e+01 -1.768897e-19  7.708889e-19  3.230009e-17  1.152839e-12  1.961937e-18  4.389966e-16  1.927907e-12
3.999985e+01 -4.226883e-20  1.842008e-19  7.718431e-18  2.755902e-13  4.688397e-19  1.049053e-16  4.608069e-13
3.999998e+01 -5.590840e-21  2.436372e-20  1.020911e-18  3.645600e-14  6.201362e-20  1.387584e-17  6.095469e-14
4.000000e+01 -1.751495e-22  7.632637e-22  3.198306e-20  1.142110e-15  1.942762e-21  4.347020e-19  1.909605e-15
